subjectID	 order	 runNum	 itemName	 onsetTime	 shuff_trialType	 RT	 respInTime	 AudioTime	 response	 fixationTime	 ladder1	 ladder2	 bidIndex	 itemNameIndex	 bidValue	 
MRI_faces_149	 1	 7	 1035.jpg	 2.438326e+00	 24	 999000	 240	 999000	 999	 3.455686e+00	 750.00	 750.00	 46.00	 7	 0.32	 
MRI_faces_149	 1	 7	 2164.jpg	 7.428641e+00	 12	 999000	 120	 999000	 999	 8.445066e+00	 750.00	 750.00	 9.00	 52	 0.77	 
MRI_faces_149	 1	 7	 2063.jpg	 9.428371e+00	 24	 999000	 240	 999000	 999	 1.044603e+01	 750.00	 750.00	 55.00	 41	 0.20	 
MRI_faces_149	 1	 7	 1210.jpg	 1.242846e+01	 12	 999000	 120	 999000	 999	 1.344511e+01	 750.00	 750.00	 21.00	 25	 0.62	 
MRI_faces_149	 1	 7	 2125.jpg	 1.542848e+01	 12	 999000	 120	 999000	 999	 1.644523e+01	 750.00	 750.00	 4.00	 47	 0.81	 
MRI_faces_149	 1	 7	 2041.jpg	 2.242859e+01	 12	 999000	 120	 999000	 999	 2.344529e+01	 750.00	 750.00	 8.00	 36	 0.78	 
MRI_faces_149	 1	 7	 2248.jpg	 2.442863e+01	 22	 9.896377e+02	 220	 7.519539e+02	 98	 2.544533e+01	 750.00	 766.67	 45.00	 60	 0.32	 
MRI_faces_149	 1	 7	 2089.jpg	 2.842876e+01	 12	 999000	 120	 999000	 999	 2.944535e+01	 750.00	 766.67	 6.00	 42	 0.79	 
MRI_faces_149	 1	 7	 2112.jpg	 3.042880e+01	 24	 999000	 240	 999000	 999	 3.144539e+01	 750.00	 766.67	 43.00	 45	 0.35	 
MRI_faces_149	 1	 7	 1183.jpg	 3.542878e+01	 24	 999000	 240	 999000	 999	 3.644552e+01	 750.00	 766.67	 41.00	 20	 0.37	 
MRI_faces_149	 1	 7	 1262.jpg	 3.942888e+01	 12	 999000	 120	 999000	 999	 4.044551e+01	 750.00	 766.67	 11.00	 30	 0.72	 
MRI_faces_149	 1	 7	 1031.jpg	 4.142893e+01	 11	 9.643289e+02	 110	 7.518511e+02	 98	 4.244556e+01	 766.67	 766.67	 12.00	 6	 0.72	 
MRI_faces_149	 1	 7	 1130.jpg	 4.442898e+01	 24	 999000	 240	 999000	 999	 4.544565e+01	 766.67	 766.67	 48.00	 15	 0.29	 
MRI_faces_149	 1	 7	 2058.jpg	 4.742944e+01	 12	 999000	 120	 999000	 999	 4.844614e+01	 766.67	 766.67	 19.00	 40	 0.64	 
MRI_faces_149	 1	 7	 1204.jpg	 5.143008e+01	 24	 999000	 240	 999000	 999	 5.244692e+01	 766.67	 766.67	 57.00	 24	 0.18	 
MRI_faces_149	 1	 7	 2209.jpg	 5.543073e+01	 11	 9.705499e+02	 110	 7.669268e+02	 98	 5.644759e+01	 783.33	 766.67	 13.00	 55	 0.70	 
MRI_faces_149	 1	 7	 1007.jpg	 5.943148e+01	 12	 999000	 120	 999000	 999	 6.044831e+01	 783.33	 766.67	 5.00	 1	 0.80	 
MRI_faces_149	 1	 7	 2153.jpg	 6.243206e+01	 12	 999000	 120	 999000	 999	 6.344882e+01	 783.33	 766.67	 14.00	 50	 0.70	 
MRI_faces_149	 1	 7	 2053.jpg	 6.543251e+01	 12	 999000	 120	 999000	 999	 6.644938e+01	 783.33	 766.67	 3.00	 39	 0.84	 
MRI_faces_149	 1	 7	 2094.jpg	 6.843315e+01	 12	 999000	 120	 999000	 999	 6.944991e+01	 783.33	 766.67	 22.00	 43	 0.61	 
MRI_faces_149	 1	 7	 1146.jpg	 7.043347e+01	 24	 999000	 240	 999000	 999	 7.145032e+01	 783.33	 766.67	 42.00	 17	 0.36	 
MRI_faces_149	 1	 7	 1192.jpg	 7.343399e+01	 24	 999000	 240	 999000	 999	 7.445076e+01	 783.33	 766.67	 54.00	 22	 0.21	 
MRI_faces_149	 1	 7	 1191.jpg	 7.543436e+01	 24	 999000	 240	 999000	 999	 7.645116e+01	 783.33	 766.67	 58.00	 21	 0.17	 
MRI_faces_149	 1	 7	 2212.jpg	 7.742952e+01	 12	 999000	 120	 999000	 999	 7.844613e+01	 783.33	 766.67	 17.00	 56	 0.67	 
MRI_faces_149	 1	 7	 2043.jpg	 7.943504e+01	 22	 9.502295e+02	 220	 7.670768e+02	 98	 8.045187e+01	 783.33	 783.33	 47.00	 37	 0.32	 
MRI_faces_149	 1	 7	 1202.jpg	 8.243562e+01	 24	 999000	 240	 999000	 999	 8.345239e+01	 783.33	 783.33	 49.00	 23	 0.27	 
MRI_faces_149	 1	 7	 1127.jpg	 8.642956e+01	 24	 999000	 240	 999000	 999	 8.744629e+01	 783.33	 783.33	 56.00	 14	 0.19	 
MRI_faces_149	 1	 7	 2006.jpg	 8.842970e+01	 11	 9.805654e+02	 110	 7.836202e+02	 98	 8.944630e+01	 800.00	 783.33	 7.00	 31	 0.78	 
MRI_faces_149	 1	 7	 2128.jpg	 9.042976e+01	 11	 9.975121e+02	 110	 8.002889e+02	 98	 9.144630e+01	 816.67	 783.33	 15.00	 48	 0.70	 
MRI_faces_149	 1	 7	 2045.jpg	 9.442977e+01	 12	 999000	 120	 999000	 999	 9.544646e+01	 816.67	 783.33	 20.00	 38	 0.63	 
MRI_faces_149	 1	 7	 1216.jpg	 9.642981e+01	 24	 999000	 240	 999000	 999	 9.744636e+01	 816.67	 783.33	 51.00	 26	 0.26	 
MRI_faces_149	 1	 7	 1017.jpg	 9.842975e+01	 22	 9.785092e+02	 220	 7.837185e+02	 98	 9.944641e+01	 816.67	 800.00	 44.00	 3	 0.35	 
MRI_faces_149	 1	 7	 2118.jpg	 1.024299e+02	 11	 1.074417e+03	 1100	 8.169410e+02	 98	 1.034465e+02	 766.67	 800.00	 18.00	 46	 0.65	 
MRI_faces_149	 1	 7	 2039.jpg	 1.064300e+02	 11	 9.803160e+02	 110	 7.669528e+02	 98	 1.074468e+02	 783.33	 800.00	 10.00	 35	 0.76	 
MRI_faces_149	 1	 7	 2218.jpg	 1.084300e+02	 24	 999000	 240	 999000	 999	 1.094465e+02	 783.33	 800.00	 39.00	 57	 0.39	 
MRI_faces_149	 1	 7	 1145.jpg	 1.104301e+02	 22	 1.042164e+03	 2200	 8.002608e+02	 98	 1.114467e+02	 783.33	 750.00	 50.00	 16	 0.26	 
MRI_faces_149	 1	 7	 2110.jpg	 1.124299e+02	 24	 999000	 240	 999000	 999	 1.134468e+02	 783.33	 750.00	 40.00	 44	 0.37	 
MRI_faces_149	 1	 7	 1052.jpg	 1.144301e+02	 22	 9.262030e+02	 220	 7.502579e+02	 98	 1.154466e+02	 783.33	 766.67	 53.00	 9	 0.25	 
MRI_faces_149	 1	 7	 2240.jpg	 1.204299e+02	 12	 999000	 120	 999000	 999	 1.214467e+02	 783.33	 766.67	 16.00	 59	 0.69	 
MRI_faces_149	 1	 7	 1080.jpg	 1.224302e+02	 22	 9.430652e+02	 220	 7.669506e+02	 98	 1.234469e+02	 783.33	 783.33	 52.00	 12	 0.26	 
