subjectID	 order	 runNum	 itemName	 onsetTime	 shuff_trialType	 RT	 respInTime	 AudioTime	 response	 fixationTime	 ladder1	 ladder2	 bidIndex	 itemNameIndex	 bidValue	 
MRI_faces_133	 1	 11	 2194.jpg	 2.412707e+00	 11	 9.871861e+02	 110	 7.523408e+02	 98	 3.429893e+00	 766.68	 683.35	 18.00	 54	 0.68	 
MRI_faces_133	 1	 11	 2010.jpg	 6.406655e+00	 12	 999000	 120	 999000	 999	 7.423536e+00	 766.68	 683.35	 6.00	 32	 0.80	 
MRI_faces_133	 1	 11	 2128.jpg	 8.407088e+00	 12	 999000	 120	 999000	 999	 9.423964e+00	 766.68	 683.35	 20.00	 48	 0.64	 
MRI_faces_133	 1	 11	 1204.jpg	 1.340792e+01	 22	 9.909679e+02	 220	 6.856761e+02	 98	 1.442479e+01	 766.68	 700.02	 47.00	 24	 0.26	 
MRI_faces_133	 1	 11	 2212.jpg	 1.540824e+01	 12	 999000	 120	 999000	 999	 1.642504e+01	 766.68	 700.02	 17.00	 56	 0.68	 
MRI_faces_133	 1	 11	 1027.jpg	 1.739604e+01	 24	 999000	 240	 999000	 999	 1.841275e+01	 766.68	 700.02	 58.00	 5	 0.17	 
MRI_faces_133	 1	 11	 1146.jpg	 2.139605e+01	 24	 999000	 240	 999000	 999	 2.241270e+01	 766.68	 700.02	 46.00	 17	 0.27	 
MRI_faces_133	 1	 11	 1017.jpg	 2.339620e+01	 22	 9.426967e+02	 220	 7.002715e+02	 98	 2.441276e+01	 766.68	 716.68	 52.00	 3	 0.22	 
MRI_faces_133	 1	 11	 2024.jpg	 2.539624e+01	 12	 999000	 120	 999000	 999	 2.641283e+01	 766.68	 716.68	 19.00	 34	 0.65	 
MRI_faces_133	 1	 11	 2153.jpg	 2.839628e+01	 11	 1.100613e+03	 1100	 7.683972e+02	 98	 2.941286e+01	 716.68	 716.68	 12.00	 50	 0.73	 
MRI_faces_133	 1	 11	 2058.jpg	 3.039624e+01	 12	 999000	 120	 999000	 999	 3.141292e+01	 716.68	 716.68	 16.00	 40	 0.69	 
MRI_faces_133	 1	 11	 2043.jpg	 3.439634e+01	 12	 999000	 120	 999000	 999	 3.541302e+01	 716.68	 716.68	 8.00	 37	 0.77	 
MRI_faces_133	 1	 11	 2006.jpg	 4.039637e+01	 11	 1.050527e+03	 1100	 7.170287e+02	 98	 4.141309e+01	 666.68	 716.68	 15.00	 31	 0.72	 
MRI_faces_133	 1	 11	 1050.jpg	 4.339663e+01	 24	 999000	 240	 999000	 999	 4.441336e+01	 666.68	 716.68	 41.00	 8	 0.33	 
MRI_faces_133	 1	 11	 1210.jpg	 4.539701e+01	 24	 999000	 240	 999000	 999	 4.641369e+01	 666.68	 716.68	 43.00	 25	 0.30	 
MRI_faces_133	 1	 11	 1127.jpg	 4.739721e+01	 24	 999000	 240	 999000	 999	 4.841402e+01	 666.68	 716.68	 42.00	 14	 0.32	 
MRI_faces_133	 1	 11	 1191.jpg	 4.939782e+01	 24	 999000	 240	 999000	 999	 5.041444e+01	 666.68	 716.68	 51.00	 21	 0.22	 
MRI_faces_133	 1	 11	 2041.jpg	 5.139798e+01	 12	 999000	 120	 999000	 999	 5.241474e+01	 666.68	 716.68	 21.00	 36	 0.62	 
MRI_faces_133	 1	 11	 1073.jpg	 5.439849e+01	 22	 9.684112e+02	 220	 7.169684e+02	 98	 5.541526e+01	 666.68	 733.35	 50.00	 11	 0.23	 
MRI_faces_133	 1	 11	 1019.jpg	 5.839922e+01	 24	 999000	 240	 999000	 999	 5.941600e+01	 666.68	 733.35	 57.00	 4	 0.18	 
MRI_faces_133	 1	 11	 1150.jpg	 6.139975e+01	 24	 999000	 240	 999000	 999	 6.241663e+01	 666.68	 733.35	 54.00	 18	 0.21	 
MRI_faces_133	 1	 11	 1173.jpg	 6.540042e+01	 22	 1.124471e+03	 2200	 7.336061e+02	 98	 6.641727e+01	 666.68	 683.35	 45.00	 19	 0.28	 
MRI_faces_133	 1	 11	 1060.jpg	 7.040131e+01	 22	 1.008590e+03	 2200	 6.836184e+02	 98	 7.142063e+01	 666.68	 633.35	 44.00	 10	 0.30	 
MRI_faces_133	 1	 11	 2094.jpg	 7.440203e+01	 12	 999000	 120	 999000	 999	 7.541882e+01	 666.68	 633.35	 22.00	 43	 0.61	 
MRI_faces_133	 1	 11	 2118.jpg	 7.740259e+01	 11	 9.043216e+02	 110	 6.669606e+02	 98	 7.841931e+01	 683.34	 633.35	 7.00	 46	 0.77	 
MRI_faces_133	 1	 11	 1080.jpg	 7.940291e+01	 24	 999000	 240	 999000	 999	 8.041966e+01	 683.34	 633.35	 55.00	 12	 0.21	 
MRI_faces_133	 1	 11	 1052.jpg	 8.140325e+01	 24	 999000	 240	 999000	 999	 8.242010e+01	 683.34	 633.35	 49.00	 9	 0.23	 
MRI_faces_133	 1	 11	 2112.jpg	 8.840453e+01	 12	 999000	 120	 999000	 999	 8.942136e+01	 683.34	 633.35	 3.00	 45	 0.89	 
MRI_faces_133	 1	 11	 2248.jpg	 9.140497e+01	 12	 999000	 120	 999000	 999	 9.242186e+01	 683.34	 633.35	 5.00	 60	 0.85	 
MRI_faces_133	 1	 11	 1192.jpg	 9.340531e+01	 24	 999000	 240	 999000	 999	 9.442215e+01	 683.34	 633.35	 48.00	 22	 0.26	 
MRI_faces_133	 1	 11	 1202.jpg	 9.740610e+01	 12	 999000	 120	 999000	 999	 9.842287e+01	 683.34	 633.35	 11.00	 23	 0.73	 
MRI_faces_133	 1	 11	 2089.jpg	 9.940645e+01	 12	 999000	 120	 999000	 999	 1.004233e+02	 683.34	 633.35	 4.00	 42	 0.88	 
MRI_faces_133	 1	 11	 1013.jpg	 1.024069e+02	 24	 999000	 240	 999000	 999	 1.034238e+02	 683.34	 633.35	 39.00	 2	 0.38	 
MRI_faces_133	 1	 11	 1226.jpg	 1.044073e+02	 24	 999000	 240	 999000	 999	 1.054242e+02	 683.34	 633.35	 56.00	 27	 0.19	 
MRI_faces_133	 1	 11	 2149.jpg	 1.084080e+02	 22	 8.648925e+02	 220	 6.336152e+02	 98	 1.094248e+02	 683.34	 650.02	 53.00	 49	 0.21	 
MRI_faces_133	 1	 11	 2218.jpg	 1.104084e+02	 12	 999000	 120	 999000	 999	 1.114252e+02	 683.34	 650.02	 14.00	 57	 0.72	 
MRI_faces_133	 1	 11	 2209.jpg	 1.144090e+02	 11	 9.408966e+02	 110	 6.835932e+02	 98	 1.154259e+02	 700.01	 650.02	 13.00	 55	 0.73	 
MRI_faces_133	 1	 11	 2240.jpg	 1.173976e+02	 11	 9.343277e+02	 110	 7.002981e+02	 98	 1.184142e+02	 716.68	 650.02	 10.00	 59	 0.74	 
MRI_faces_133	 1	 11	 2125.jpg	 1.193976e+02	 12	 999000	 120	 999000	 999	 1.204143e+02	 716.68	 650.02	 9.00	 47	 0.76	 
MRI_faces_133	 1	 11	 1246.jpg	 1.223977e+02	 24	 999000	 240	 999000	 999	 1.234143e+02	 716.68	 650.02	 40.00	 28	 0.36	 
