subjectID	 order	 runNum	 itemName	 onsetTime	 shuff_trialType	 RT	 respInTime	 AudioTime	 response	 fixationTime	 ladder1	 ladder2	 bidIndex	 itemNameIndex	 bidValue	 
MRI_faces_136	 2	 4	 2058.jpg	 1.241995e+02	 24	 999000	 240	 999000	 999	 1.252163e+02	 716.67	 783.33	 42.00	 40	 0.39	 
MRI_faces_136	 2	 4	 2149.jpg	 1.261998e+02	 22	 9.716915e+02	 220	 7.836685e+02	 98	 1.272166e+02	 716.67	 800.00	 51.00	 49	 0.28	 
MRI_faces_136	 2	 4	 2063.jpg	 1.292003e+02	 12	 999000	 120	 999000	 999	 1.302171e+02	 716.67	 800.00	 13.00	 41	 0.68	 
MRI_faces_136	 2	 4	 2209.jpg	 1.322009e+02	 12	 999000	 120	 999000	 999	 1.332176e+02	 716.67	 800.00	 10.00	 55	 0.73	 
MRI_faces_136	 2	 4	 1210.jpg	 1.342012e+02	 24	 999000	 240	 999000	 999	 1.352181e+02	 716.67	 800.00	 40.00	 25	 0.41	 
MRI_faces_136	 2	 4	 1150.jpg	 1.382020e+02	 24	 999000	 240	 999000	 999	 1.392187e+02	 716.67	 800.00	 52.00	 18	 0.27	 
MRI_faces_136	 2	 4	 1035.jpg	 1.432029e+02	 12	 999000	 120	 999000	 999	 1.442196e+02	 716.67	 800.00	 6.00	 7	 0.81	 
MRI_faces_136	 2	 4	 1146.jpg	 1.452031e+02	 12	 999000	 120	 999000	 999	 1.462200e+02	 716.67	 800.00	 20.00	 17	 0.58	 
MRI_faces_136	 2	 4	 2110.jpg	 1.482037e+02	 24	 999000	 240	 999000	 999	 1.492205e+02	 716.67	 800.00	 56.00	 44	 0.16	 
MRI_faces_136	 2	 4	 1073.jpg	 1.502041e+02	 12	 999000	 120	 999000	 999	 1.512208e+02	 716.67	 800.00	 15.00	 11	 0.66	 
MRI_faces_136	 2	 4	 2240.jpg	 1.562051e+02	 24	 999000	 240	 999000	 999	 1.572220e+02	 716.67	 800.00	 55.00	 59	 0.23	 
MRI_faces_136	 2	 4	 1202.jpg	 1.592056e+02	 11	 9.369442e+02	 110	 7.169529e+02	 98	 1.602224e+02	 733.34	 800.00	 14.00	 23	 0.67	 
MRI_faces_136	 2	 4	 2094.jpg	 1.642065e+02	 22	 1.034074e+03	 2200	 8.002796e+02	 98	 1.652233e+02	 733.34	 750.00	 48.00	 43	 0.34	 
MRI_faces_136	 2	 4	 2248.jpg	 1.662069e+02	 12	 999000	 120	 999000	 999	 1.672236e+02	 733.34	 750.00	 7.00	 60	 0.80	 
MRI_faces_136	 2	 4	 2015.jpg	 1.682072e+02	 12	 999000	 120	 999000	 999	 1.692240e+02	 733.34	 750.00	 4.00	 33	 0.85	 
MRI_faces_136	 2	 4	 1060.jpg	 1.721982e+02	 24	 999000	 240	 999000	 999	 1.732150e+02	 733.34	 750.00	 53.00	 10	 0.26	 
MRI_faces_136	 2	 4	 1183.jpg	 1.742082e+02	 12	 999000	 120	 999000	 999	 1.752250e+02	 733.34	 750.00	 21.00	 20	 0.57	 
MRI_faces_136	 2	 4	 2039.jpg	 1.771984e+02	 11	 9.551664e+02	 110	 7.336126e+02	 98	 1.782150e+02	 750.00	 750.00	 16.00	 35	 0.65	 
MRI_faces_136	 2	 4	 2010.jpg	 1.801984e+02	 22	 1.028181e+03	 2200	 7.502685e+02	 98	 1.812150e+02	 750.00	 700.00	 46.00	 32	 0.35	 
MRI_faces_136	 2	 4	 2128.jpg	 1.831986e+02	 11	 1.007014e+03	 1100	 7.503215e+02	 98	 1.842161e+02	 700.00	 700.00	 17.00	 48	 0.65	 
MRI_faces_136	 2	 4	 2041.jpg	 1.851987e+02	 24	 999000	 240	 999000	 999	 1.862151e+02	 700.00	 700.00	 45.00	 36	 0.36	 
MRI_faces_136	 2	 4	 2155.jpg	 1.891986e+02	 24	 999000	 240	 999000	 999	 1.902152e+02	 700.00	 700.00	 57.00	 51	 0.13	 
MRI_faces_136	 2	 4	 2043.jpg	 1.911985e+02	 11	 9.400096e+02	 110	 7.003036e+02	 98	 1.922152e+02	 716.67	 700.00	 8.00	 37	 0.79	 
MRI_faces_136	 2	 4	 1191.jpg	 1.931986e+02	 12	 999000	 120	 999000	 999	 1.942152e+02	 716.67	 700.00	 5.00	 21	 0.82	 
MRI_faces_136	 2	 4	 2045.jpg	 1.951987e+02	 22	 8.909393e+02	 220	 7.002562e+02	 98	 1.962153e+02	 716.67	 716.66	 54.00	 38	 0.25	 
MRI_faces_136	 2	 4	 1246.jpg	 1.971987e+02	 24	 999000	 240	 999000	 999	 1.982153e+02	 716.67	 716.66	 41.00	 28	 0.40	 
MRI_faces_136	 2	 4	 1192.jpg	 2.011987e+02	 22	 9.028024e+02	 220	 7.170237e+02	 98	 2.022154e+02	 716.67	 733.33	 43.00	 22	 0.38	 
MRI_faces_136	 2	 4	 1262.jpg	 2.051988e+02	 24	 999000	 240	 999000	 999	 2.062154e+02	 716.67	 733.33	 44.00	 30	 0.37	 
MRI_faces_136	 2	 4	 2229.jpg	 2.091989e+02	 11	 8.907255e+02	 110	 7.169528e+02	 98	 2.102155e+02	 733.34	 733.33	 11.00	 58	 0.69	 
MRI_faces_136	 2	 4	 2181.jpg	 2.121988e+02	 12	 999000	 120	 999000	 999	 2.132155e+02	 733.34	 733.33	 12.00	 53	 0.69	 
MRI_faces_136	 2	 4	 1052.jpg	 2.141989e+02	 12	 999000	 120	 999000	 999	 2.152156e+02	 733.34	 733.33	 22.00	 9	 0.56	 
MRI_faces_136	 2	 4	 2118.jpg	 2.161989e+02	 12	 999000	 120	 999000	 999	 2.172158e+02	 733.34	 733.33	 3.00	 46	 0.85	 
MRI_faces_136	 2	 4	 1017.jpg	 2.181993e+02	 24	 999000	 240	 999000	 999	 2.192161e+02	 733.34	 733.33	 58.00	 3	 0.13	 
MRI_faces_136	 2	 4	 2212.jpg	 2.201997e+02	 11	 9.598496e+02	 110	 7.336075e+02	 98	 2.212164e+02	 750.00	 733.33	 9.00	 56	 0.76	 
MRI_faces_136	 2	 4	 2218.jpg	 2.242003e+02	 24	 999000	 240	 999000	 999	 2.252171e+02	 750.00	 733.33	 39.00	 57	 0.43	 
MRI_faces_136	 2	 4	 1050.jpg	 2.262009e+02	 24	 999000	 240	 999000	 999	 2.272175e+02	 750.00	 733.33	 47.00	 8	 0.34	 
MRI_faces_136	 2	 4	 1216.jpg	 2.332020e+02	 12	 999000	 120	 999000	 999	 2.342188e+02	 750.00	 733.33	 18.00	 26	 0.61	 
MRI_faces_136	 2	 4	 2194.jpg	 2.372026e+02	 24	 999000	 240	 999000	 999	 2.382195e+02	 750.00	 733.33	 50.00	 54	 0.30	 
MRI_faces_136	 2	 4	 1127.jpg	 2.402031e+02	 22	 8.944367e+02	 220	 7.335952e+02	 98	 2.412200e+02	 750.00	 750.00	 49.00	 14	 0.31	 
MRI_faces_136	 2	 4	 2153.jpg	 2.442039e+02	 12	 999000	 120	 999000	 999	 2.452207e+02	 750.00	 750.00	 19.00	 50	 0.59	 
