subjectID	 order	 runNum	 itemName	 onsetTime	 shuff_trialType	 RT	 respInTime	 AudioTime	 response	 fixationTime	 ladder1	 ladder2	 bidIndex	 itemNameIndex	 bidValue	 
MRI_faces_137	 1	 7	 1130.jpg	 2.414140e+00	 24	 999000	 240	 999000	 999	 3.431532e+00	 750.01	 750.00	 56.00	 15	 0.20	 
MRI_faces_137	 1	 7	 1052.jpg	 5.408061e+00	 24	 999000	 240	 999000	 999	 6.424757e+00	 750.01	 750.00	 49.00	 9	 0.25	 
MRI_faces_137	 1	 7	 1150.jpg	 9.408224e+00	 22	 9.861668e+02	 220	 7.518574e+02	 98	 1.042574e+01	 750.01	 766.67	 45.00	 18	 0.31	 
MRI_faces_137	 1	 7	 2094.jpg	 1.240812e+01	 24	 999000	 240	 999000	 999	 1.342480e+01	 750.01	 766.67	 41.00	 43	 0.32	 
MRI_faces_137	 1	 7	 1127.jpg	 1.640837e+01	 24	 999000	 240	 999000	 999	 1.742489e+01	 750.01	 766.67	 54.00	 14	 0.21	 
MRI_faces_137	 1	 7	 1050.jpg	 1.940834e+01	 22	 1.017006e+03	 2200	 7.669195e+02	 98	 2.042494e+01	 750.01	 716.67	 50.00	 8	 0.24	 
MRI_faces_137	 1	 7	 1080.jpg	 2.140830e+01	 22	 9.100774e+02	 220	 7.169264e+02	 98	 2.242509e+01	 750.01	 733.33	 53.00	 12	 0.23	 
MRI_faces_137	 1	 7	 2053.jpg	 2.440842e+01	 11	 9.209619e+02	 110	 7.517216e+02	 98	 2.542497e+01	 766.68	 733.33	 10.00	 39	 0.76	 
MRI_faces_137	 1	 7	 2089.jpg	 2.740845e+01	 12	 999000	 120	 999000	 999	 2.842508e+01	 766.68	 733.33	 5.00	 42	 0.83	 
MRI_faces_137	 1	 7	 1262.jpg	 3.240843e+01	 24	 999000	 240	 999000	 999	 3.342511e+01	 766.68	 733.33	 55.00	 30	 0.20	 
MRI_faces_137	 1	 7	 1204.jpg	 3.440856e+01	 22	 8.888078e+02	 220	 7.335888e+02	 98	 3.542522e+01	 766.68	 750.00	 52.00	 24	 0.24	 
MRI_faces_137	 1	 7	 2058.jpg	 3.640854e+01	 12	 999000	 120	 999000	 999	 3.742523e+01	 766.68	 750.00	 19.00	 40	 0.66	 
MRI_faces_137	 1	 7	 1173.jpg	 4.040858e+01	 24	 999000	 240	 999000	 999	 4.142521e+01	 766.68	 750.00	 46.00	 19	 0.27	 
MRI_faces_137	 1	 7	 1202.jpg	 4.740876e+01	 24	 999000	 240	 999000	 999	 4.842531e+01	 766.68	 750.00	 39.00	 23	 0.39	 
MRI_faces_137	 1	 7	 1226.jpg	 4.940878e+01	 22	 9.375992e+02	 220	 7.502780e+02	 98	 5.042543e+01	 766.68	 766.67	 44.00	 27	 0.32	 
MRI_faces_137	 1	 7	 2006.jpg	 5.140885e+01	 11	 9.775391e+02	 110	 7.669718e+02	 98	 5.242544e+01	 783.34	 766.67	 13.00	 31	 0.71	 
MRI_faces_137	 1	 7	 2024.jpg	 5.340880e+01	 12	 999000	 120	 999000	 999	 5.442546e+01	 783.34	 766.67	 11.00	 34	 0.73	 
MRI_faces_137	 1	 7	 2240.jpg	 5.540882e+01	 12	 999000	 120	 999000	 999	 5.642544e+01	 783.34	 766.67	 14.00	 59	 0.70	 
MRI_faces_137	 1	 7	 2209.jpg	 5.740887e+01	 11	 1.029507e+03	 1100	 7.836111e+02	 98	 5.842557e+01	 733.34	 766.67	 7.00	 55	 0.81	 
MRI_faces_137	 1	 7	 1019.jpg	 6.040899e+01	 24	 999000	 240	 999000	 999	 6.142562e+01	 733.34	 766.67	 51.00	 4	 0.24	 
MRI_faces_137	 1	 7	 1073.jpg	 6.240895e+01	 12	 999000	 120	 999000	 999	 6.342557e+01	 733.34	 766.67	 21.00	 11	 0.63	 
MRI_faces_137	 1	 7	 1114.jpg	 6.440905e+01	 11	 9.083154e+02	 110	 7.336194e+02	 98	 6.542558e+01	 750.01	 766.67	 18.00	 13	 0.66	 
MRI_faces_137	 1	 7	 1060.jpg	 6.840910e+01	 24	 999000	 240	 999000	 999	 6.942564e+01	 750.01	 766.67	 48.00	 10	 0.26	 
MRI_faces_137	 1	 7	 1191.jpg	 7.240952e+01	 12	 999000	 120	 999000	 999	 7.342640e+01	 750.01	 766.67	 22.00	 21	 0.63	 
MRI_faces_137	 1	 7	 1145.jpg	 7.841057e+01	 24	 999000	 240	 999000	 999	 7.942743e+01	 750.01	 766.67	 42.00	 16	 0.32	 
MRI_faces_137	 1	 7	 1017.jpg	 8.041088e+01	 22	 1.206506e+03	 2200	 7.670022e+02	 98	 8.142780e+01	 750.01	 716.67	 47.00	 3	 0.27	 
MRI_faces_137	 1	 7	 2181.jpg	 8.241128e+01	 12	 999000	 120	 999000	 999	 8.342816e+01	 750.01	 716.67	 9.00	 53	 0.77	 
MRI_faces_137	 1	 7	 2164.jpg	 8.441159e+01	 11	 9.857822e+02	 110	 7.502710e+02	 98	 8.542852e+01	 766.68	 716.67	 15.00	 52	 0.69	 
MRI_faces_137	 1	 7	 2118.jpg	 8.841230e+01	 12	 999000	 120	 999000	 999	 8.942911e+01	 766.68	 716.67	 8.00	 46	 0.78	 
MRI_faces_137	 1	 7	 2212.jpg	 9.041268e+01	 12	 999000	 120	 999000	 999	 9.142952e+01	 766.68	 716.67	 4.00	 56	 0.85	 
MRI_faces_137	 1	 7	 2045.jpg	 9.241306e+01	 12	 999000	 120	 999000	 999	 9.342985e+01	 766.68	 716.67	 20.00	 38	 0.66	 
MRI_faces_137	 1	 7	 2112.jpg	 9.441334e+01	 12	 999000	 120	 999000	 999	 9.543023e+01	 766.68	 716.67	 6.00	 45	 0.83	 
MRI_faces_137	 1	 7	 2110.jpg	 9.841409e+01	 12	 999000	 120	 999000	 999	 9.943110e+01	 766.68	 716.67	 17.00	 44	 0.67	 
MRI_faces_137	 1	 7	 1246.jpg	 1.024096e+02	 24	 999000	 240	 999000	 999	 1.034262e+02	 766.68	 716.67	 40.00	 28	 0.32	 
MRI_faces_137	 1	 7	 2229.jpg	 1.054097e+02	 11	 9.476470e+02	 110	 7.669622e+02	 98	 1.064262e+02	 783.34	 716.67	 12.00	 58	 0.72	 
MRI_faces_137	 1	 7	 2010.jpg	 1.104097e+02	 12	 999000	 120	 999000	 999	 1.114262e+02	 783.34	 716.67	 16.00	 32	 0.69	 
MRI_faces_137	 1	 7	 1183.jpg	 1.124097e+02	 24	 999000	 240	 999000	 999	 1.134264e+02	 783.34	 716.67	 57.00	 20	 0.14	 
MRI_faces_137	 1	 7	 1192.jpg	 1.154098e+02	 24	 999000	 240	 999000	 999	 1.164264e+02	 783.34	 716.67	 58.00	 22	 0.13	 
MRI_faces_137	 1	 7	 2039.jpg	 1.194099e+02	 12	 999000	 120	 999000	 999	 1.204264e+02	 783.34	 716.67	 3.00	 35	 0.87	 
MRI_faces_137	 1	 7	 1146.jpg	 1.224098e+02	 24	 999000	 240	 999000	 999	 1.234265e+02	 783.34	 716.67	 43.00	 17	 0.32	 
