subjectID	 order	 runNum	 itemName	 onsetTime	 shuff_trialType	 RT	 respInTime	 AudioTime	 response	 fixationTime	 ladder1	 ladder2	 bidIndex	 itemNameIndex	 bidValue	 
MRI_faces_128	 2	 9	 1035.jpg	 2.406350e+00	 12	 999000	 120	 999000	 999	 3.423584e+00	 683.34	 749.99	 6.00	 7	 0.78	 
MRI_faces_128	 2	 9	 2010.jpg	 4.396509e+00	 24	 999000	 240	 999000	 999	 5.413361e+00	 683.34	 749.99	 41.00	 32	 0.35	 
MRI_faces_128	 2	 9	 2041.jpg	 7.397089e+00	 24	 999000	 240	 999000	 999	 8.414814e+00	 683.34	 749.99	 52.00	 36	 0.27	 
MRI_faces_128	 2	 9	 1246.jpg	 1.039723e+01	 24	 999000	 240	 999000	 999	 1.141440e+01	 683.34	 749.99	 42.00	 28	 0.35	 
MRI_faces_128	 2	 9	 2043.jpg	 1.239788e+01	 22	 9.894272e+02	 220	 7.519015e+02	 98	 1.341471e+01	 683.34	 766.66	 54.00	 37	 0.23	 
MRI_faces_128	 2	 9	 2125.jpg	 1.639856e+01	 24	 999000	 240	 999000	 999	 1.741541e+01	 683.34	 766.66	 50.00	 47	 0.29	 
MRI_faces_128	 2	 9	 1204.jpg	 2.139949e+01	 24	 999000	 240	 999000	 999	 2.241647e+01	 683.34	 766.66	 47.00	 24	 0.31	 
MRI_faces_128	 2	 9	 2181.jpg	 2.339981e+01	 12	 999000	 120	 999000	 999	 2.441668e+01	 683.34	 766.66	 3.00	 53	 0.83	 
MRI_faces_128	 2	 9	 2155.jpg	 2.640041e+01	 24	 999000	 240	 999000	 999	 2.741725e+01	 683.34	 766.66	 45.00	 51	 0.33	 
MRI_faces_128	 2	 9	 2212.jpg	 2.840068e+01	 22	 1.006642e+03	 2200	 7.669420e+02	 98	 2.942109e+01	 683.34	 716.66	 49.00	 56	 0.30	 
MRI_faces_128	 2	 9	 1202.jpg	 3.440178e+01	 12	 999000	 120	 999000	 999	 3.541862e+01	 683.34	 716.66	 20.00	 23	 0.65	 
MRI_faces_128	 2	 9	 2094.jpg	 3.740227e+01	 24	 999000	 240	 999000	 999	 3.841938e+01	 683.34	 716.66	 39.00	 43	 0.38	 
MRI_faces_128	 2	 9	 1150.jpg	 4.239015e+01	 22	 7.681513e+02	 220	 7.169232e+02	 98	 4.340684e+01	 683.34	 733.32	 48.00	 18	 0.31	 
MRI_faces_128	 2	 9	 1262.jpg	 4.439020e+01	 11	 9.251206e+02	 110	 6.851389e+02	 98	 4.540683e+01	 700.01	 733.32	 9.00	 30	 0.75	 
MRI_faces_128	 2	 9	 1027.jpg	 4.639014e+01	 11	 9.061918e+02	 110	 7.002715e+02	 98	 4.740697e+01	 716.67	 733.32	 11.00	 5	 0.74	 
MRI_faces_128	 2	 9	 2164.jpg	 5.039029e+01	 24	 999000	 240	 999000	 999	 5.140693e+01	 716.67	 733.32	 44.00	 52	 0.33	 
MRI_faces_128	 2	 9	 1114.jpg	 5.239033e+01	 12	 999000	 120	 999000	 999	 5.340697e+01	 716.67	 733.32	 13.00	 13	 0.72	 
MRI_faces_128	 2	 9	 1173.jpg	 5.539035e+01	 24	 999000	 240	 999000	 999	 5.640695e+01	 716.67	 733.32	 53.00	 19	 0.26	 
MRI_faces_128	 2	 9	 1013.jpg	 5.839039e+01	 22	 9.619123e+02	 220	 7.336947e+02	 98	 5.940705e+01	 716.67	 749.99	 46.00	 2	 0.32	 
MRI_faces_128	 2	 9	 1210.jpg	 6.139048e+01	 12	 999000	 120	 999000	 999	 6.240703e+01	 716.67	 749.99	 10.00	 25	 0.74	 
MRI_faces_128	 2	 9	 2006.jpg	 6.339048e+01	 11	 9.778269e+02	 110	 7.169734e+02	 98	 6.440711e+01	 733.34	 749.99	 17.00	 31	 0.67	 
MRI_faces_128	 2	 9	 1183.jpg	 6.739100e+01	 22	 9.113066e+02	 220	 7.502564e+02	 98	 6.840770e+01	 733.34	 766.66	 51.00	 20	 0.29	 
MRI_faces_128	 2	 9	 1255.jpg	 6.939124e+01	 12	 999000	 120	 999000	 999	 7.040808e+01	 733.34	 766.66	 18.00	 29	 0.67	 
MRI_faces_128	 2	 9	 2149.jpg	 7.139161e+01	 22	 9.566999e+02	 220	 7.669284e+02	 98	 7.240839e+01	 733.34	 783.32	 43.00	 49	 0.33	 
MRI_faces_128	 2	 9	 2118.jpg	 7.339202e+01	 12	 999000	 120	 999000	 999	 7.440880e+01	 733.34	 783.32	 21.00	 46	 0.63	 
MRI_faces_128	 2	 9	 2112.jpg	 7.539234e+01	 11	 9.529663e+02	 110	 7.335966e+02	 98	 7.640919e+01	 750.01	 783.32	 14.00	 45	 0.70	 
MRI_faces_128	 2	 9	 1031.jpg	 7.939313e+01	 12	 999000	 120	 999000	 999	 8.040983e+01	 750.01	 783.32	 7.00	 6	 0.76	 
MRI_faces_128	 2	 9	 1080.jpg	 8.339367e+01	 24	 999000	 240	 999000	 999	 8.441051e+01	 750.01	 783.32	 58.00	 12	 0.17	 
MRI_faces_128	 2	 9	 1017.jpg	 8.739448e+01	 12	 999000	 120	 999000	 999	 8.841136e+01	 750.01	 783.32	 15.00	 3	 0.69	 
MRI_faces_128	 2	 9	 1007.jpg	 9.039492e+01	 24	 999000	 240	 999000	 999	 9.141174e+01	 750.01	 783.32	 55.00	 1	 0.23	 
MRI_faces_128	 2	 9	 1192.jpg	 9.239529e+01	 24	 999000	 240	 999000	 999	 9.341211e+01	 750.01	 783.32	 57.00	 22	 0.20	 
MRI_faces_128	 2	 9	 2045.jpg	 9.439570e+01	 24	 999000	 240	 999000	 999	 9.541245e+01	 750.01	 783.32	 40.00	 38	 0.36	 
MRI_faces_128	 2	 9	 2015.jpg	 9.639603e+01	 12	 999000	 120	 999000	 999	 9.741288e+01	 750.01	 783.32	 19.00	 33	 0.67	 
MRI_faces_128	 2	 9	 1216.jpg	 9.839635e+01	 12	 999000	 120	 999000	 999	 9.941321e+01	 750.01	 783.32	 5.00	 26	 0.80	 
MRI_faces_128	 2	 9	 2153.jpg	 1.023971e+02	 11	 9.632103e+02	 110	 7.502920e+02	 98	 1.034139e+02	 766.67	 783.32	 8.00	 50	 0.76	 
MRI_faces_128	 2	 9	 2229.jpg	 1.043974e+02	 12	 999000	 120	 999000	 999	 1.054143e+02	 766.67	 783.32	 12.00	 58	 0.73	 
MRI_faces_128	 2	 9	 1019.jpg	 1.113987e+02	 12	 999000	 120	 999000	 999	 1.124155e+02	 766.67	 783.32	 4.00	 4	 0.82	 
MRI_faces_128	 2	 9	 1130.jpg	 1.153993e+02	 24	 999000	 240	 999000	 999	 1.164162e+02	 766.67	 783.32	 56.00	 15	 0.21	 
MRI_faces_128	 2	 9	 1145.jpg	 1.184000e+02	 12	 999000	 120	 999000	 999	 1.194167e+02	 766.67	 783.32	 22.00	 16	 0.62	 
MRI_faces_128	 2	 9	 1073.jpg	 1.224006e+02	 11	 9.936716e+02	 110	 7.669889e+02	 98	 1.234174e+02	 783.34	 783.32	 16.00	 11	 0.68	 
