subjectID	 order	 runNum	 itemName	 onsetTime	 shuff_trialType	 RT	 respInTime	 AudioTime	 response	 fixationTime	 ladder1	 ladder2	 bidIndex	 itemNameIndex	 bidValue	 
MRI_faces_146	 2	 7	 1031.jpg	 2.439056e+00	 12	 999000	 120	 999000	 999	 3.456427e+00	 483.35	 550.00	 22.00	 6	 0.62	 
MRI_faces_146	 2	 7	 1080.jpg	 4.428919e+00	 12	 999000	 120	 999000	 999	 5.445785e+00	 483.35	 550.00	 13.00	 12	 0.75	 
MRI_faces_146	 2	 7	 1019.jpg	 7.428925e+00	 22	 9.970614e+02	 220	 5.518709e+02	 98	 8.446545e+00	 483.35	 566.67	 54.00	 4	 0.21	 
MRI_faces_146	 2	 7	 2181.jpg	 1.042902e+01	 11	 8.379885e+02	 110	 4.850014e+02	 98	 1.144561e+01	 500.02	 566.67	 11.00	 53	 0.76	 
MRI_faces_146	 2	 7	 2053.jpg	 1.242906e+01	 12	 999000	 120	 999000	 999	 1.344576e+01	 500.02	 566.67	 20.00	 39	 0.62	 
MRI_faces_146	 2	 7	 1130.jpg	 1.642909e+01	 24	 999000	 240	 999000	 999	 1.744573e+01	 500.02	 566.67	 40.00	 15	 0.38	 
MRI_faces_146	 2	 7	 2153.jpg	 2.142924e+01	 11	 8.487456e+02	 110	 5.002945e+02	 98	 2.244580e+01	 516.68	 566.67	 8.00	 50	 0.80	 
MRI_faces_146	 2	 7	 1146.jpg	 2.342924e+01	 24	 999000	 240	 999000	 999	 2.444595e+01	 516.68	 566.67	 39.00	 17	 0.39	 
MRI_faces_146	 2	 7	 2010.jpg	 2.642935e+01	 12	 999000	 120	 999000	 999	 2.744589e+01	 516.68	 566.67	 10.00	 32	 0.78	 
MRI_faces_146	 2	 7	 2240.jpg	 2.842925e+01	 11	 1.046718e+03	 1100	 5.169398e+02	 98	 2.944590e+01	 466.68	 566.67	 9.00	 59	 0.79	 
MRI_faces_146	 2	 7	 2063.jpg	 3.442937e+01	 12	 999000	 120	 999000	 999	 3.544601e+01	 466.68	 566.67	 21.00	 41	 0.62	 
MRI_faces_146	 2	 7	 2128.jpg	 3.742950e+01	 12	 999000	 120	 999000	 999	 3.844613e+01	 466.68	 566.67	 15.00	 48	 0.72	 
MRI_faces_146	 2	 7	 2194.jpg	 4.242957e+01	 24	 999000	 240	 999000	 999	 4.344615e+01	 466.68	 566.67	 53.00	 54	 0.23	 
MRI_faces_146	 2	 7	 2229.jpg	 4.442951e+01	 12	 999000	 120	 999000	 999	 4.544638e+01	 466.68	 566.67	 5.00	 58	 0.82	 
MRI_faces_146	 2	 7	 2218.jpg	 4.642988e+01	 11	 7.840842e+02	 110	 4.669548e+02	 98	 4.744675e+01	 483.35	 566.67	 16.00	 57	 0.72	 
MRI_faces_146	 2	 7	 2006.jpg	 5.043061e+01	 12	 999000	 120	 999000	 999	 5.144747e+01	 483.35	 566.67	 3.00	 31	 0.85	 
MRI_faces_146	 2	 7	 1226.jpg	 5.243106e+01	 24	 999000	 240	 999000	 999	 5.344777e+01	 483.35	 566.67	 58.00	 27	 0.13	 
MRI_faces_146	 2	 7	 2089.jpg	 5.543148e+01	 12	 999000	 120	 999000	 999	 5.644834e+01	 483.35	 566.67	 6.00	 42	 0.82	 
MRI_faces_146	 2	 7	 1204.jpg	 5.843206e+01	 24	 999000	 240	 999000	 999	 5.944883e+01	 483.35	 566.67	 42.00	 24	 0.36	 
MRI_faces_146	 2	 7	 1027.jpg	 6.143255e+01	 22	 9.884625e+02	 220	 5.669239e+02	 98	 6.244936e+01	 483.35	 583.33	 48.00	 5	 0.28	 
MRI_faces_146	 2	 7	 1255.jpg	 6.343292e+01	 12	 999000	 120	 999000	 999	 6.444974e+01	 483.35	 583.33	 18.00	 29	 0.65	 
MRI_faces_146	 2	 7	 2248.jpg	 6.743359e+01	 12	 999000	 120	 999000	 999	 6.845042e+01	 483.35	 583.33	 7.00	 60	 0.81	 
MRI_faces_146	 2	 7	 2118.jpg	 6.943394e+01	 12	 999000	 120	 999000	 999	 7.045081e+01	 483.35	 583.33	 19.00	 46	 0.65	 
MRI_faces_146	 2	 7	 2125.jpg	 7.143432e+01	 12	 999000	 120	 999000	 999	 7.245109e+01	 483.35	 583.33	 4.00	 47	 0.83	 
MRI_faces_146	 2	 7	 1060.jpg	 7.343464e+01	 24	 999000	 240	 999000	 999	 7.445142e+01	 483.35	 583.33	 41.00	 10	 0.36	 
MRI_faces_146	 2	 7	 2094.jpg	 7.543504e+01	 24	 999000	 240	 999000	 999	 7.645182e+01	 483.35	 583.33	 52.00	 43	 0.23	 
MRI_faces_146	 2	 7	 1192.jpg	 7.943572e+01	 24	 999000	 240	 999000	 999	 8.045261e+01	 483.35	 583.33	 57.00	 22	 0.16	 
MRI_faces_146	 2	 7	 2045.jpg	 8.343644e+01	 22	 8.075231e+02	 220	 5.836617e+02	 98	 8.445336e+01	 483.35	 600.00	 49.00	 38	 0.28	 
MRI_faces_146	 2	 7	 1183.jpg	 8.743020e+01	 24	 999000	 240	 999000	 999	 8.844689e+01	 483.35	 600.00	 44.00	 20	 0.34	 
MRI_faces_146	 2	 7	 2058.jpg	 9.043029e+01	 12	 999000	 120	 999000	 999	 9.144690e+01	 483.35	 600.00	 12.00	 40	 0.75	 
MRI_faces_146	 2	 7	 2149.jpg	 9.243033e+01	 24	 999000	 240	 999000	 999	 9.344695e+01	 483.35	 600.00	 45.00	 49	 0.33	 
MRI_faces_146	 2	 7	 2041.jpg	 9.443024e+01	 11	 1.190727e+03	 1100	 4.836089e+02	 98	 9.544700e+01	 433.35	 600.00	 17.00	 36	 0.70	 
MRI_faces_146	 2	 7	 2209.jpg	 9.643027e+01	 11	 8.636986e+02	 110	 4.336376e+02	 98	 9.744701e+01	 450.02	 600.00	 14.00	 55	 0.73	 
MRI_faces_146	 2	 7	 1210.jpg	 9.843041e+01	 22	 9.625813e+02	 220	 6.003256e+02	 98	 9.944699e+01	 450.02	 616.67	 46.00	 25	 0.30	 
MRI_faces_146	 2	 7	 2155.jpg	 1.024304e+02	 22	 9.695507e+02	 220	 6.169706e+02	 98	 1.034471e+02	 450.02	 633.33	 43.00	 51	 0.36	 
MRI_faces_146	 2	 7	 1262.jpg	 1.044305e+02	 22	 1.000461e+03	 2200	 6.335987e+02	 98	 1.054471e+02	 450.02	 583.33	 51.00	 30	 0.25	 
MRI_faces_146	 2	 7	 1013.jpg	 1.114306e+02	 24	 999000	 240	 999000	 999	 1.124473e+02	 450.02	 583.33	 47.00	 2	 0.30	 
MRI_faces_146	 2	 7	 1127.jpg	 1.154306e+02	 24	 999000	 240	 999000	 999	 1.164473e+02	 450.02	 583.33	 50.00	 14	 0.26	 
MRI_faces_146	 2	 7	 2110.jpg	 1.184306e+02	 24	 999000	 240	 999000	 999	 1.194473e+02	 450.02	 583.33	 55.00	 44	 0.20	 
MRI_faces_146	 2	 7	 1150.jpg	 1.224307e+02	 24	 999000	 240	 999000	 999	 1.234473e+02	 450.02	 583.33	 56.00	 18	 0.17	 
