subjectID	 order	 runNum	 itemName	 onsetTime	 shuff_trialType	 RT	 respInTime	 AudioTime	 response	 fixationTime	 ladder1	 ladder2	 bidIndex	 itemNameIndex	 bidValue	 
MRI_faces_128	 2	 4	 1204.jpg	 1.242137e+02	 24	 999000	 240	 999000	 999	 1.252307e+02	 783.33	 783.33	 47.00	 24	 0.31	 
MRI_faces_128	 2	 4	 1035.jpg	 1.262133e+02	 12	 999000	 120	 999000	 999	 1.272309e+02	 783.33	 783.33	 6.00	 7	 0.78	 
MRI_faces_128	 2	 4	 2045.jpg	 1.291980e+02	 24	 999000	 240	 999000	 999	 1.302149e+02	 783.33	 783.33	 40.00	 38	 0.36	 
MRI_faces_128	 2	 4	 1216.jpg	 1.321986e+02	 12	 999000	 120	 999000	 999	 1.332154e+02	 783.33	 783.33	 5.00	 26	 0.80	 
MRI_faces_128	 2	 4	 1130.jpg	 1.341989e+02	 24	 999000	 240	 999000	 999	 1.352157e+02	 783.33	 783.33	 56.00	 15	 0.21	 
MRI_faces_128	 2	 4	 2181.jpg	 1.381996e+02	 12	 999000	 120	 999000	 999	 1.392164e+02	 783.33	 783.33	 3.00	 53	 0.83	 
MRI_faces_128	 2	 4	 1013.jpg	 1.432005e+02	 22	 1.017480e+03	 2200	 7.836266e+02	 98	 1.442174e+02	 783.33	 733.33	 46.00	 2	 0.32	 
MRI_faces_128	 2	 4	 1173.jpg	 1.452009e+02	 24	 999000	 240	 999000	 999	 1.462176e+02	 783.33	 733.33	 53.00	 19	 0.26	 
MRI_faces_128	 2	 4	 2118.jpg	 1.482014e+02	 12	 999000	 120	 999000	 999	 1.492181e+02	 783.33	 733.33	 21.00	 46	 0.63	 
MRI_faces_128	 2	 4	 1246.jpg	 1.502018e+02	 24	 999000	 240	 999000	 999	 1.512185e+02	 783.33	 733.33	 42.00	 28	 0.35	 
MRI_faces_128	 2	 4	 1192.jpg	 1.562028e+02	 24	 999000	 240	 999000	 999	 1.572196e+02	 783.33	 733.33	 57.00	 22	 0.20	 
MRI_faces_128	 2	 4	 1150.jpg	 1.592033e+02	 22	 9.777029e+02	 220	 7.336270e+02	 98	 1.602202e+02	 783.33	 750.00	 48.00	 18	 0.31	 
MRI_faces_128	 2	 4	 2112.jpg	 1.642041e+02	 11	 9.548161e+02	 110	 7.836086e+02	 98	 1.652210e+02	 800.00	 750.00	 14.00	 45	 0.70	 
MRI_faces_128	 2	 4	 2125.jpg	 1.662045e+02	 24	 999000	 240	 999000	 999	 1.672213e+02	 800.00	 750.00	 50.00	 47	 0.29	 
MRI_faces_128	 2	 4	 2041.jpg	 1.682049e+02	 24	 999000	 240	 999000	 999	 1.692216e+02	 800.00	 750.00	 52.00	 36	 0.27	 
MRI_faces_128	 2	 4	 2149.jpg	 1.722056e+02	 22	 9.094070e+02	 220	 7.502746e+02	 98	 1.732224e+02	 800.00	 766.66	 43.00	 49	 0.33	 
MRI_faces_128	 2	 4	 2094.jpg	 1.742060e+02	 24	 999000	 240	 999000	 999	 1.752227e+02	 800.00	 766.66	 39.00	 43	 0.38	 
MRI_faces_128	 2	 4	 2164.jpg	 1.772065e+02	 24	 999000	 240	 999000	 999	 1.782233e+02	 800.00	 766.66	 44.00	 52	 0.33	 
MRI_faces_128	 2	 4	 2015.jpg	 1.802070e+02	 12	 999000	 120	 999000	 999	 1.812239e+02	 800.00	 766.66	 19.00	 33	 0.67	 
MRI_faces_128	 2	 4	 1114.jpg	 1.832075e+02	 12	 999000	 120	 999000	 999	 1.842244e+02	 800.00	 766.66	 13.00	 13	 0.72	 
MRI_faces_128	 2	 4	 2229.jpg	 1.852078e+02	 12	 999000	 120	 999000	 999	 1.862247e+02	 800.00	 766.66	 12.00	 58	 0.73	 
MRI_faces_128	 2	 4	 2010.jpg	 1.892086e+02	 24	 999000	 240	 999000	 999	 1.902254e+02	 800.00	 766.66	 41.00	 32	 0.35	 
MRI_faces_128	 2	 4	 1145.jpg	 1.912090e+02	 12	 999000	 120	 999000	 999	 1.922257e+02	 800.00	 766.66	 22.00	 16	 0.62	 
MRI_faces_128	 2	 4	 1210.jpg	 1.932093e+02	 12	 999000	 120	 999000	 999	 1.942261e+02	 800.00	 766.66	 10.00	 25	 0.74	 
MRI_faces_128	 2	 4	 2043.jpg	 1.952097e+02	 22	 1.023277e+03	 2200	 7.669320e+02	 98	 1.962265e+02	 800.00	 716.66	 54.00	 37	 0.23	 
MRI_faces_128	 2	 4	 2155.jpg	 1.972100e+02	 24	 999000	 240	 999000	 999	 1.982268e+02	 800.00	 716.66	 45.00	 51	 0.33	 
MRI_faces_128	 2	 4	 1202.jpg	 2.012107e+02	 12	 999000	 120	 999000	 999	 2.022275e+02	 800.00	 716.66	 20.00	 23	 0.65	 
MRI_faces_128	 2	 4	 1027.jpg	 2.052114e+02	 11	 1.030572e+03	 1100	 8.002776e+02	 98	 2.062283e+02	 750.00	 716.66	 11.00	 5	 0.74	 
MRI_faces_128	 2	 4	 2212.jpg	 2.092121e+02	 22	 9.408549e+02	 220	 7.169283e+02	 98	 2.102313e+02	 750.00	 733.33	 49.00	 56	 0.30	 
MRI_faces_128	 2	 4	 1007.jpg	 2.122126e+02	 24	 999000	 240	 999000	 999	 2.132312e+02	 750.00	 733.33	 55.00	 1	 0.23	 
MRI_faces_128	 2	 4	 2006.jpg	 2.141980e+02	 11	 9.689114e+02	 110	 7.504005e+02	 98	 2.152147e+02	 766.66	 733.33	 17.00	 31	 0.67	 
MRI_faces_128	 2	 4	 1017.jpg	 2.161980e+02	 12	 999000	 120	 999000	 999	 2.172146e+02	 766.66	 733.33	 15.00	 3	 0.69	 
MRI_faces_128	 2	 4	 1255.jpg	 2.181979e+02	 12	 999000	 120	 999000	 999	 2.192147e+02	 766.66	 733.33	 18.00	 29	 0.67	 
MRI_faces_128	 2	 4	 1019.jpg	 2.201979e+02	 12	 999000	 120	 999000	 999	 2.212148e+02	 766.66	 733.33	 4.00	 4	 0.82	 
MRI_faces_128	 2	 4	 1080.jpg	 2.241982e+02	 24	 999000	 240	 999000	 999	 2.252149e+02	 766.66	 733.33	 58.00	 12	 0.17	 
MRI_faces_128	 2	 4	 1262.jpg	 2.261984e+02	 11	 1.196564e+03	 1100	 7.669326e+02	 98	 2.272153e+02	 716.66	 733.33	 9.00	 30	 0.75	 
MRI_faces_128	 2	 4	 2153.jpg	 2.331997e+02	 11	 9.402847e+02	 110	 7.169353e+02	 98	 2.342167e+02	 733.33	 733.33	 8.00	 50	 0.76	 
MRI_faces_128	 2	 4	 1073.jpg	 2.372004e+02	 11	 8.925927e+02	 110	 7.335831e+02	 98	 2.382172e+02	 750.00	 733.33	 16.00	 11	 0.68	 
MRI_faces_128	 2	 4	 1031.jpg	 2.402008e+02	 12	 999000	 120	 999000	 999	 2.412177e+02	 750.00	 733.33	 7.00	 6	 0.76	 
MRI_faces_128	 2	 4	 1183.jpg	 2.442017e+02	 22	 1.008335e+03	 2200	 7.336616e+02	 98	 2.452192e+02	 750.00	 683.33	 51.00	 20	 0.29	 
