subjectID	 order	 runNum	 itemName	 onsetTime	 shuff_trialType	 RT	 respInTime	 AudioTime	 response	 fixationTime	 ladder1	 ladder2	 bidIndex	 itemNameIndex	 bidValue	 
MRI_faces_149	 1	 6	 1052.jpg	 1.242641e+02	 22	 9.663934e+02	 220	 7.836724e+02	 98	 1.252808e+02	 783.33	 800.00	 53.00	 9	 0.25	 
MRI_faces_149	 1	 6	 2094.jpg	 1.292580e+02	 12	 9.075223e+02	 12	 999000	 98	 1.302748e+02	 783.33	 800.00	 22.00	 43	 0.61	 
MRI_faces_149	 1	 6	 2043.jpg	 1.312583e+02	 22	 1.051198e+03	 2200	 8.002470e+02	 98	 1.322752e+02	 783.33	 750.00	 47.00	 37	 0.32	 
MRI_faces_149	 1	 6	 2110.jpg	 1.342589e+02	 24	 999000	 240	 999000	 999	 1.352757e+02	 783.33	 750.00	 40.00	 44	 0.37	 
MRI_faces_149	 1	 6	 2045.jpg	 1.372594e+02	 12	 999000	 120	 999000	 999	 1.382762e+02	 783.33	 750.00	 20.00	 38	 0.63	 
MRI_faces_149	 1	 6	 2209.jpg	 1.442478e+02	 11	 1.012803e+03	 1100	 7.836207e+02	 98	 1.452666e+02	 733.33	 750.00	 13.00	 55	 0.70	 
MRI_faces_149	 1	 6	 2006.jpg	 1.462478e+02	 11	 9.577387e+02	 110	 7.336009e+02	 98	 1.472647e+02	 750.00	 750.00	 7.00	 31	 0.78	 
MRI_faces_149	 1	 6	 1183.jpg	 1.502479e+02	 24	 999000	 240	 999000	 999	 1.512645e+02	 750.00	 750.00	 41.00	 20	 0.37	 
MRI_faces_149	 1	 6	 1146.jpg	 1.522479e+02	 24	 999000	 240	 999000	 999	 1.532645e+02	 750.00	 750.00	 42.00	 17	 0.36	 
MRI_faces_149	 1	 6	 1007.jpg	 1.572480e+02	 12	 999000	 120	 999000	 999	 1.582646e+02	 750.00	 750.00	 5.00	 1	 0.80	 
MRI_faces_149	 1	 6	 2089.jpg	 1.612481e+02	 12	 999000	 120	 999000	 999	 1.622646e+02	 750.00	 750.00	 6.00	 42	 0.79	 
MRI_faces_149	 1	 6	 2218.jpg	 1.632480e+02	 24	 999000	 240	 999000	 999	 1.642646e+02	 750.00	 750.00	 39.00	 57	 0.39	 
MRI_faces_149	 1	 6	 2112.jpg	 1.662481e+02	 24	 999000	 240	 999000	 999	 1.672647e+02	 750.00	 750.00	 43.00	 45	 0.35	 
MRI_faces_149	 1	 6	 1192.jpg	 1.692484e+02	 24	 999000	 240	 999000	 999	 1.702651e+02	 750.00	 750.00	 54.00	 22	 0.21	 
MRI_faces_149	 1	 6	 1210.jpg	 1.732491e+02	 12	 999000	 120	 999000	 999	 1.742658e+02	 750.00	 750.00	 21.00	 25	 0.62	 
MRI_faces_149	 1	 6	 1127.jpg	 1.772498e+02	 24	 999000	 240	 999000	 999	 1.782666e+02	 750.00	 750.00	 56.00	 14	 0.19	 
MRI_faces_149	 1	 6	 2063.jpg	 1.812504e+02	 24	 999000	 240	 999000	 999	 1.822674e+02	 750.00	 750.00	 55.00	 41	 0.20	 
MRI_faces_149	 1	 6	 2039.jpg	 1.842510e+02	 11	 1.011498e+03	 1100	 7.502585e+02	 98	 1.852692e+02	 700.00	 750.00	 10.00	 35	 0.76	 
MRI_faces_149	 1	 6	 1202.jpg	 1.872515e+02	 24	 999000	 240	 999000	 999	 1.882683e+02	 700.00	 750.00	 49.00	 23	 0.27	 
MRI_faces_149	 1	 6	 2164.jpg	 1.902520e+02	 12	 999000	 120	 999000	 999	 1.912688e+02	 700.00	 750.00	 9.00	 52	 0.77	 
MRI_faces_149	 1	 6	 2128.jpg	 1.922524e+02	 11	 9.721872e+02	 110	 7.002582e+02	 98	 1.932692e+02	 716.66	 750.00	 15.00	 48	 0.70	 
MRI_faces_149	 1	 6	 2118.jpg	 1.952529e+02	 11	 9.396771e+02	 110	 7.169081e+02	 98	 1.962697e+02	 733.33	 750.00	 18.00	 46	 0.65	 
MRI_faces_149	 1	 6	 2240.jpg	 1.972533e+02	 12	 999000	 120	 999000	 999	 1.982701e+02	 733.33	 750.00	 16.00	 59	 0.69	 
MRI_faces_149	 1	 6	 2058.jpg	 1.992536e+02	 12	 999000	 120	 999000	 999	 2.002703e+02	 733.33	 750.00	 19.00	 40	 0.64	 
MRI_faces_149	 1	 6	 1017.jpg	 2.012540e+02	 22	 1.082497e+03	 2200	 7.502693e+02	 98	 2.022707e+02	 733.33	 700.00	 44.00	 3	 0.35	 
MRI_faces_149	 1	 6	 2125.jpg	 2.042544e+02	 12	 999000	 120	 999000	 999	 2.052714e+02	 733.33	 700.00	 4.00	 47	 0.81	 
MRI_faces_149	 1	 6	 2153.jpg	 2.082552e+02	 12	 999000	 120	 999000	 999	 2.092720e+02	 733.33	 700.00	 14.00	 50	 0.70	 
MRI_faces_149	 1	 6	 1204.jpg	 2.102555e+02	 24	 999000	 240	 999000	 999	 2.112723e+02	 733.33	 700.00	 57.00	 24	 0.18	 
MRI_faces_149	 1	 6	 1080.jpg	 2.122559e+02	 22	 9.405986e+02	 220	 7.003146e+02	 98	 2.132727e+02	 733.33	 716.66	 52.00	 12	 0.26	 
MRI_faces_149	 1	 6	 1216.jpg	 2.162566e+02	 24	 999000	 240	 999000	 999	 2.172734e+02	 733.33	 716.66	 51.00	 26	 0.26	 
MRI_faces_149	 1	 6	 2248.jpg	 2.182569e+02	 22	 9.466485e+02	 220	 7.169437e+02	 98	 2.192738e+02	 733.33	 733.33	 45.00	 60	 0.32	 
MRI_faces_149	 1	 6	 2053.jpg	 2.202573e+02	 12	 999000	 120	 999000	 999	 2.212741e+02	 733.33	 733.33	 3.00	 39	 0.84	 
MRI_faces_149	 1	 6	 1130.jpg	 2.242580e+02	 24	 999000	 240	 999000	 999	 2.252747e+02	 733.33	 733.33	 48.00	 15	 0.29	 
MRI_faces_149	 1	 6	 1262.jpg	 2.282587e+02	 12	 999000	 120	 999000	 999	 2.292755e+02	 733.33	 733.33	 11.00	 30	 0.72	 
MRI_faces_149	 1	 6	 1191.jpg	 2.302590e+02	 24	 999000	 240	 999000	 999	 2.312759e+02	 733.33	 733.33	 58.00	 21	 0.17	 
MRI_faces_149	 1	 6	 2041.jpg	 2.322594e+02	 12	 999000	 120	 999000	 999	 2.332762e+02	 733.33	 733.33	 8.00	 36	 0.78	 
MRI_faces_149	 1	 6	 1031.jpg	 2.342598e+02	 11	 9.427335e+02	 110	 7.336288e+02	 98	 2.352766e+02	 750.00	 733.33	 12.00	 6	 0.72	 
MRI_faces_149	 1	 6	 1035.jpg	 2.362601e+02	 24	 999000	 240	 999000	 999	 2.372769e+02	 750.00	 733.33	 46.00	 7	 0.32	 
MRI_faces_149	 1	 6	 2212.jpg	 2.422492e+02	 12	 999000	 120	 999000	 999	 2.432659e+02	 750.00	 733.33	 17.00	 56	 0.67	 
MRI_faces_149	 1	 6	 1145.jpg	 2.442493e+02	 22	 9.412414e+02	 220	 7.335998e+02	 98	 2.452658e+02	 750.00	 750.00	 50.00	 16	 0.26	 
