subjectID	 order	 runNum	 itemName	 onsetTime	 shuff_trialType	 RT	 respInTime	 AudioTime	 response	 fixationTime	 ladder1	 ladder2	 bidIndex	 itemNameIndex	 bidValue	 
MRI_faces_123	 1	 2	 1146.jpg	 1.241969e+02	 12	 999000	 120	 999000	 999	 1.252137e+02	 783.33	 783.33	 20.00	 17	 0.63	 
MRI_faces_123	 1	 2	 2181.jpg	 1.281971e+02	 11	 9.420312e+02	 110	 7.836379e+02	 98	 1.292137e+02	 800.00	 783.33	 7.00	 53	 0.80	 
MRI_faces_123	 1	 2	 2089.jpg	 1.301971e+02	 11	 9.540665e+02	 110	 8.002782e+02	 98	 1.312138e+02	 816.66	 783.33	 10.00	 42	 0.75	 
MRI_faces_123	 1	 2	 2058.jpg	 1.351971e+02	 24	 999000	 240	 999000	 999	 1.362138e+02	 816.66	 783.33	 56.00	 40	 0.18	 
MRI_faces_123	 1	 2	 1262.jpg	 1.371972e+02	 12	 999000	 120	 999000	 999	 1.382139e+02	 816.66	 783.33	 3.00	 30	 0.85	 
MRI_faces_123	 1	 2	 2110.jpg	 1.391972e+02	 24	 999000	 240	 999000	 999	 1.402140e+02	 816.66	 783.33	 51.00	 44	 0.25	 
MRI_faces_123	 1	 2	 2053.jpg	 1.431980e+02	 12	 999000	 120	 999000	 999	 1.442149e+02	 816.66	 783.33	 17.00	 39	 0.67	 
MRI_faces_123	 1	 2	 2212.jpg	 1.451983e+02	 12	 999000	 120	 999000	 999	 1.462151e+02	 816.66	 783.33	 16.00	 56	 0.67	 
MRI_faces_123	 1	 2	 1192.jpg	 1.471986e+02	 24	 999000	 240	 999000	 999	 1.482154e+02	 816.66	 783.33	 54.00	 22	 0.20	 
MRI_faces_123	 1	 2	 2229.jpg	 1.501991e+02	 24	 999000	 240	 999000	 999	 1.512161e+02	 816.66	 783.33	 39.00	 58	 0.41	 
MRI_faces_123	 1	 2	 2043.jpg	 1.521995e+02	 12	 999000	 120	 999000	 999	 1.532164e+02	 816.66	 783.33	 19.00	 37	 0.64	 
MRI_faces_123	 1	 2	 1052.jpg	 1.562003e+02	 24	 999000	 240	 999000	 999	 1.572171e+02	 816.66	 783.33	 55.00	 9	 0.20	 
MRI_faces_123	 1	 2	 2118.jpg	 1.621975e+02	 11	 9.486310e+02	 110	 8.169455e+02	 98	 1.632142e+02	 833.33	 783.33	 18.00	 46	 0.66	 
MRI_faces_123	 1	 2	 1050.jpg	 1.651976e+02	 12	 999000	 120	 999000	 999	 1.662144e+02	 833.33	 783.33	 22.00	 8	 0.60	 
MRI_faces_123	 1	 2	 2094.jpg	 1.671976e+02	 24	 999000	 240	 999000	 999	 1.682143e+02	 833.33	 783.33	 58.00	 43	 0.13	 
MRI_faces_123	 1	 2	 2248.jpg	 1.691977e+02	 11	 9.754408e+02	 110	 8.336008e+02	 98	 1.702310e+02	 850.00	 783.33	 13.00	 60	 0.70	 
MRI_faces_123	 1	 2	 1202.jpg	 1.711977e+02	 12	 999000	 120	 999000	 999	 1.722143e+02	 850.00	 783.33	 5.00	 23	 0.84	 
MRI_faces_123	 1	 2	 1114.jpg	 1.731978e+02	 12	 999000	 120	 999000	 999	 1.742144e+02	 850.00	 783.33	 8.00	 13	 0.80	 
MRI_faces_123	 1	 2	 2194.jpg	 1.761978e+02	 22	 9.293603e+02	 220	 7.836141e+02	 98	 1.772145e+02	 850.00	 800.00	 47.00	 54	 0.31	 
MRI_faces_123	 1	 2	 1173.jpg	 1.801979e+02	 24	 999000	 240	 999000	 999	 1.812146e+02	 850.00	 800.00	 42.00	 19	 0.36	 
MRI_faces_123	 1	 2	 1013.jpg	 1.831979e+02	 22	 9.352115e+02	 220	 8.002929e+02	 98	 1.842145e+02	 850.00	 816.66	 44.00	 2	 0.32	 
MRI_faces_123	 1	 2	 1060.jpg	 1.871980e+02	 24	 999000	 240	 999000	 999	 1.882146e+02	 850.00	 816.66	 57.00	 10	 0.18	 
MRI_faces_123	 1	 2	 1031.jpg	 1.921980e+02	 12	 999000	 120	 999000	 999	 1.932147e+02	 850.00	 816.66	 21.00	 6	 0.62	 
MRI_faces_123	 1	 2	 2024.jpg	 1.961981e+02	 24	 999000	 240	 999000	 999	 1.972147e+02	 850.00	 816.66	 43.00	 34	 0.36	 
MRI_faces_123	 1	 2	 1246.jpg	 1.991981e+02	 24	 999000	 240	 999000	 999	 2.002148e+02	 850.00	 816.66	 49.00	 28	 0.28	 
MRI_faces_123	 1	 2	 2045.jpg	 2.011981e+02	 12	 999000	 120	 999000	 999	 2.022149e+02	 850.00	 816.66	 4.00	 38	 0.84	 
MRI_faces_123	 1	 2	 1127.jpg	 2.031982e+02	 22	 9.799161e+02	 220	 8.169534e+02	 98	 2.042148e+02	 850.00	 833.33	 50.00	 14	 0.27	 
MRI_faces_123	 1	 2	 2153.jpg	 2.101983e+02	 12	 999000	 120	 999000	 999	 2.112150e+02	 850.00	 833.33	 6.00	 50	 0.82	 
MRI_faces_123	 1	 2	 1255.jpg	 2.131983e+02	 12	 999000	 120	 999000	 999	 2.142150e+02	 850.00	 833.33	 9.00	 29	 0.79	 
MRI_faces_123	 1	 2	 2125.jpg	 2.151984e+02	 11	 9.867419e+02	 110	 8.502825e+02	 98	 2.162441e+02	 866.66	 833.33	 15.00	 47	 0.69	 
MRI_faces_123	 1	 2	 2218.jpg	 2.191984e+02	 24	 999000	 240	 999000	 999	 2.202151e+02	 866.66	 833.33	 46.00	 57	 0.31	 
MRI_faces_123	 1	 2	 1145.jpg	 2.211985e+02	 24	 999000	 240	 999000	 999	 2.222151e+02	 866.66	 833.33	 40.00	 16	 0.39	 
MRI_faces_123	 1	 2	 1073.jpg	 2.241985e+02	 12	 999000	 120	 999000	 999	 2.252152e+02	 866.66	 833.33	 11.00	 11	 0.72	 
MRI_faces_123	 1	 2	 2041.jpg	 2.261986e+02	 22	 9.835248e+02	 220	 8.335994e+02	 98	 2.272294e+02	 866.66	 850.00	 52.00	 36	 0.24	 
MRI_faces_123	 1	 2	 1204.jpg	 2.301986e+02	 24	 999000	 240	 999000	 999	 2.312152e+02	 866.66	 850.00	 41.00	 24	 0.38	 
MRI_faces_123	 1	 2	 2063.jpg	 2.321986e+02	 12	 999000	 120	 999000	 999	 2.332153e+02	 866.66	 850.00	 14.00	 41	 0.70	 
MRI_faces_123	 1	 2	 2155.jpg	 2.361986e+02	 22	 9.994631e+02	 220	 8.502626e+02	 98	 2.372321e+02	 866.66	 866.66	 53.00	 51	 0.21	 
MRI_faces_123	 1	 2	 2010.jpg	 2.391988e+02	 11	 1.021497e+03	 1100	 8.670305e+02	 98	 2.402485e+02	 816.66	 866.66	 12.00	 32	 0.72	 
MRI_faces_123	 1	 2	 1080.jpg	 2.411988e+02	 24	 999000	 240	 999000	 999	 2.422154e+02	 816.66	 866.66	 48.00	 12	 0.29	 
MRI_faces_123	 1	 2	 1191.jpg	 2.441990e+02	 22	 1.006246e+03	 2200	 8.669355e+02	 98	 2.452655e+02	 816.66	 816.66	 45.00	 21	 0.32	 
