subjectID	 order	 runNum	 itemName	 onsetTime	 shuff_trialType	 RT	 respInTime	 AudioTime	 response	 fixationTime	 ladder1	 ladder2	 bidIndex	 itemNameIndex	 bidValue	 
MRI_faces_146	 2	 10	 2058.jpg	 1.242481e+02	 12	 999000	 120	 999000	 999	 1.252649e+02	 516.69	 583.33	 12.00	 40	 0.75	 
MRI_faces_146	 2	 10	 2010.jpg	 1.262441e+02	 12	 999000	 120	 999000	 999	 1.272610e+02	 516.69	 583.33	 10.00	 32	 0.78	 
MRI_faces_146	 2	 10	 2128.jpg	 1.292446e+02	 12	 999000	 120	 999000	 999	 1.302615e+02	 516.69	 583.33	 15.00	 48	 0.72	 
MRI_faces_146	 2	 10	 2155.jpg	 1.322453e+02	 22	 9.056443e+02	 220	 5.837225e+02	 98	 1.332622e+02	 516.69	 600.00	 43.00	 51	 0.36	 
MRI_faces_146	 2	 10	 2063.jpg	 1.342455e+02	 12	 999000	 120	 999000	 999	 1.352624e+02	 516.69	 600.00	 21.00	 41	 0.62	 
MRI_faces_146	 2	 10	 1127.jpg	 1.382463e+02	 24	 999000	 240	 999000	 999	 1.392650e+02	 516.69	 600.00	 50.00	 14	 0.26	 
MRI_faces_146	 2	 10	 2229.jpg	 1.432318e+02	 12	 999000	 120	 999000	 999	 1.442484e+02	 516.69	 600.00	 5.00	 58	 0.82	 
MRI_faces_146	 2	 10	 2094.jpg	 1.452318e+02	 24	 999000	 240	 999000	 999	 1.462485e+02	 516.69	 600.00	 52.00	 43	 0.23	 
MRI_faces_146	 2	 10	 1031.jpg	 1.482319e+02	 12	 999000	 120	 999000	 999	 1.492487e+02	 516.69	 600.00	 22.00	 6	 0.62	 
MRI_faces_146	 2	 10	 2149.jpg	 1.502319e+02	 24	 999000	 240	 999000	 999	 1.512485e+02	 516.69	 600.00	 45.00	 49	 0.33	 
MRI_faces_146	 2	 10	 1150.jpg	 1.562328e+02	 24	 999000	 240	 999000	 999	 1.572495e+02	 516.69	 600.00	 56.00	 18	 0.17	 
MRI_faces_146	 2	 10	 1192.jpg	 1.592333e+02	 24	 999000	 240	 999000	 999	 1.602502e+02	 516.69	 600.00	 57.00	 22	 0.16	 
MRI_faces_146	 2	 10	 1146.jpg	 1.642341e+02	 24	 999000	 240	 999000	 999	 1.652509e+02	 516.69	 600.00	 39.00	 17	 0.39	 
MRI_faces_146	 2	 10	 1183.jpg	 1.662345e+02	 24	 999000	 240	 999000	 999	 1.672513e+02	 516.69	 600.00	 44.00	 20	 0.34	 
MRI_faces_146	 2	 10	 2218.jpg	 1.682348e+02	 11	 8.661110e+02	 110	 5.169884e+02	 98	 1.692516e+02	 533.36	 600.00	 16.00	 57	 0.72	 
MRI_faces_146	 2	 10	 2053.jpg	 1.722355e+02	 12	 999000	 120	 999000	 999	 1.732524e+02	 533.36	 600.00	 20.00	 39	 0.62	 
MRI_faces_146	 2	 10	 1027.jpg	 1.742359e+02	 22	 9.630263e+02	 220	 6.002854e+02	 98	 1.752528e+02	 533.36	 616.66	 48.00	 5	 0.28	 
MRI_faces_146	 2	 10	 1262.jpg	 1.772366e+02	 22	 9.493316e+02	 220	 6.169493e+02	 98	 1.782533e+02	 533.36	 633.33	 51.00	 30	 0.25	 
MRI_faces_146	 2	 10	 2110.jpg	 1.802370e+02	 24	 999000	 240	 999000	 999	 1.812538e+02	 533.36	 633.33	 55.00	 44	 0.20	 
MRI_faces_146	 2	 10	 1226.jpg	 1.832375e+02	 24	 999000	 240	 999000	 999	 1.842543e+02	 533.36	 633.33	 58.00	 27	 0.13	 
MRI_faces_146	 2	 10	 1130.jpg	 1.852378e+02	 24	 999000	 240	 999000	 999	 1.862546e+02	 533.36	 633.33	 40.00	 15	 0.38	 
MRI_faces_146	 2	 10	 2209.jpg	 1.892385e+02	 11	 8.293772e+02	 110	 5.336331e+02	 98	 1.902554e+02	 550.02	 633.33	 14.00	 55	 0.73	 
MRI_faces_146	 2	 10	 1060.jpg	 1.912391e+02	 24	 999000	 240	 999000	 999	 1.922557e+02	 550.02	 633.33	 41.00	 10	 0.36	 
MRI_faces_146	 2	 10	 1013.jpg	 1.932392e+02	 24	 999000	 240	 999000	 999	 1.942561e+02	 550.02	 633.33	 47.00	 2	 0.30	 
MRI_faces_146	 2	 10	 2045.jpg	 1.952396e+02	 22	 9.203150e+02	 220	 6.336363e+02	 98	 1.962564e+02	 550.02	 650.00	 49.00	 38	 0.28	 
MRI_faces_146	 2	 10	 1019.jpg	 1.972399e+02	 22	 1.131991e+03	 2200	 6.502696e+02	 98	 1.982569e+02	 550.02	 600.00	 54.00	 4	 0.21	 
MRI_faces_146	 2	 10	 2248.jpg	 2.012406e+02	 12	 999000	 120	 999000	 999	 2.022575e+02	 550.02	 600.00	 7.00	 60	 0.81	 
MRI_faces_146	 2	 10	 2181.jpg	 2.052413e+02	 11	 8.915690e+02	 110	 5.503619e+02	 98	 2.062582e+02	 566.69	 600.00	 11.00	 53	 0.76	 
MRI_faces_146	 2	 10	 2125.jpg	 2.092420e+02	 12	 999000	 120	 999000	 999	 2.102589e+02	 566.69	 600.00	 4.00	 47	 0.83	 
MRI_faces_146	 2	 10	 1204.jpg	 2.122426e+02	 24	 999000	 240	 999000	 999	 2.132594e+02	 566.69	 600.00	 42.00	 24	 0.36	 
MRI_faces_146	 2	 10	 1210.jpg	 2.142430e+02	 22	 1.006007e+03	 2200	 6.002996e+02	 98	 2.152628e+02	 566.69	 550.00	 46.00	 25	 0.30	 
MRI_faces_146	 2	 10	 2041.jpg	 2.162433e+02	 11	 9.386777e+02	 110	 5.669583e+02	 98	 2.172602e+02	 583.36	 550.00	 17.00	 36	 0.70	 
MRI_faces_146	 2	 10	 2006.jpg	 2.182437e+02	 12	 999000	 120	 999000	 999	 2.192604e+02	 583.36	 550.00	 3.00	 31	 0.85	 
MRI_faces_146	 2	 10	 2089.jpg	 2.202440e+02	 12	 999000	 120	 999000	 999	 2.212608e+02	 583.36	 550.00	 6.00	 42	 0.82	 
MRI_faces_146	 2	 10	 2153.jpg	 2.242447e+02	 11	 8.772504e+02	 110	 5.836297e+02	 98	 2.252615e+02	 600.02	 550.00	 8.00	 50	 0.80	 
MRI_faces_146	 2	 10	 2118.jpg	 2.262451e+02	 12	 999000	 120	 999000	 999	 2.272618e+02	 600.02	 550.00	 19.00	 46	 0.65	 
MRI_faces_146	 2	 10	 1080.jpg	 2.332462e+02	 12	 999000	 120	 999000	 999	 2.342632e+02	 600.02	 550.00	 13.00	 12	 0.75	 
MRI_faces_146	 2	 10	 1255.jpg	 2.372333e+02	 12	 999000	 120	 999000	 999	 2.382498e+02	 600.02	 550.00	 18.00	 29	 0.65	 
MRI_faces_146	 2	 10	 2240.jpg	 2.402333e+02	 11	 9.486713e+02	 110	 6.002923e+02	 98	 2.412499e+02	 616.69	 550.00	 9.00	 59	 0.79	 
MRI_faces_146	 2	 10	 2194.jpg	 2.442333e+02	 24	 999000	 240	 999000	 999	 2.452500e+02	 616.69	 550.00	 53.00	 54	 0.23	 
