subjectID	 order	 runNum	 itemName	 onsetTime	 shuff_trialType	 RT	 respInTime	 AudioTime	 response	 fixationTime	 ladder1	 ladder2	 bidIndex	 itemNameIndex	 bidValue	 
MRI_faces_138	 2	 1	 1173.jpg	 2.389461e+00	 24	 999000	 240	 999000	 999	 3.416062e+00	 750.00	 750.00	 55.00	 19	 0.20	 
MRI_faces_138	 2	 1	 2125.jpg	 5.389307e+00	 11	 9.815100e+02	 110	 7.535863e+02	 98	 6.406070e+00	 766.67	 750.00	 9.00	 47	 0.76	 
MRI_faces_138	 2	 1	 1007.jpg	 9.390206e+00	 24	 999000	 240	 999000	 999	 1.040680e+01	 766.67	 750.00	 50.00	 1	 0.28	 
MRI_faces_138	 2	 1	 2155.jpg	 1.237966e+01	 12	 999000	 120	 999000	 999	 1.339630e+01	 766.67	 750.00	 19.00	 51	 0.64	 
MRI_faces_138	 2	 1	 2015.jpg	 1.637972e+01	 12	 999000	 120	 999000	 999	 1.739636e+01	 766.67	 750.00	 18.00	 33	 0.64	 
MRI_faces_138	 2	 1	 1183.jpg	 1.937977e+01	 24	 999000	 240	 999000	 999	 2.039642e+01	 766.67	 750.00	 42.00	 20	 0.35	 
MRI_faces_138	 2	 1	 2063.jpg	 2.137973e+01	 11	 9.700871e+02	 110	 7.669493e+02	 98	 2.239644e+01	 783.33	 750.00	 11.00	 41	 0.72	 
MRI_faces_138	 2	 1	 1262.jpg	 2.437984e+01	 22	 1.126974e+03	 2200	 7.526946e+02	 98	 2.539651e+01	 783.33	 700.00	 51.00	 30	 0.25	 
MRI_faces_138	 2	 1	 2112.jpg	 2.737993e+01	 11	 1.010853e+03	 1100	 7.835830e+02	 98	 2.839708e+01	 733.33	 700.00	 8.00	 45	 0.77	 
MRI_faces_138	 2	 1	 1192.jpg	 3.237991e+01	 24	 999000	 240	 999000	 999	 3.339661e+01	 733.33	 700.00	 53.00	 22	 0.23	 
MRI_faces_138	 2	 1	 1027.jpg	 3.437993e+01	 24	 999000	 240	 999000	 999	 3.539660e+01	 733.33	 700.00	 52.00	 5	 0.25	 
MRI_faces_138	 2	 1	 2053.jpg	 3.638003e+01	 12	 999000	 120	 999000	 999	 3.739670e+01	 733.33	 700.00	 12.00	 39	 0.71	 
MRI_faces_138	 2	 1	 2128.jpg	 4.038006e+01	 24	 999000	 240	 999000	 999	 4.139673e+01	 733.33	 700.00	 40.00	 48	 0.35	 
MRI_faces_138	 2	 1	 1013.jpg	 4.738015e+01	 24	 999000	 240	 999000	 999	 4.839685e+01	 733.33	 700.00	 56.00	 2	 0.19	 
MRI_faces_138	 2	 1	 1246.jpg	 4.938028e+01	 22	 9.695401e+02	 220	 7.002787e+02	 98	 5.039717e+01	 733.33	 716.67	 54.00	 28	 0.22	 
MRI_faces_138	 2	 1	 2094.jpg	 5.138061e+01	 12	 999000	 120	 999000	 999	 5.239744e+01	 733.33	 716.67	 3.00	 43	 0.85	 
MRI_faces_138	 2	 1	 1216.jpg	 5.338106e+01	 24	 999000	 240	 999000	 999	 5.439778e+01	 733.33	 716.67	 45.00	 26	 0.32	 
MRI_faces_138	 2	 1	 1019.jpg	 5.538141e+01	 22	 9.304068e+02	 220	 7.169422e+02	 98	 5.639823e+01	 733.33	 733.33	 49.00	 4	 0.29	 
MRI_faces_138	 2	 1	 2149.jpg	 5.738165e+01	 24	 999000	 240	 999000	 999	 5.839855e+01	 733.33	 733.33	 57.00	 49	 0.19	 
MRI_faces_138	 2	 1	 2181.jpg	 6.038229e+01	 12	 999000	 120	 999000	 999	 6.139907e+01	 733.33	 733.33	 5.00	 53	 0.82	 
MRI_faces_138	 2	 1	 1114.jpg	 6.238252e+01	 11	 9.382955e+02	 110	 7.336114e+02	 98	 6.339942e+01	 750.00	 733.33	 17.00	 13	 0.65	 
MRI_faces_138	 2	 1	 2039.jpg	 6.438292e+01	 12	 999000	 120	 999000	 999	 6.539978e+01	 750.00	 733.33	 15.00	 35	 0.70	 
MRI_faces_138	 2	 1	 2153.jpg	 6.838370e+01	 12	 999000	 120	 999000	 999	 6.940043e+01	 750.00	 733.33	 4.00	 50	 0.83	 
MRI_faces_138	 2	 1	 2164.jpg	 7.238433e+01	 12	 999000	 120	 999000	 999	 7.340113e+01	 750.00	 733.33	 20.00	 52	 0.64	 
MRI_faces_138	 2	 1	 2218.jpg	 7.838544e+01	 11	 9.783809e+02	 110	 7.502488e+02	 98	 7.940226e+01	 766.67	 733.33	 16.00	 57	 0.67	 
MRI_faces_138	 2	 1	 2041.jpg	 8.038576e+01	 24	 999000	 240	 999000	 999	 8.140258e+01	 766.67	 733.33	 41.00	 36	 0.35	 
MRI_faces_138	 2	 1	 1150.jpg	 8.238606e+01	 24	 999000	 240	 999000	 999	 8.340294e+01	 766.67	 733.33	 44.00	 18	 0.32	 
MRI_faces_138	 2	 1	 1127.jpg	 8.438642e+01	 22	 1.052392e+03	 2200	 7.336043e+02	 98	 8.540321e+01	 766.67	 683.33	 43.00	 14	 0.33	 
MRI_faces_138	 2	 1	 1191.jpg	 8.838713e+01	 12	 999000	 120	 999000	 999	 8.940396e+01	 766.67	 683.33	 21.00	 21	 0.62	 
MRI_faces_138	 2	 1	 2110.jpg	 9.038752e+01	 24	 999000	 240	 999000	 999	 9.140426e+01	 766.67	 683.33	 39.00	 44	 0.39	 
MRI_faces_138	 2	 1	 2212.jpg	 9.238789e+01	 12	 999000	 120	 999000	 999	 9.340472e+01	 766.67	 683.33	 6.00	 56	 0.82	 
MRI_faces_138	 2	 1	 1210.jpg	 9.438818e+01	 12	 999000	 120	 999000	 999	 9.540497e+01	 766.67	 683.33	 22.00	 25	 0.62	 
MRI_faces_138	 2	 1	 1031.jpg	 9.838888e+01	 12	 999000	 120	 999000	 999	 9.940575e+01	 766.67	 683.33	 10.00	 6	 0.75	 
MRI_faces_138	 2	 1	 2006.jpg	 1.023809e+02	 12	 999000	 120	 999000	 999	 1.033977e+02	 766.67	 683.33	 7.00	 31	 0.81	 
MRI_faces_138	 2	 1	 1202.jpg	 1.053901e+02	 22	 8.627427e+02	 220	 6.836144e+02	 98	 1.064069e+02	 766.67	 700.00	 46.00	 23	 0.31	 
MRI_faces_138	 2	 1	 1146.jpg	 1.103811e+02	 22	 9.857106e+02	 220	 7.002618e+02	 98	 1.113978e+02	 766.67	 716.67	 48.00	 17	 0.30	 
MRI_faces_138	 2	 1	 1035.jpg	 1.123811e+02	 12	 999000	 120	 999000	 999	 1.133978e+02	 766.67	 716.67	 13.00	 7	 0.71	 
MRI_faces_138	 2	 1	 1255.jpg	 1.153811e+02	 24	 999000	 240	 999000	 999	 1.163978e+02	 766.67	 716.67	 58.00	 29	 0.16	 
MRI_faces_138	 2	 1	 2058.jpg	 1.193812e+02	 24	 999000	 240	 999000	 999	 1.203978e+02	 766.67	 716.67	 47.00	 40	 0.31	 
MRI_faces_138	 2	 1	 2089.jpg	 1.223813e+02	 11	 1.301557e+03	 1100	 7.669245e+02	 98	 1.233979e+02	 716.67	 716.67	 14.00	 42	 0.71	 
