subjectID	 order	 runNum	 itemName	 onsetTime	 shuff_trialType	 RT	 respInTime	 AudioTime	 response	 fixationTime	 ladder1	 ladder2	 bidIndex	 itemNameIndex	 bidValue	 
MRI_faces_151	 1	 3	 1017.jpg	 2.309911e+00	 22	 1.121900e+03	 2200	 6.866564e+02	 98	 3.326361e+00	 750.00	 633.34	 45.00	 3	 0.40	 
MRI_faces_151	 1	 3	 1127.jpg	 5.293204e+00	 12	 999000	 120	 999000	 999	 6.309801e+00	 750.00	 633.34	 20.00	 14	 0.59	 
MRI_faces_151	 1	 3	 2024.jpg	 9.293302e+00	 24	 999000	 240	 999000	 999	 1.030989e+01	 750.00	 633.34	 51.00	 34	 0.35	 
MRI_faces_151	 1	 3	 2006.jpg	 1.229345e+01	 24	 999000	 240	 999000	 999	 1.331026e+01	 750.00	 633.34	 48.00	 31	 0.37	 
MRI_faces_151	 1	 3	 2218.jpg	 1.629411e+01	 24	 999000	 240	 999000	 999	 1.731101e+01	 750.00	 633.34	 42.00	 57	 0.41	 
MRI_faces_151	 1	 3	 1246.jpg	 1.929468e+01	 11	 1.047137e+03	 1100	 7.529271e+02	 98	 2.031161e+01	 700.00	 633.34	 7.00	 28	 0.73	 
MRI_faces_151	 1	 3	 1255.jpg	 2.129507e+01	 12	 999000	 120	 999000	 999	 2.231189e+01	 700.00	 633.34	 21.00	 29	 0.55	 
MRI_faces_151	 1	 3	 2058.jpg	 2.429549e+01	 11	 1.019324e+03	 1100	 7.002973e+02	 98	 2.531238e+01	 650.00	 633.34	 15.00	 40	 0.63	 
MRI_faces_151	 1	 3	 2194.jpg	 2.729609e+01	 24	 999000	 240	 999000	 999	 2.831307e+01	 650.00	 633.34	 58.00	 54	 0.18	 
MRI_faces_151	 1	 3	 2209.jpg	 3.229701e+01	 11	 8.958008e+02	 110	 6.502826e+02	 98	 3.331380e+01	 666.67	 633.34	 10.00	 55	 0.71	 
MRI_faces_151	 1	 3	 2118.jpg	 3.429741e+01	 24	 999000	 240	 999000	 999	 3.531435e+01	 666.67	 633.34	 56.00	 46	 0.22	 
MRI_faces_151	 1	 3	 1150.jpg	 3.629761e+01	 22	 8.892007e+02	 220	 6.357064e+02	 98	 3.731445e+01	 666.67	 650.01	 50.00	 18	 0.35	 
MRI_faces_151	 1	 3	 1052.jpg	 4.029845e+01	 22	 9.203665e+02	 220	 6.502764e+02	 98	 4.131516e+01	 666.67	 666.67	 53.00	 9	 0.27	 
MRI_faces_151	 1	 3	 1050.jpg	 4.729969e+01	 12	 999000	 120	 999000	 999	 4.831645e+01	 666.67	 666.67	 5.00	 8	 0.74	 
MRI_faces_151	 1	 3	 2229.jpg	 4.929996e+01	 12	 999000	 120	 999000	 999	 5.031671e+01	 666.67	 666.67	 19.00	 58	 0.59	 
MRI_faces_151	 1	 3	 2010.jpg	 5.130035e+01	 12	 999000	 120	 999000	 999	 5.231713e+01	 666.67	 666.67	 4.00	 32	 0.75	 
MRI_faces_151	 1	 3	 1114.jpg	 5.330066e+01	 12	 999000	 120	 999000	 999	 5.431760e+01	 666.67	 666.67	 9.00	 13	 0.72	 
MRI_faces_151	 1	 3	 1145.jpg	 5.530098e+01	 12	 999000	 120	 999000	 999	 5.631778e+01	 666.67	 666.67	 6.00	 16	 0.74	 
MRI_faces_151	 1	 3	 1146.jpg	 5.730133e+01	 12	 999000	 120	 999000	 999	 5.831817e+01	 666.67	 666.67	 8.00	 17	 0.72	 
MRI_faces_151	 1	 3	 2164.jpg	 6.030185e+01	 24	 999000	 240	 999000	 999	 6.131895e+01	 666.67	 666.67	 43.00	 52	 0.40	 
MRI_faces_151	 1	 3	 2089.jpg	 6.230226e+01	 12	 999000	 120	 999000	 999	 6.331906e+01	 666.67	 666.67	 17.00	 42	 0.59	 
MRI_faces_151	 1	 3	 2043.jpg	 6.430256e+01	 22	 1.000248e+03	 2200	 6.669488e+02	 98	 6.531928e+01	 666.67	 616.67	 44.00	 37	 0.40	 
MRI_faces_151	 1	 3	 2181.jpg	 6.830334e+01	 24	 999000	 240	 999000	 999	 6.932036e+01	 666.67	 616.67	 57.00	 53	 0.21	 
MRI_faces_151	 1	 3	 2128.jpg	 7.230408e+01	 12	 999000	 120	 999000	 999	 7.332086e+01	 666.67	 616.67	 14.00	 48	 0.63	 
MRI_faces_151	 1	 3	 1216.jpg	 7.830507e+01	 12	 999000	 120	 999000	 999	 7.932182e+01	 666.67	 616.67	 11.00	 26	 0.70	 
MRI_faces_151	 1	 3	 2094.jpg	 8.030544e+01	 24	 999000	 240	 999000	 999	 8.132224e+01	 666.67	 616.67	 39.00	 43	 0.44	 
MRI_faces_151	 1	 3	 2063.jpg	 8.230598e+01	 12	 999000	 120	 999000	 999	 8.332260e+01	 666.67	 616.67	 16.00	 41	 0.60	 
MRI_faces_151	 1	 3	 2155.jpg	 8.430617e+01	 24	 999000	 240	 999000	 999	 8.532295e+01	 666.67	 616.67	 46.00	 51	 0.39	 
MRI_faces_151	 1	 3	 1226.jpg	 8.829445e+01	 22	 8.353607e+02	 220	 6.169796e+02	 98	 8.931104e+01	 666.67	 633.34	 47.00	 27	 0.39	 
MRI_faces_151	 1	 3	 1262.jpg	 9.029445e+01	 11	 9.253554e+02	 110	 6.669522e+02	 98	 9.131106e+01	 683.33	 633.34	 13.00	 30	 0.64	 
MRI_faces_151	 1	 3	 1210.jpg	 9.229446e+01	 12	 999000	 120	 999000	 999	 9.331110e+01	 683.33	 633.34	 3.00	 25	 0.76	 
MRI_faces_151	 1	 3	 1191.jpg	 9.429455e+01	 11	 9.462590e+02	 110	 6.836095e+02	 98	 9.531126e+01	 700.00	 633.34	 18.00	 21	 0.59	 
MRI_faces_151	 1	 3	 1031.jpg	 9.829463e+01	 11	 9.501829e+02	 110	 7.002962e+02	 98	 9.931124e+01	 716.67	 633.34	 12.00	 6	 0.68	 
MRI_faces_151	 1	 3	 1202.jpg	 1.022947e+02	 12	 999000	 120	 999000	 999	 1.033113e+02	 716.67	 633.34	 22.00	 23	 0.54	 
MRI_faces_151	 1	 3	 2110.jpg	 1.052947e+02	 24	 999000	 240	 999000	 999	 1.063113e+02	 716.67	 633.34	 54.00	 44	 0.26	 
MRI_faces_151	 1	 3	 2045.jpg	 1.102948e+02	 24	 999000	 240	 999000	 999	 1.113115e+02	 716.67	 633.34	 40.00	 38	 0.42	 
MRI_faces_151	 1	 3	 1035.jpg	 1.122949e+02	 24	 999000	 240	 999000	 999	 1.133115e+02	 716.67	 633.34	 41.00	 7	 0.42	 
MRI_faces_151	 1	 3	 2248.jpg	 1.152950e+02	 24	 999000	 240	 999000	 999	 1.163118e+02	 716.67	 633.34	 49.00	 60	 0.36	 
MRI_faces_151	 1	 3	 2125.jpg	 1.192957e+02	 24	 999000	 240	 999000	 999	 1.203125e+02	 716.67	 633.34	 55.00	 47	 0.25	 
MRI_faces_151	 1	 3	 2153.jpg	 1.222961e+02	 22	 8.636712e+02	 220	 6.336220e+02	 98	 1.233129e+02	 716.67	 650.01	 52.00	 50	 0.28	 
