subjectID	 order	 runNum	 itemName	 onsetTime	 shuff_trialType	 RT	 respInTime	 AudioTime	 response	 fixationTime	 ladder1	 ladder2	 bidIndex	 itemNameIndex	 bidValue	 
MRI_faces_148	 2	 15	 1262.jpg	 2.446046e+00	 11	 9.502829e+02	 110	 7.524557e+02	 98	 3.463848e+00	 766.67	 749.99	 9.00	 30	 0.81	 
MRI_faces_148	 2	 15	 2153.jpg	 6.440890e+00	 11	 9.684486e+02	 110	 7.726203e+02	 98	 7.457519e+00	 783.33	 749.99	 11.00	 50	 0.79	 
MRI_faces_148	 2	 15	 2024.jpg	 8.440968e+00	 22	 9.523650e+02	 220	 7.523157e+02	 98	 9.457683e+00	 783.33	 766.66	 43.00	 34	 0.32	 
MRI_faces_148	 2	 15	 2006.jpg	 1.344098e+01	 12	 999000	 120	 999000	 999	 1.445769e+01	 783.33	 766.66	 10.00	 31	 0.81	 
MRI_faces_148	 2	 15	 1027.jpg	 1.544110e+01	 12	 999000	 120	 999000	 999	 1.645769e+01	 783.33	 766.66	 18.00	 5	 0.69	 
MRI_faces_148	 2	 15	 2063.jpg	 1.744104e+01	 12	 999000	 120	 999000	 999	 1.845785e+01	 783.33	 766.66	 20.00	 41	 0.63	 
MRI_faces_148	 2	 15	 1146.jpg	 2.144114e+01	 24	 999000	 240	 999000	 999	 2.245783e+01	 783.33	 766.66	 40.00	 17	 0.35	 
MRI_faces_148	 2	 15	 1035.jpg	 2.344122e+01	 12	 999000	 120	 999000	 999	 2.445785e+01	 783.33	 766.66	 7.00	 7	 0.82	 
MRI_faces_148	 2	 15	 1127.jpg	 2.544118e+01	 24	 999000	 240	 999000	 999	 2.645789e+01	 783.33	 766.66	 57.00	 14	 0.15	 
MRI_faces_148	 2	 15	 2039.jpg	 2.844136e+01	 12	 999000	 120	 999000	 999	 2.945790e+01	 783.33	 766.66	 3.00	 35	 0.88	 
MRI_faces_148	 2	 15	 2058.jpg	 3.044124e+01	 22	 1.074091e+03	 2200	 7.669481e+02	 98	 3.145795e+01	 783.33	 716.66	 54.00	 40	 0.22	 
MRI_faces_148	 2	 15	 2041.jpg	 3.444135e+01	 24	 999000	 240	 999000	 999	 3.545796e+01	 783.33	 716.66	 50.00	 36	 0.24	 
MRI_faces_148	 2	 15	 1150.jpg	 4.044145e+01	 22	 9.248965e+02	 220	 7.169327e+02	 98	 4.145815e+01	 783.33	 733.32	 48.00	 18	 0.27	 
MRI_faces_148	 2	 15	 2010.jpg	 4.344156e+01	 24	 999000	 240	 999000	 999	 4.445815e+01	 783.33	 733.32	 39.00	 32	 0.40	 
MRI_faces_148	 2	 15	 1050.jpg	 4.544155e+01	 11	 1.040801e+03	 1100	 7.836195e+02	 98	 4.645821e+01	 733.33	 733.32	 17.00	 8	 0.71	 
MRI_faces_148	 2	 15	 1210.jpg	 4.744155e+01	 24	 999000	 240	 999000	 999	 4.845826e+01	 733.33	 733.32	 45.00	 25	 0.30	 
MRI_faces_148	 2	 15	 2229.jpg	 4.944159e+01	 12	 999000	 120	 999000	 999	 5.045822e+01	 733.33	 733.32	 12.00	 58	 0.76	 
MRI_faces_148	 2	 15	 2128.jpg	 5.144163e+01	 24	 999000	 240	 999000	 999	 5.245825e+01	 733.33	 733.32	 47.00	 48	 0.27	 
MRI_faces_148	 2	 15	 2045.jpg	 5.444164e+01	 12	 999000	 120	 999000	 999	 5.545834e+01	 733.33	 733.32	 5.00	 38	 0.84	 
MRI_faces_148	 2	 15	 2164.jpg	 5.844177e+01	 24	 999000	 240	 999000	 999	 5.945835e+01	 733.33	 733.32	 44.00	 52	 0.30	 
MRI_faces_148	 2	 15	 1204.jpg	 6.144172e+01	 24	 999000	 240	 999000	 999	 6.245845e+01	 733.33	 733.32	 52.00	 24	 0.24	 
MRI_faces_148	 2	 15	 2240.jpg	 6.544186e+01	 22	 9.715156e+02	 220	 7.336137e+02	 98	 6.645852e+01	 733.33	 749.99	 49.00	 59	 0.25	 
MRI_faces_148	 2	 15	 2112.jpg	 7.044188e+01	 11	 9.624592e+02	 110	 7.336371e+02	 98	 7.145860e+01	 750.00	 749.99	 8.00	 45	 0.82	 
MRI_faces_148	 2	 15	 1183.jpg	 7.444198e+01	 24	 999000	 240	 999000	 999	 7.545860e+01	 750.00	 749.99	 53.00	 20	 0.24	 
MRI_faces_148	 2	 15	 1226.jpg	 7.744236e+01	 24	 999000	 240	 999000	 999	 7.845919e+01	 750.00	 749.99	 58.00	 27	 0.06	 
MRI_faces_148	 2	 15	 1173.jpg	 7.944268e+01	 22	 1.007677e+03	 2200	 7.503107e+02	 98	 8.046215e+01	 750.00	 699.99	 51.00	 19	 0.24	 
MRI_faces_148	 2	 15	 1073.jpg	 8.144310e+01	 12	 999000	 120	 999000	 999	 8.245991e+01	 750.00	 699.99	 21.00	 11	 0.59	 
MRI_faces_148	 2	 15	 2089.jpg	 8.844436e+01	 12	 999000	 120	 999000	 999	 8.946122e+01	 750.00	 699.99	 19.00	 42	 0.68	 
MRI_faces_148	 2	 15	 2212.jpg	 9.144482e+01	 11	 9.425184e+02	 110	 7.503031e+02	 98	 9.246163e+01	 766.67	 699.99	 14.00	 56	 0.74	 
MRI_faces_148	 2	 15	 2125.jpg	 9.344524e+01	 12	 999000	 120	 999000	 999	 9.446203e+01	 766.67	 699.99	 4.00	 47	 0.87	 
MRI_faces_148	 2	 15	 2218.jpg	 9.744594e+01	 24	 999000	 240	 999000	 999	 9.846276e+01	 766.67	 699.99	 55.00	 57	 0.19	 
MRI_faces_148	 2	 15	 1080.jpg	 9.944627e+01	 12	 999000	 120	 999000	 999	 1.004630e+02	 766.67	 699.99	 15.00	 12	 0.73	 
MRI_faces_148	 2	 15	 2149.jpg	 1.024425e+02	 24	 999000	 240	 999000	 999	 1.034593e+02	 766.67	 699.99	 41.00	 49	 0.34	 
MRI_faces_148	 2	 15	 2118.jpg	 1.044425e+02	 11	 9.708767e+02	 110	 7.669441e+02	 98	 1.054591e+02	 783.33	 699.99	 16.00	 46	 0.72	 
MRI_faces_148	 2	 15	 2155.jpg	 1.084425e+02	 22	 8.998608e+02	 220	 7.002497e+02	 98	 1.094591e+02	 783.33	 716.66	 46.00	 51	 0.28	 
MRI_faces_148	 2	 15	 2181.jpg	 1.104425e+02	 12	 999000	 120	 999000	 999	 1.114591e+02	 783.33	 716.66	 6.00	 53	 0.84	 
MRI_faces_148	 2	 15	 2043.jpg	 1.144426e+02	 12	 999000	 120	 999000	 999	 1.154592e+02	 783.33	 716.66	 22.00	 37	 0.58	 
MRI_faces_148	 2	 15	 1031.jpg	 1.174426e+02	 12	 999000	 120	 999000	 999	 1.184592e+02	 783.33	 716.66	 13.00	 6	 0.76	 
MRI_faces_148	 2	 15	 1246.jpg	 1.194426e+02	 24	 999000	 240	 999000	 999	 1.204593e+02	 783.33	 716.66	 42.00	 28	 0.33	 
MRI_faces_148	 2	 15	 2194.jpg	 1.224426e+02	 24	 999000	 240	 999000	 999	 1.234593e+02	 783.33	 716.66	 56.00	 54	 0.18	 
