subjectID	 order	 runNum	 itemName	 onsetTime	 shuff_trialType	 RT	 respInTime	 AudioTime	 response	 fixationTime	 ladder1	 ladder2	 bidIndex	 itemNameIndex	 bidValue	 
MRI_faces_139	 1	 1	 1204.jpg	 2.389080e+00	 22	 1.011871e+03	 2200	 7.542382e+02	 98	 3.419494e+00	 750.00	 700.00	 50.00	 24	 0.25	 
MRI_faces_139	 1	 1	 2118.jpg	 4.378695e+00	 12	 999000	 120	 999000	 999	 5.395415e+00	 750.00	 700.00	 3.00	 46	 0.88	 
MRI_faces_139	 1	 1	 1130.jpg	 7.379103e+00	 22	 9.057948e+02	 220	 7.026497e+02	 98	 8.395414e+00	 750.00	 716.67	 53.00	 15	 0.21	 
MRI_faces_139	 1	 1	 2039.jpg	 1.037883e+01	 22	 9.970701e+02	 220	 7.169688e+02	 98	 1.139557e+01	 750.00	 733.33	 47.00	 35	 0.29	 
MRI_faces_139	 1	 1	 2209.jpg	 1.237892e+01	 11	 9.429763e+02	 110	 7.528607e+02	 98	 1.339567e+01	 766.67	 733.33	 7.00	 55	 0.82	 
MRI_faces_139	 1	 1	 1226.jpg	 1.637897e+01	 12	 999000	 120	 999000	 999	 1.739560e+01	 766.67	 733.33	 17.00	 27	 0.68	 
MRI_faces_139	 1	 1	 2229.jpg	 2.137910e+01	 24	 999000	 240	 999000	 999	 2.239573e+01	 766.67	 733.33	 40.00	 58	 0.34	 
MRI_faces_139	 1	 1	 2125.jpg	 2.337904e+01	 12	 999000	 120	 999000	 999	 2.439577e+01	 766.67	 733.33	 16.00	 47	 0.69	 
MRI_faces_139	 1	 1	 1191.jpg	 2.637907e+01	 22	 8.708419e+02	 220	 7.337546e+02	 98	 2.739585e+01	 766.67	 750.00	 44.00	 21	 0.31	 
MRI_faces_139	 1	 1	 2110.jpg	 2.837919e+01	 12	 999000	 120	 999000	 999	 2.939580e+01	 766.67	 750.00	 21.00	 44	 0.64	 
MRI_faces_139	 1	 1	 2181.jpg	 3.437925e+01	 24	 999000	 240	 999000	 999	 3.539593e+01	 766.67	 750.00	 51.00	 53	 0.25	 
MRI_faces_139	 1	 1	 1210.jpg	 3.737925e+01	 12	 999000	 120	 999000	 999	 3.839596e+01	 766.67	 750.00	 22.00	 25	 0.63	 
MRI_faces_139	 1	 1	 1255.jpg	 4.237938e+01	 12	 999000	 120	 999000	 999	 4.339605e+01	 766.67	 750.00	 6.00	 29	 0.83	 
MRI_faces_139	 1	 1	 2058.jpg	 4.437945e+01	 24	 999000	 240	 999000	 999	 4.539609e+01	 766.67	 750.00	 55.00	 40	 0.19	 
MRI_faces_139	 1	 1	 2063.jpg	 4.637943e+01	 12	 999000	 120	 999000	 999	 4.739614e+01	 766.67	 750.00	 14.00	 41	 0.69	 
MRI_faces_139	 1	 1	 1073.jpg	 5.037995e+01	 11	 9.069401e+02	 110	 7.669635e+02	 98	 5.139673e+01	 783.33	 750.00	 13.00	 11	 0.70	 
MRI_faces_139	 1	 1	 2045.jpg	 5.238047e+01	 11	 9.874297e+02	 110	 7.836304e+02	 98	 5.339709e+01	 800.00	 750.00	 12.00	 38	 0.72	 
MRI_faces_139	 1	 1	 2194.jpg	 5.538083e+01	 24	 999000	 240	 999000	 999	 5.639761e+01	 800.00	 750.00	 58.00	 54	 0.16	 
MRI_faces_139	 1	 1	 2094.jpg	 5.838133e+01	 12	 999000	 120	 999000	 999	 5.939827e+01	 800.00	 750.00	 11.00	 43	 0.72	 
MRI_faces_139	 1	 1	 2153.jpg	 6.138181e+01	 12	 999000	 120	 999000	 999	 6.239864e+01	 800.00	 750.00	 4.00	 50	 0.84	 
MRI_faces_139	 1	 1	 2149.jpg	 6.338220e+01	 24	 999000	 240	 999000	 999	 6.439900e+01	 800.00	 750.00	 49.00	 49	 0.26	 
MRI_faces_139	 1	 1	 1173.jpg	 6.738290e+01	 24	 999000	 240	 999000	 999	 6.839980e+01	 800.00	 750.00	 48.00	 19	 0.28	 
MRI_faces_139	 1	 1	 1216.jpg	 6.938331e+01	 24	 999000	 240	 999000	 999	 7.040007e+01	 800.00	 750.00	 43.00	 26	 0.32	 
MRI_faces_139	 1	 1	 1050.jpg	 7.138360e+01	 24	 999000	 240	 999000	 999	 7.240045e+01	 800.00	 750.00	 42.00	 8	 0.32	 
MRI_faces_139	 1	 1	 2053.jpg	 7.338395e+01	 12	 999000	 120	 999000	 999	 7.440078e+01	 800.00	 750.00	 20.00	 39	 0.65	 
MRI_faces_139	 1	 1	 1007.jpg	 7.538434e+01	 22	 9.165802e+02	 220	 7.502583e+02	 98	 7.640125e+01	 800.00	 766.67	 45.00	 1	 0.31	 
MRI_faces_139	 1	 1	 2043.jpg	 7.938506e+01	 24	 999000	 240	 999000	 999	 8.040182e+01	 800.00	 766.67	 56.00	 37	 0.17	 
MRI_faces_139	 1	 1	 2024.jpg	 8.338001e+01	 24	 999000	 240	 999000	 999	 8.439658e+01	 800.00	 766.67	 46.00	 34	 0.30	 
MRI_faces_139	 1	 1	 2240.jpg	 8.738005e+01	 12	 999000	 120	 999000	 999	 8.839679e+01	 800.00	 766.67	 8.00	 59	 0.80	 
MRI_faces_139	 1	 1	 2006.jpg	 9.038005e+01	 12	 999000	 120	 999000	 999	 9.139683e+01	 800.00	 766.67	 5.00	 31	 0.83	 
MRI_faces_139	 1	 1	 2128.jpg	 9.238008e+01	 12	 999000	 120	 999000	 999	 9.339673e+01	 800.00	 766.67	 9.00	 48	 0.79	 
MRI_faces_139	 1	 1	 2155.jpg	 9.438020e+01	 24	 999000	 240	 999000	 999	 9.539696e+01	 800.00	 766.67	 54.00	 51	 0.21	 
MRI_faces_139	 1	 1	 1027.jpg	 9.638023e+01	 24	 999000	 240	 999000	 999	 9.739681e+01	 800.00	 766.67	 39.00	 5	 0.36	 
MRI_faces_139	 1	 1	 1017.jpg	 9.838021e+01	 11	 1.019691e+03	 1100	 8.002945e+02	 98	 9.939680e+01	 750.00	 766.67	 10.00	 3	 0.77	 
MRI_faces_139	 1	 1	 1146.jpg	 1.023803e+02	 11	 9.766219e+02	 110	 7.503237e+02	 98	 1.033970e+02	 766.67	 766.67	 15.00	 17	 0.69	 
MRI_faces_139	 1	 1	 2089.jpg	 1.043803e+02	 11	 9.586118e+02	 110	 7.669424e+02	 98	 1.053969e+02	 783.33	 766.67	 18.00	 42	 0.68	 
MRI_faces_139	 1	 1	 1262.jpg	 1.113804e+02	 12	 999000	 120	 999000	 999	 1.123972e+02	 783.33	 766.67	 19.00	 30	 0.67	 
MRI_faces_139	 1	 1	 1060.jpg	 1.153804e+02	 24	 999000	 240	 999000	 999	 1.163971e+02	 783.33	 766.67	 41.00	 10	 0.32	 
MRI_faces_139	 1	 1	 1246.jpg	 1.183804e+02	 24	 999000	 240	 999000	 999	 1.193972e+02	 783.33	 766.67	 57.00	 28	 0.17	 
MRI_faces_139	 1	 1	 2164.jpg	 1.223805e+02	 22	 9.463688e+02	 220	 7.670047e+02	 98	 1.233972e+02	 783.33	 783.33	 52.00	 52	 0.24	 
