subjectID	 order	 runNum	 itemName	 onsetTime	 shuff_trialType	 RT	 respInTime	 AudioTime	 response	 fixationTime	 ladder1	 ladder2	 bidIndex	 itemNameIndex	 bidValue	 
MRI_faces_136	 2	 14	 1191.jpg	 1.241980e+02	 12	 999000	 120	 999000	 999	 1.252147e+02	 783.33	 783.32	 5.00	 21	 0.82	 
MRI_faces_136	 2	 14	 2094.jpg	 1.271980e+02	 22	 9.953650e+02	 220	 7.836253e+02	 98	 1.282149e+02	 783.33	 799.99	 48.00	 43	 0.34	 
MRI_faces_136	 2	 14	 2043.jpg	 1.311981e+02	 11	 9.732314e+02	 110	 7.836034e+02	 98	 1.322148e+02	 800.00	 799.99	 8.00	 37	 0.79	 
MRI_faces_136	 2	 14	 1017.jpg	 1.341984e+02	 24	 999000	 240	 999000	 999	 1.352153e+02	 800.00	 799.99	 58.00	 3	 0.13	 
MRI_faces_136	 2	 14	 1246.jpg	 1.381992e+02	 24	 999000	 240	 999000	 999	 1.392160e+02	 800.00	 799.99	 41.00	 28	 0.40	 
MRI_faces_136	 2	 14	 1073.jpg	 1.411983e+02	 12	 999000	 120	 999000	 999	 1.422166e+02	 800.00	 799.99	 15.00	 11	 0.66	 
MRI_faces_136	 2	 14	 2015.jpg	 1.432002e+02	 12	 999000	 120	 999000	 999	 1.442168e+02	 800.00	 799.99	 4.00	 33	 0.85	 
MRI_faces_136	 2	 14	 1035.jpg	 1.461983e+02	 12	 999000	 120	 999000	 999	 1.472174e+02	 800.00	 799.99	 6.00	 7	 0.81	 
MRI_faces_136	 2	 14	 2010.jpg	 1.491985e+02	 22	 1.002896e+03	 2200	 8.002736e+02	 98	 1.502151e+02	 800.00	 749.99	 46.00	 32	 0.35	 
MRI_faces_136	 2	 14	 2063.jpg	 1.541984e+02	 12	 999000	 120	 999000	 999	 1.552151e+02	 800.00	 749.99	 13.00	 41	 0.68	 
MRI_faces_136	 2	 14	 2212.jpg	 1.561984e+02	 11	 9.699323e+02	 110	 8.002686e+02	 98	 1.572151e+02	 816.66	 749.99	 9.00	 56	 0.76	 
MRI_faces_136	 2	 14	 2058.jpg	 1.581985e+02	 24	 999000	 240	 999000	 999	 1.592152e+02	 816.66	 749.99	 42.00	 40	 0.39	 
MRI_faces_136	 2	 14	 1146.jpg	 1.621985e+02	 12	 999000	 120	 999000	 999	 1.632152e+02	 816.66	 749.99	 20.00	 17	 0.58	 
MRI_faces_136	 2	 14	 2218.jpg	 1.691987e+02	 24	 999000	 240	 999000	 999	 1.702153e+02	 816.66	 749.99	 39.00	 57	 0.43	 
MRI_faces_136	 2	 14	 1216.jpg	 1.711986e+02	 12	 999000	 120	 999000	 999	 1.722153e+02	 816.66	 749.99	 18.00	 26	 0.61	 
MRI_faces_136	 2	 14	 1052.jpg	 1.731987e+02	 12	 999000	 120	 999000	 999	 1.742154e+02	 816.66	 749.99	 22.00	 9	 0.56	 
MRI_faces_136	 2	 14	 2248.jpg	 1.751987e+02	 12	 999000	 120	 999000	 999	 1.762154e+02	 816.66	 749.99	 7.00	 60	 0.80	 
MRI_faces_136	 2	 14	 2149.jpg	 1.771987e+02	 22	 9.255946e+02	 220	 7.502694e+02	 98	 1.782154e+02	 816.66	 766.65	 51.00	 49	 0.28	 
MRI_faces_136	 2	 14	 2118.jpg	 1.791988e+02	 12	 999000	 120	 999000	 999	 1.802156e+02	 816.66	 766.65	 3.00	 46	 0.85	 
MRI_faces_136	 2	 14	 1192.jpg	 1.821988e+02	 22	 9.145524e+02	 220	 7.669260e+02	 98	 1.832155e+02	 816.66	 783.32	 43.00	 22	 0.38	 
MRI_faces_136	 2	 14	 2045.jpg	 1.841989e+02	 22	 9.444639e+02	 220	 7.835910e+02	 98	 1.852156e+02	 816.66	 799.99	 54.00	 38	 0.25	 
MRI_faces_136	 2	 14	 1183.jpg	 1.861989e+02	 12	 999000	 120	 999000	 999	 1.872156e+02	 816.66	 799.99	 21.00	 20	 0.57	 
MRI_faces_136	 2	 14	 2039.jpg	 1.901989e+02	 11	 9.794063e+02	 110	 8.169218e+02	 98	 1.912157e+02	 833.33	 799.99	 16.00	 35	 0.65	 
MRI_faces_136	 2	 14	 1210.jpg	 1.941990e+02	 24	 999000	 240	 999000	 999	 1.952157e+02	 833.33	 799.99	 40.00	 25	 0.41	 
MRI_faces_136	 2	 14	 2153.jpg	 2.001991e+02	 12	 999000	 120	 999000	 999	 2.012158e+02	 833.33	 799.99	 19.00	 50	 0.59	 
MRI_faces_136	 2	 14	 1127.jpg	 2.021992e+02	 22	 9.431659e+02	 220	 8.002469e+02	 98	 2.032157e+02	 833.33	 816.65	 49.00	 14	 0.31	 
MRI_faces_136	 2	 14	 2110.jpg	 2.041992e+02	 24	 999000	 240	 999000	 999	 2.052159e+02	 833.33	 816.65	 56.00	 44	 0.16	 
MRI_faces_136	 2	 14	 2041.jpg	 2.061992e+02	 24	 999000	 240	 999000	 999	 2.072159e+02	 833.33	 816.65	 45.00	 36	 0.36	 
MRI_faces_136	 2	 14	 1060.jpg	 2.101992e+02	 24	 999000	 240	 999000	 999	 2.112159e+02	 833.33	 816.65	 53.00	 10	 0.26	 
MRI_faces_136	 2	 14	 2155.jpg	 2.121993e+02	 24	 999000	 240	 999000	 999	 2.132159e+02	 833.33	 816.65	 57.00	 51	 0.13	 
MRI_faces_136	 2	 14	 1150.jpg	 2.141994e+02	 24	 999000	 240	 999000	 999	 2.152160e+02	 833.33	 816.65	 52.00	 18	 0.27	 
MRI_faces_136	 2	 14	 1050.jpg	 2.161993e+02	 24	 999000	 240	 999000	 999	 2.172160e+02	 833.33	 816.65	 47.00	 8	 0.34	 
MRI_faces_136	 2	 14	 2194.jpg	 2.201994e+02	 24	 999000	 240	 999000	 999	 2.212160e+02	 833.33	 816.65	 50.00	 54	 0.30	 
MRI_faces_136	 2	 14	 2209.jpg	 2.241994e+02	 12	 999000	 120	 999000	 999	 2.252162e+02	 833.33	 816.65	 10.00	 55	 0.73	 
MRI_faces_136	 2	 14	 2229.jpg	 2.271997e+02	 11	 1.038682e+03	 1100	 8.336097e+02	 98	 2.282161e+02	 783.33	 816.65	 11.00	 58	 0.69	 
MRI_faces_136	 2	 14	 2240.jpg	 2.321996e+02	 24	 999000	 240	 999000	 999	 2.332162e+02	 783.33	 816.65	 55.00	 59	 0.23	 
MRI_faces_136	 2	 14	 2181.jpg	 2.341996e+02	 12	 999000	 120	 999000	 999	 2.352163e+02	 783.33	 816.65	 12.00	 53	 0.69	 
MRI_faces_136	 2	 14	 1262.jpg	 2.371998e+02	 24	 999000	 240	 999000	 999	 2.382167e+02	 783.33	 816.65	 44.00	 30	 0.37	 
MRI_faces_136	 2	 14	 1202.jpg	 2.411997e+02	 11	 9.526328e+02	 110	 7.835867e+02	 98	 2.422174e+02	 800.00	 816.65	 14.00	 23	 0.67	 
MRI_faces_136	 2	 14	 2128.jpg	 2.441998e+02	 11	 9.815303e+02	 110	 8.002884e+02	 98	 2.452182e+02	 816.66	 816.65	 17.00	 48	 0.65	 
