subjectID	 order	 runNum	 itemName	 onsetTime	 shuff_trialType	 RT	 respInTime	 AudioTime	 response	 fixationTime	 ladder1	 ladder2	 bidIndex	 itemNameIndex	 bidValue	 
MRI_faces_147	 1	 5	 1007.jpg	 2.310595e+00	 12	 999000	 120	 999000	 999	 3.327029e+00	 616.66	 616.66	 17.00	 1	 0.67	 
MRI_faces_147	 1	 5	 2181.jpg	 7.294349e+00	 12	 999000	 120	 999000	 999	 8.311208e+00	 616.66	 616.66	 9.00	 53	 0.77	 
MRI_faces_147	 1	 5	 1202.jpg	 9.294623e+00	 12	 999000	 120	 999000	 999	 1.031158e+01	 616.66	 616.66	 3.00	 23	 0.87	 
MRI_faces_147	 1	 5	 1183.jpg	 1.229524e+01	 24	 999000	 240	 999000	 999	 1.331196e+01	 616.66	 616.66	 43.00	 20	 0.33	 
MRI_faces_147	 1	 5	 1226.jpg	 1.529573e+01	 22	 1.081327e+03	 2200	 6.193368e+02	 98	 1.631259e+01	 616.66	 566.66	 47.00	 27	 0.29	 
MRI_faces_147	 1	 5	 1035.jpg	 2.229687e+01	 12	 999000	 120	 999000	 999	 2.331375e+01	 616.66	 566.66	 8.00	 7	 0.80	 
MRI_faces_147	 1	 5	 2006.jpg	 2.429735e+01	 12	 999000	 120	 999000	 999	 2.531407e+01	 616.66	 566.66	 5.00	 31	 0.83	 
MRI_faces_147	 1	 5	 1019.jpg	 2.829807e+01	 12	 999000	 120	 999000	 999	 2.931480e+01	 616.66	 566.66	 11.00	 4	 0.74	 
MRI_faces_147	 1	 5	 2043.jpg	 3.029836e+01	 24	 999000	 240	 999000	 999	 3.131516e+01	 616.66	 566.66	 42.00	 37	 0.34	 
MRI_faces_147	 1	 5	 2094.jpg	 3.529922e+01	 24	 999000	 240	 999000	 999	 3.631608e+01	 616.66	 566.66	 49.00	 43	 0.27	 
MRI_faces_147	 1	 5	 1192.jpg	 3.929999e+01	 24	 999000	 240	 999000	 999	 4.031697e+01	 616.66	 566.66	 56.00	 22	 0.19	 
MRI_faces_147	 1	 5	 1027.jpg	 4.130032e+01	 11	 9.827407e+02	 110	 6.190960e+02	 98	 4.231707e+01	 633.33	 566.66	 12.00	 5	 0.73	 
MRI_faces_147	 1	 5	 2248.jpg	 4.430084e+01	 12	 999000	 120	 999000	 999	 4.531761e+01	 633.33	 566.66	 21.00	 60	 0.65	 
MRI_faces_147	 1	 5	 1080.jpg	 4.730137e+01	 12	 999000	 120	 999000	 999	 4.831819e+01	 633.33	 566.66	 14.00	 12	 0.73	 
MRI_faces_147	 1	 5	 1150.jpg	 5.130202e+01	 24	 999000	 240	 999000	 999	 5.231888e+01	 633.33	 566.66	 48.00	 18	 0.29	 
MRI_faces_147	 1	 5	 2039.jpg	 5.530280e+01	 12	 999000	 120	 999000	 999	 5.631960e+01	 633.33	 566.66	 20.00	 35	 0.66	 
MRI_faces_147	 1	 5	 2128.jpg	 5.930351e+01	 24	 999000	 240	 999000	 999	 6.032023e+01	 633.33	 566.66	 41.00	 48	 0.36	 
MRI_faces_147	 1	 5	 2089.jpg	 6.230408e+01	 24	 999000	 240	 999000	 999	 6.332078e+01	 633.33	 566.66	 46.00	 42	 0.30	 
MRI_faces_147	 1	 5	 1216.jpg	 6.530448e+01	 11	 1.075591e+03	 1100	 6.336225e+02	 98	 6.632128e+01	 583.33	 566.66	 10.00	 26	 0.76	 
MRI_faces_147	 1	 5	 2125.jpg	 6.830508e+01	 11	 8.809910e+02	 110	 5.835727e+02	 98	 6.932188e+01	 599.99	 566.66	 18.00	 47	 0.67	 
MRI_faces_147	 1	 5	 2164.jpg	 7.030534e+01	 24	 999000	 240	 999000	 999	 7.132223e+01	 599.99	 566.66	 58.00	 52	 0.18	 
MRI_faces_147	 1	 5	 1204.jpg	 7.330597e+01	 24	 999000	 240	 999000	 999	 7.432267e+01	 599.99	 566.66	 57.00	 24	 0.18	 
MRI_faces_147	 1	 5	 2110.jpg	 7.529302e+01	 24	 999000	 240	 999000	 999	 7.630963e+01	 599.99	 566.66	 54.00	 44	 0.20	 
MRI_faces_147	 1	 5	 1114.jpg	 7.729304e+01	 12	 999000	 120	 999000	 999	 7.830968e+01	 599.99	 566.66	 22.00	 13	 0.64	 
MRI_faces_147	 1	 5	 2194.jpg	 7.929300e+01	 22	 9.030710e+02	 220	 5.669530e+02	 98	 8.030971e+01	 599.99	 583.33	 53.00	 54	 0.21	 
MRI_faces_147	 1	 5	 2112.jpg	 8.229331e+01	 12	 999000	 120	 999000	 999	 8.330970e+01	 599.99	 583.33	 4.00	 45	 0.84	 
MRI_faces_147	 1	 5	 2058.jpg	 8.629315e+01	 24	 999000	 240	 999000	 999	 8.730979e+01	 599.99	 583.33	 51.00	 40	 0.26	 
MRI_faces_147	 1	 5	 2015.jpg	 8.829323e+01	 22	 9.968309e+02	 220	 5.835925e+02	 98	 8.930984e+01	 599.99	 599.99	 44.00	 33	 0.31	 
MRI_faces_147	 1	 5	 1060.jpg	 9.029318e+01	 12	 999000	 120	 999000	 999	 9.130983e+01	 599.99	 599.99	 19.00	 10	 0.66	 
MRI_faces_147	 1	 5	 1255.jpg	 9.429329e+01	 11	 1.010812e+03	 1100	 6.002821e+02	 98	 9.531375e+01	 549.99	 599.99	 7.00	 29	 0.81	 
MRI_faces_147	 1	 5	 1050.jpg	 9.629337e+01	 11	 8.237048e+02	 110	 5.502709e+02	 98	 9.731011e+01	 566.66	 599.99	 15.00	 8	 0.70	 
MRI_faces_147	 1	 5	 2155.jpg	 9.829364e+01	 24	 999000	 240	 999000	 999	 9.931041e+01	 566.66	 599.99	 40.00	 51	 0.36	 
MRI_faces_147	 1	 5	 2218.jpg	 1.022943e+02	 22	 9.827759e+02	 220	 6.002590e+02	 98	 1.033112e+02	 566.66	 616.66	 45.00	 57	 0.30	 
MRI_faces_147	 1	 5	 2153.jpg	 1.062951e+02	 12	 999000	 120	 999000	 999	 1.073119e+02	 566.66	 616.66	 16.00	 50	 0.70	 
MRI_faces_147	 1	 5	 2212.jpg	 1.082954e+02	 24	 999000	 240	 999000	 999	 1.093123e+02	 566.66	 616.66	 39.00	 56	 0.37	 
MRI_faces_147	 1	 5	 2149.jpg	 1.102957e+02	 24	 999000	 240	 999000	 999	 1.113125e+02	 566.66	 616.66	 55.00	 49	 0.19	 
MRI_faces_147	 1	 5	 1073.jpg	 1.122963e+02	 12	 999000	 120	 999000	 999	 1.133129e+02	 566.66	 616.66	 6.00	 11	 0.82	 
MRI_faces_147	 1	 5	 2209.jpg	 1.142965e+02	 22	 1.083573e+03	 2200	 6.169499e+02	 98	 1.153133e+02	 566.66	 566.66	 50.00	 55	 0.26	 
MRI_faces_147	 1	 5	 2010.jpg	 1.202975e+02	 22	 9.535973e+02	 220	 5.669343e+02	 98	 1.213143e+02	 566.66	 583.33	 52.00	 32	 0.24	 
MRI_faces_147	 1	 5	 1013.jpg	 1.222978e+02	 11	 8.873120e+02	 110	 5.669828e+02	 98	 1.233146e+02	 583.33	 583.33	 13.00	 2	 0.73	 
