subjectID	 order	 runNum	 itemName	 onsetTime	 shuff_trialType	 RT	 respInTime	 AudioTime	 response	 fixationTime	 ladder1	 ladder2	 bidIndex	 itemNameIndex	 bidValue	 
MRI_faces_146	 2	 15	 2010.jpg	 2.446430e+00	 12	 999000	 120	 999000	 999	 3.464084e+00	 550.03	 616.66	 10.00	 32	 0.78	 
MRI_faces_146	 2	 15	 2094.jpg	 6.435288e+00	 24	 999000	 240	 999000	 999	 7.451903e+00	 550.03	 616.66	 52.00	 43	 0.23	 
MRI_faces_146	 2	 15	 1080.jpg	 8.435316e+00	 12	 999000	 120	 999000	 999	 9.451903e+00	 550.03	 616.66	 13.00	 12	 0.75	 
MRI_faces_146	 2	 15	 1183.jpg	 1.343542e+01	 24	 999000	 240	 999000	 999	 1.445198e+01	 550.03	 616.66	 44.00	 20	 0.34	 
MRI_faces_146	 2	 15	 2240.jpg	 1.543537e+01	 11	 9.238752e+02	 110	 5.520440e+02	 98	 1.645204e+01	 566.70	 616.66	 9.00	 59	 0.79	 
MRI_faces_146	 2	 15	 1255.jpg	 1.743536e+01	 12	 999000	 120	 999000	 999	 1.845212e+01	 566.70	 616.66	 18.00	 29	 0.65	 
MRI_faces_146	 2	 15	 1262.jpg	 2.143545e+01	 22	 1.096800e+03	 2200	 6.185724e+02	 98	 2.245218e+01	 566.70	 566.66	 51.00	 30	 0.25	 
MRI_faces_146	 2	 15	 1013.jpg	 2.343547e+01	 24	 999000	 240	 999000	 999	 2.445219e+01	 566.70	 566.66	 47.00	 2	 0.30	 
MRI_faces_146	 2	 15	 2053.jpg	 2.543548e+01	 12	 999000	 120	 999000	 999	 2.645228e+01	 566.70	 566.66	 20.00	 39	 0.62	 
MRI_faces_146	 2	 15	 2153.jpg	 2.843555e+01	 11	 6.727187e+02	 110	 5.669898e+02	 98	 2.945227e+01	 583.36	 566.66	 8.00	 50	 0.80	 
MRI_faces_146	 2	 15	 1027.jpg	 3.043557e+01	 22	 1.014678e+03	 2200	 5.669374e+02	 98	 3.145291e+01	 583.36	 516.66	 48.00	 5	 0.28	 
MRI_faces_146	 2	 15	 1060.jpg	 3.443566e+01	 24	 999000	 240	 999000	 999	 3.545232e+01	 583.36	 516.66	 41.00	 10	 0.36	 
MRI_faces_146	 2	 15	 2006.jpg	 4.043630e+01	 12	 999000	 120	 999000	 999	 4.145308e+01	 583.36	 516.66	 3.00	 31	 0.85	 
MRI_faces_146	 2	 15	 1031.jpg	 4.343677e+01	 12	 999000	 120	 999000	 999	 4.445354e+01	 583.36	 516.66	 22.00	 6	 0.62	 
MRI_faces_146	 2	 15	 2155.jpg	 4.543703e+01	 22	 8.852087e+02	 220	 5.169368e+02	 98	 4.645408e+01	 583.36	 533.33	 43.00	 51	 0.36	 
MRI_faces_146	 2	 15	 2218.jpg	 4.743756e+01	 11	 1.179698e+03	 1100	 5.836503e+02	 98	 4.845428e+01	 533.36	 533.33	 16.00	 57	 0.72	 
MRI_faces_146	 2	 15	 1130.jpg	 4.943782e+01	 24	 999000	 240	 999000	 999	 5.045465e+01	 533.36	 533.33	 40.00	 15	 0.38	 
MRI_faces_146	 2	 15	 2058.jpg	 5.143816e+01	 12	 999000	 120	 999000	 999	 5.245495e+01	 533.36	 533.33	 12.00	 40	 0.75	 
MRI_faces_146	 2	 15	 2041.jpg	 5.443864e+01	 11	 8.126673e+02	 110	 5.336608e+02	 98	 5.545549e+01	 550.03	 533.33	 17.00	 36	 0.70	 
MRI_faces_146	 2	 15	 2194.jpg	 5.843939e+01	 24	 999000	 240	 999000	 999	 5.945615e+01	 550.03	 533.33	 53.00	 54	 0.23	 
MRI_faces_146	 2	 15	 1150.jpg	 6.143993e+01	 24	 999000	 240	 999000	 999	 6.245673e+01	 550.03	 533.33	 56.00	 18	 0.17	 
MRI_faces_146	 2	 15	 1210.jpg	 6.544065e+01	 22	 7.465925e+02	 220	 5.336044e+02	 98	 6.645740e+01	 550.03	 549.99	 46.00	 25	 0.30	 
MRI_faces_146	 2	 15	 2125.jpg	 7.044146e+01	 12	 999000	 120	 999000	 999	 7.145828e+01	 550.03	 549.99	 4.00	 47	 0.83	 
MRI_faces_146	 2	 15	 2118.jpg	 7.444215e+01	 12	 999000	 120	 999000	 999	 7.545902e+01	 550.03	 549.99	 19.00	 46	 0.65	 
MRI_faces_146	 2	 15	 2229.jpg	 7.744294e+01	 12	 999000	 120	 999000	 999	 7.845949e+01	 550.03	 549.99	 5.00	 58	 0.82	 
MRI_faces_146	 2	 15	 1226.jpg	 7.944303e+01	 24	 999000	 240	 999000	 999	 8.045994e+01	 550.03	 549.99	 58.00	 27	 0.13	 
MRI_faces_146	 2	 15	 1127.jpg	 8.144336e+01	 24	 999000	 240	 999000	 999	 8.246018e+01	 550.03	 549.99	 50.00	 14	 0.26	 
MRI_faces_146	 2	 15	 2248.jpg	 8.843656e+01	 12	 999000	 120	 999000	 999	 8.945313e+01	 550.03	 549.99	 7.00	 60	 0.81	 
MRI_faces_146	 2	 15	 2089.jpg	 9.143655e+01	 12	 999000	 120	 999000	 999	 9.245324e+01	 550.03	 549.99	 6.00	 42	 0.82	 
MRI_faces_146	 2	 15	 2110.jpg	 9.343659e+01	 24	 999000	 240	 999000	 999	 9.445318e+01	 550.03	 549.99	 55.00	 44	 0.20	 
MRI_faces_146	 2	 15	 2181.jpg	 9.743672e+01	 11	 8.535217e+02	 110	 5.502889e+02	 98	 9.845330e+01	 566.70	 549.99	 11.00	 53	 0.76	 
MRI_faces_146	 2	 15	 2045.jpg	 9.943681e+01	 22	 9.484298e+02	 220	 5.502991e+02	 98	 1.004533e+02	 566.70	 566.66	 49.00	 38	 0.28	 
MRI_faces_146	 2	 15	 2128.jpg	 1.024367e+02	 12	 999000	 120	 999000	 999	 1.034534e+02	 566.70	 566.66	 15.00	 48	 0.72	 
MRI_faces_146	 2	 15	 1146.jpg	 1.044367e+02	 24	 999000	 240	 999000	 999	 1.054535e+02	 566.70	 566.66	 39.00	 17	 0.39	 
MRI_faces_146	 2	 15	 1192.jpg	 1.084368e+02	 24	 999000	 240	 999000	 999	 1.094535e+02	 566.70	 566.66	 57.00	 22	 0.16	 
MRI_faces_146	 2	 15	 2063.jpg	 1.104368e+02	 12	 999000	 120	 999000	 999	 1.114535e+02	 566.70	 566.66	 21.00	 41	 0.62	 
MRI_faces_146	 2	 15	 2149.jpg	 1.144370e+02	 24	 999000	 240	 999000	 999	 1.154535e+02	 566.70	 566.66	 45.00	 49	 0.33	 
MRI_faces_146	 2	 15	 1204.jpg	 1.174369e+02	 24	 999000	 240	 999000	 999	 1.184536e+02	 566.70	 566.66	 42.00	 24	 0.36	 
MRI_faces_146	 2	 15	 1019.jpg	 1.194371e+02	 22	 8.741353e+02	 220	 5.669519e+02	 98	 1.204536e+02	 566.70	 583.33	 54.00	 4	 0.21	 
MRI_faces_146	 2	 15	 2209.jpg	 1.224370e+02	 11	 8.632154e+02	 110	 5.669704e+02	 98	 1.234536e+02	 583.36	 583.33	 14.00	 55	 0.73	 
