subjectID	 order	 runNum	 itemName	 onsetTime	 shuff_trialType	 RT	 respInTime	 AudioTime	 response	 fixationTime	 ladder1	 ladder2	 bidIndex	 itemNameIndex	 bidValue	 
MRI_faces_125	 1	 8	 1073.jpg	 1.241981e+02	 24	 999000	 240	 999000	 999	 1.252150e+02	 850.00	 783.34	 43.00	 11	 0.37	 
MRI_faces_125	 1	 8	 2089.jpg	 1.271986e+02	 12	 999000	 120	 999000	 999	 1.282155e+02	 850.00	 783.34	 11.00	 42	 0.74	 
MRI_faces_125	 1	 8	 1173.jpg	 1.311993e+02	 22	 9.478318e+02	 220	 7.836353e+02	 98	 1.322161e+02	 850.00	 800.01	 53.00	 19	 0.23	 
MRI_faces_125	 1	 8	 2164.jpg	 1.341999e+02	 22	 9.613197e+02	 220	 8.002630e+02	 98	 1.352168e+02	 850.00	 816.67	 44.00	 52	 0.37	 
MRI_faces_125	 1	 8	 2010.jpg	 1.382005e+02	 12	 999000	 120	 999000	 999	 1.392173e+02	 850.00	 816.67	 19.00	 32	 0.63	 
MRI_faces_125	 1	 8	 2041.jpg	 1.412010e+02	 11	 1.019247e+03	 1100	 8.502859e+02	 98	 1.422512e+02	 800.00	 816.67	 13.00	 36	 0.73	 
MRI_faces_125	 1	 8	 1150.jpg	 1.432016e+02	 24	 999000	 240	 999000	 999	 1.442182e+02	 800.00	 816.67	 58.00	 18	 0.18	 
MRI_faces_125	 1	 8	 2240.jpg	 1.462020e+02	 12	 999000	 120	 999000	 999	 1.472187e+02	 800.00	 816.67	 17.00	 59	 0.66	 
MRI_faces_125	 1	 8	 1226.jpg	 1.492025e+02	 24	 999000	 240	 999000	 999	 1.502192e+02	 800.00	 816.67	 56.00	 27	 0.20	 
MRI_faces_125	 1	 8	 2155.jpg	 1.542033e+02	 12	 999000	 120	 999000	 999	 1.552202e+02	 800.00	 816.67	 6.00	 51	 0.80	 
MRI_faces_125	 1	 8	 1035.jpg	 1.562037e+02	 11	 1.033458e+03	 1100	 8.002916e+02	 98	 1.572206e+02	 750.00	 816.67	 7.00	 7	 0.80	 
MRI_faces_125	 1	 8	 1145.jpg	 1.582040e+02	 24	 999000	 240	 999000	 999	 1.592208e+02	 750.00	 816.67	 54.00	 16	 0.22	 
MRI_faces_125	 1	 8	 1204.jpg	 1.621979e+02	 24	 999000	 240	 999000	 999	 1.632146e+02	 750.00	 816.67	 57.00	 24	 0.19	 
MRI_faces_125	 1	 8	 2118.jpg	 1.691980e+02	 12	 999000	 120	 999000	 999	 1.702148e+02	 750.00	 816.67	 9.00	 46	 0.78	 
MRI_faces_125	 1	 8	 1216.jpg	 1.711980e+02	 24	 999000	 240	 999000	 999	 1.722148e+02	 750.00	 816.67	 39.00	 26	 0.40	 
MRI_faces_125	 1	 8	 1019.jpg	 1.731981e+02	 24	 999000	 240	 999000	 999	 1.742147e+02	 750.00	 816.67	 42.00	 4	 0.38	 
MRI_faces_125	 1	 8	 1060.jpg	 1.751982e+02	 22	 1.041023e+03	 2200	 8.169528e+02	 98	 1.762149e+02	 750.00	 766.67	 50.00	 10	 0.26	 
MRI_faces_125	 1	 8	 2125.jpg	 1.771982e+02	 24	 999000	 240	 999000	 999	 1.782148e+02	 750.00	 766.67	 40.00	 47	 0.38	 
MRI_faces_125	 1	 8	 1017.jpg	 1.791982e+02	 12	 999000	 120	 999000	 999	 1.802148e+02	 750.00	 766.67	 22.00	 3	 0.59	 
MRI_faces_125	 1	 8	 1192.jpg	 1.821982e+02	 24	 999000	 240	 999000	 999	 1.832149e+02	 750.00	 766.67	 55.00	 22	 0.20	 
MRI_faces_125	 1	 8	 1202.jpg	 1.841983e+02	 11	 9.258489e+02	 110	 7.502722e+02	 98	 1.852149e+02	 766.67	 766.67	 10.00	 23	 0.76	 
MRI_faces_125	 1	 8	 2045.jpg	 1.861982e+02	 24	 999000	 240	 999000	 999	 1.872149e+02	 766.67	 766.67	 51.00	 38	 0.26	 
MRI_faces_125	 1	 8	 1246.jpg	 1.901983e+02	 24	 999000	 240	 999000	 999	 1.912149e+02	 766.67	 766.67	 41.00	 28	 0.38	 
MRI_faces_125	 1	 8	 2248.jpg	 1.941984e+02	 11	 9.398069e+02	 110	 7.669221e+02	 98	 1.952150e+02	 783.33	 766.67	 12.00	 60	 0.74	 
MRI_faces_125	 1	 8	 2094.jpg	 2.001985e+02	 11	 9.436475e+02	 110	 7.835931e+02	 98	 2.012151e+02	 800.00	 766.67	 15.00	 43	 0.71	 
MRI_faces_125	 1	 8	 2043.jpg	 2.021985e+02	 22	 9.826475e+02	 220	 7.669302e+02	 98	 2.032151e+02	 800.00	 783.34	 47.00	 37	 0.30	 
MRI_faces_125	 1	 8	 1027.jpg	 2.041985e+02	 22	 9.406777e+02	 220	 7.836204e+02	 98	 2.052152e+02	 800.00	 800.01	 52.00	 5	 0.25	 
MRI_faces_125	 1	 8	 1146.jpg	 2.061986e+02	 24	 999000	 240	 999000	 999	 2.072153e+02	 800.00	 800.01	 49.00	 17	 0.27	 
MRI_faces_125	 1	 8	 1114.jpg	 2.101987e+02	 12	 999000	 120	 999000	 999	 2.112154e+02	 800.00	 800.01	 14.00	 13	 0.71	 
MRI_faces_125	 1	 8	 2212.jpg	 2.121986e+02	 12	 999000	 120	 999000	 999	 2.132154e+02	 800.00	 800.01	 4.00	 56	 0.83	 
MRI_faces_125	 1	 8	 2229.jpg	 2.141987e+02	 12	 999000	 120	 999000	 999	 2.152153e+02	 800.00	 800.01	 20.00	 58	 0.62	 
MRI_faces_125	 1	 8	 2110.jpg	 2.161987e+02	 24	 999000	 240	 999000	 999	 2.172154e+02	 800.00	 800.01	 48.00	 44	 0.28	 
MRI_faces_125	 1	 8	 1007.jpg	 2.201988e+02	 12	 999000	 120	 999000	 999	 2.212154e+02	 800.00	 800.01	 21.00	 1	 0.60	 
MRI_faces_125	 1	 8	 2006.jpg	 2.241990e+02	 12	 999000	 120	 999000	 999	 2.252158e+02	 800.00	 800.01	 3.00	 31	 0.88	 
MRI_faces_125	 1	 8	 2015.jpg	 2.271995e+02	 12	 999000	 120	 999000	 999	 2.282163e+02	 800.00	 800.01	 5.00	 33	 0.83	 
MRI_faces_125	 1	 8	 1031.jpg	 2.322003e+02	 11	 9.838882e+02	 110	 8.002656e+02	 98	 2.332172e+02	 816.67	 800.01	 18.00	 6	 0.66	 
MRI_faces_125	 1	 8	 2153.jpg	 2.342008e+02	 12	 999000	 120	 999000	 999	 2.352176e+02	 816.67	 800.01	 8.00	 50	 0.79	 
MRI_faces_125	 1	 8	 2039.jpg	 2.372012e+02	 22	 1.056937e+03	 2200	 8.002926e+02	 98	 2.382181e+02	 816.67	 750.01	 45.00	 35	 0.31	 
MRI_faces_125	 1	 8	 2112.jpg	 2.412020e+02	 12	 999000	 120	 999000	 999	 2.422188e+02	 816.67	 750.01	 16.00	 45	 0.66	 
MRI_faces_125	 1	 8	 2024.jpg	 2.442025e+02	 24	 999000	 240	 999000	 999	 2.452193e+02	 816.67	 750.01	 46.00	 34	 0.31	 
