subjectID	 order	 runNum	 itemName	 onsetTime	 shuff_trialType	 RT	 respInTime	 AudioTime	 response	 fixationTime	 ladder1	 ladder2	 bidIndex	 itemNameIndex	 bidValue	 
MRI_faces_143	 1	 9	 1255.jpg	 2.292632e+00	 12	 999000	 120	 999000	 999	 3.309212e+00	 683.34	 749.99	 19.00	 29	 0.64	 
MRI_faces_143	 1	 9	 1073.jpg	 7.275982e+00	 11	 8.984389e+02	 110	 6.861644e+02	 98	 8.292599e+00	 700.01	 749.99	 10.00	 11	 0.79	 
MRI_faces_143	 1	 9	 2110.jpg	 9.275981e+00	 24	 999000	 240	 999000	 999	 1.029269e+01	 700.01	 749.99	 56.00	 44	 0.16	 
MRI_faces_143	 1	 9	 1052.jpg	 1.227603e+01	 22	 9.723839e+02	 220	 7.523345e+02	 98	 1.329272e+01	 700.01	 766.66	 45.00	 9	 0.34	 
MRI_faces_143	 1	 9	 2218.jpg	 1.527626e+01	 24	 999000	 240	 999000	 999	 1.629314e+01	 700.01	 766.66	 39.00	 57	 0.39	 
MRI_faces_143	 1	 9	 2094.jpg	 2.227748e+01	 12	 999000	 120	 999000	 999	 2.329424e+01	 700.01	 766.66	 11.00	 43	 0.78	 
MRI_faces_143	 1	 9	 1080.jpg	 2.427803e+01	 24	 999000	 240	 999000	 999	 2.529457e+01	 700.01	 766.66	 58.00	 12	 0.13	 
MRI_faces_143	 1	 9	 2112.jpg	 2.827857e+01	 12	 999000	 120	 999000	 999	 2.929537e+01	 700.01	 766.66	 9.00	 45	 0.80	 
MRI_faces_143	 1	 9	 1127.jpg	 3.027889e+01	 24	 999000	 240	 999000	 999	 3.129573e+01	 700.01	 766.66	 49.00	 14	 0.30	 
MRI_faces_143	 1	 9	 2248.jpg	 3.527974e+01	 22	 1.016688e+03	 2200	 7.669595e+02	 98	 3.629654e+01	 700.01	 716.66	 47.00	 60	 0.31	 
MRI_faces_143	 1	 9	 1035.jpg	 3.928044e+01	 12	 999000	 120	 999000	 999	 4.029732e+01	 700.01	 716.66	 3.00	 7	 0.88	 
MRI_faces_143	 1	 9	 2164.jpg	 4.128083e+01	 22	 9.945675e+02	 220	 7.169171e+02	 98	 4.229763e+01	 700.01	 733.32	 50.00	 52	 0.29	 
MRI_faces_143	 1	 9	 1210.jpg	 4.428130e+01	 24	 999000	 240	 999000	 999	 4.529812e+01	 700.01	 733.32	 46.00	 25	 0.33	 
MRI_faces_143	 1	 9	 1031.jpg	 4.728183e+01	 11	 8.606089e+02	 110	 7.002822e+02	 98	 4.829867e+01	 716.67	 733.32	 7.00	 6	 0.82	 
MRI_faces_143	 1	 9	 1017.jpg	 5.128256e+01	 12	 999000	 120	 999000	 999	 5.229939e+01	 716.67	 733.32	 16.00	 3	 0.67	 
MRI_faces_143	 1	 9	 1146.jpg	 5.528326e+01	 24	 999000	 240	 999000	 999	 5.630008e+01	 716.67	 733.32	 43.00	 17	 0.36	 
MRI_faces_143	 1	 9	 1027.jpg	 5.928396e+01	 12	 999000	 120	 999000	 999	 6.030074e+01	 716.67	 733.32	 14.00	 5	 0.73	 
MRI_faces_143	 1	 9	 1191.jpg	 6.228447e+01	 12	 999000	 120	 999000	 999	 6.330128e+01	 716.67	 733.32	 6.00	 21	 0.83	 
MRI_faces_143	 1	 9	 2153.jpg	 6.528501e+01	 12	 999000	 120	 999000	 999	 6.630187e+01	 716.67	 733.32	 20.00	 50	 0.62	 
MRI_faces_143	 1	 9	 2058.jpg	 6.828559e+01	 24	 999000	 240	 999000	 999	 6.930234e+01	 716.67	 733.32	 57.00	 40	 0.14	 
MRI_faces_143	 1	 9	 1202.jpg	 7.028601e+01	 12	 999000	 120	 999000	 999	 7.130263e+01	 716.67	 733.32	 8.00	 23	 0.80	 
MRI_faces_143	 1	 9	 1192.jpg	 7.328645e+01	 22	 9.839730e+02	 220	 7.336581e+02	 98	 7.430328e+01	 716.67	 749.99	 52.00	 22	 0.28	 
MRI_faces_143	 1	 9	 1226.jpg	 7.528674e+01	 22	 1.036676e+03	 2200	 7.502582e+02	 98	 7.630356e+01	 716.67	 699.99	 53.00	 27	 0.27	 
MRI_faces_143	 1	 9	 2118.jpg	 7.728716e+01	 11	 9.472806e+02	 110	 7.170852e+02	 98	 7.830395e+01	 733.34	 699.99	 13.00	 46	 0.73	 
MRI_faces_143	 1	 9	 2089.jpg	 7.928748e+01	 12	 999000	 120	 999000	 999	 8.030422e+01	 733.34	 699.99	 22.00	 42	 0.56	 
MRI_faces_143	 1	 9	 1050.jpg	 8.228798e+01	 12	 999000	 120	 999000	 999	 8.330479e+01	 733.34	 699.99	 17.00	 8	 0.66	 
MRI_faces_143	 1	 9	 1013.jpg	 8.628871e+01	 24	 999000	 240	 999000	 999	 8.730553e+01	 733.34	 699.99	 42.00	 2	 0.38	 
MRI_faces_143	 1	 9	 2181.jpg	 8.828905e+01	 24	 999000	 240	 999000	 999	 8.930582e+01	 733.34	 699.99	 41.00	 53	 0.38	 
MRI_faces_143	 1	 9	 1246.jpg	 9.028940e+01	 24	 999000	 240	 999000	 999	 9.130625e+01	 733.34	 699.99	 51.00	 28	 0.28	 
MRI_faces_143	 1	 9	 2125.jpg	 9.427720e+01	 11	 9.702188e+02	 110	 7.336564e+02	 98	 9.529392e+01	 750.01	 699.99	 12.00	 47	 0.75	 
MRI_faces_143	 1	 9	 1173.jpg	 9.627725e+01	 22	 9.101765e+02	 220	 7.002721e+02	 98	 9.729399e+01	 750.01	 716.66	 44.00	 19	 0.34	 
MRI_faces_143	 1	 9	 1262.jpg	 9.827730e+01	 24	 999000	 240	 999000	 999	 9.929392e+01	 750.01	 716.66	 48.00	 30	 0.31	 
MRI_faces_143	 1	 9	 2155.jpg	 1.022774e+02	 24	 999000	 240	 999000	 999	 1.032940e+02	 750.01	 716.66	 55.00	 51	 0.18	 
MRI_faces_143	 1	 9	 2006.jpg	 1.062775e+02	 12	 999000	 120	 999000	 999	 1.072940e+02	 750.01	 716.66	 4.00	 31	 0.86	 
MRI_faces_143	 1	 9	 2010.jpg	 1.082775e+02	 12	 999000	 120	 999000	 999	 1.092941e+02	 750.01	 716.66	 5.00	 32	 0.84	 
MRI_faces_143	 1	 9	 1150.jpg	 1.102775e+02	 24	 999000	 240	 999000	 999	 1.112941e+02	 750.01	 716.66	 40.00	 18	 0.39	 
MRI_faces_143	 1	 9	 2043.jpg	 1.122775e+02	 12	 999000	 120	 999000	 999	 1.132943e+02	 750.01	 716.66	 21.00	 37	 0.60	 
MRI_faces_143	 1	 9	 2063.jpg	 1.142775e+02	 11	 1.043911e+03	 1100	 7.502899e+02	 98	 1.152942e+02	 700.01	 716.66	 18.00	 41	 0.64	 
MRI_faces_143	 1	 9	 1204.jpg	 1.202780e+02	 24	 999000	 240	 999000	 999	 1.212948e+02	 700.01	 716.66	 54.00	 24	 0.25	 
MRI_faces_143	 1	 9	 2015.jpg	 1.222785e+02	 11	 8.709579e+02	 110	 7.002738e+02	 98	 1.232954e+02	 716.67	 716.66	 15.00	 33	 0.69	 
