subjectID	 order	 runNum	 itemName	 onsetTime	 shuff_trialType	 RT	 respInTime	 AudioTime	 response	 fixationTime	 ladder1	 ladder2	 bidIndex	 itemNameIndex	 bidValue	 
MRI_faces_123	 1	 4	 2125.jpg	 1.241833e+02	 11	 9.632324e+02	 110	 7.836734e+02	 98	 1.252001e+02	 800.00	 849.99	 15.00	 47	 0.69	 
MRI_faces_123	 1	 4	 2194.jpg	 1.291842e+02	 22	 9.833004e+02	 220	 8.502554e+02	 98	 1.302343e+02	 800.00	 866.66	 47.00	 54	 0.31	 
MRI_faces_123	 1	 4	 1080.jpg	 1.311846e+02	 24	 999000	 240	 999000	 999	 1.322013e+02	 800.00	 866.66	 48.00	 12	 0.29	 
MRI_faces_123	 1	 4	 2041.jpg	 1.341851e+02	 22	 1.017384e+03	 2200	 8.669580e+02	 98	 1.352519e+02	 800.00	 816.66	 52.00	 36	 0.24	 
MRI_faces_123	 1	 4	 2010.jpg	 1.371856e+02	 11	 9.088422e+02	 110	 8.002571e+02	 98	 1.382025e+02	 816.66	 816.66	 12.00	 32	 0.72	 
MRI_faces_123	 1	 4	 2094.jpg	 1.441868e+02	 24	 999000	 240	 999000	 999	 1.452036e+02	 816.66	 816.66	 58.00	 43	 0.13	 
MRI_faces_123	 1	 4	 2218.jpg	 1.461871e+02	 24	 999000	 240	 999000	 999	 1.472040e+02	 816.66	 816.66	 46.00	 57	 0.31	 
MRI_faces_123	 1	 4	 1173.jpg	 1.501879e+02	 24	 999000	 240	 999000	 999	 1.512046e+02	 816.66	 816.66	 42.00	 19	 0.36	 
MRI_faces_123	 1	 4	 1146.jpg	 1.521882e+02	 12	 999000	 120	 999000	 999	 1.532051e+02	 816.66	 816.66	 20.00	 17	 0.63	 
MRI_faces_123	 1	 4	 1013.jpg	 1.571891e+02	 22	 9.564396e+02	 220	 8.169849e+02	 98	 1.582060e+02	 816.66	 833.32	 44.00	 2	 0.32	 
MRI_faces_123	 1	 4	 1073.jpg	 1.611820e+02	 12	 999000	 120	 999000	 999	 1.621989e+02	 816.66	 833.32	 11.00	 11	 0.72	 
MRI_faces_123	 1	 4	 1255.jpg	 1.631821e+02	 12	 999000	 120	 999000	 999	 1.641987e+02	 816.66	 833.32	 9.00	 29	 0.79	 
MRI_faces_123	 1	 4	 1246.jpg	 1.661822e+02	 24	 999000	 240	 999000	 999	 1.671988e+02	 816.66	 833.32	 49.00	 28	 0.28	 
MRI_faces_123	 1	 4	 2110.jpg	 1.691822e+02	 24	 999000	 240	 999000	 999	 1.701988e+02	 816.66	 833.32	 51.00	 44	 0.25	 
MRI_faces_123	 1	 4	 2155.jpg	 1.731822e+02	 22	 9.882806e+02	 220	 8.335877e+02	 98	 1.742088e+02	 816.66	 849.99	 53.00	 51	 0.21	 
MRI_faces_123	 1	 4	 1202.jpg	 1.771823e+02	 12	 999000	 120	 999000	 999	 1.781989e+02	 816.66	 849.99	 5.00	 23	 0.84	 
MRI_faces_123	 1	 4	 2043.jpg	 1.811822e+02	 12	 999000	 120	 999000	 999	 1.821990e+02	 816.66	 849.99	 19.00	 37	 0.64	 
MRI_faces_123	 1	 4	 2229.jpg	 1.841824e+02	 24	 999000	 240	 999000	 999	 1.851987e+02	 816.66	 849.99	 39.00	 58	 0.41	 
MRI_faces_123	 1	 4	 2248.jpg	 1.871823e+02	 11	 9.362381e+02	 110	 8.169561e+02	 98	 1.881991e+02	 833.33	 849.99	 13.00	 60	 0.70	 
MRI_faces_123	 1	 4	 2045.jpg	 1.901823e+02	 12	 999000	 120	 999000	 999	 1.911988e+02	 833.33	 849.99	 4.00	 38	 0.84	 
MRI_faces_123	 1	 4	 2024.jpg	 1.921825e+02	 24	 999000	 240	 999000	 999	 1.931989e+02	 833.33	 849.99	 43.00	 34	 0.36	 
MRI_faces_123	 1	 4	 2118.jpg	 1.951823e+02	 11	 9.681497e+02	 110	 8.336172e+02	 98	 1.962126e+02	 850.00	 849.99	 18.00	 46	 0.66	 
MRI_faces_123	 1	 4	 2212.jpg	 1.971823e+02	 12	 999000	 120	 999000	 999	 1.981993e+02	 850.00	 849.99	 16.00	 56	 0.67	 
MRI_faces_123	 1	 4	 1052.jpg	 1.991825e+02	 24	 999000	 240	 999000	 999	 2.001992e+02	 850.00	 849.99	 55.00	 9	 0.20	 
MRI_faces_123	 1	 4	 1262.jpg	 2.011826e+02	 12	 999000	 120	 999000	 999	 2.021994e+02	 850.00	 849.99	 3.00	 30	 0.85	 
MRI_faces_123	 1	 4	 2058.jpg	 2.041827e+02	 24	 999000	 240	 999000	 999	 2.051993e+02	 850.00	 849.99	 56.00	 40	 0.18	 
MRI_faces_123	 1	 4	 1050.jpg	 2.081827e+02	 12	 999000	 120	 999000	 999	 2.091995e+02	 850.00	 849.99	 22.00	 8	 0.60	 
MRI_faces_123	 1	 4	 1114.jpg	 2.101828e+02	 12	 999000	 120	 999000	 999	 2.111996e+02	 850.00	 849.99	 8.00	 13	 0.80	 
MRI_faces_123	 1	 4	 1192.jpg	 2.121828e+02	 24	 999000	 240	 999000	 999	 2.131995e+02	 850.00	 849.99	 54.00	 22	 0.20	 
MRI_faces_123	 1	 4	 1191.jpg	 2.161829e+02	 22	 9.945998e+02	 220	 8.502656e+02	 98	 2.172164e+02	 850.00	 866.66	 45.00	 21	 0.32	 
MRI_faces_123	 1	 4	 1060.jpg	 2.181833e+02	 24	 999000	 240	 999000	 999	 2.191997e+02	 850.00	 866.66	 57.00	 10	 0.18	 
MRI_faces_123	 1	 4	 1127.jpg	 2.201835e+02	 22	 1.006037e+03	 2200	 8.669261e+02	 98	 2.212503e+02	 850.00	 816.66	 50.00	 14	 0.27	 
MRI_faces_123	 1	 4	 1204.jpg	 2.241843e+02	 24	 999000	 240	 999000	 999	 2.252008e+02	 850.00	 816.66	 41.00	 24	 0.38	 
MRI_faces_123	 1	 4	 1145.jpg	 2.281849e+02	 24	 999000	 240	 999000	 999	 2.292016e+02	 850.00	 816.66	 40.00	 16	 0.39	 
MRI_faces_123	 1	 4	 2063.jpg	 2.301852e+02	 12	 999000	 120	 999000	 999	 2.312020e+02	 850.00	 816.66	 14.00	 41	 0.70	 
MRI_faces_123	 1	 4	 1031.jpg	 2.321856e+02	 12	 999000	 120	 999000	 999	 2.332024e+02	 850.00	 816.66	 21.00	 6	 0.62	 
MRI_faces_123	 1	 4	 2181.jpg	 2.341860e+02	 11	 9.854864e+02	 110	 8.502460e+02	 98	 2.352332e+02	 866.66	 816.66	 7.00	 53	 0.80	 
MRI_faces_123	 1	 4	 2153.jpg	 2.361863e+02	 12	 999000	 120	 999000	 999	 2.372031e+02	 866.66	 816.66	 6.00	 50	 0.82	 
MRI_faces_123	 1	 4	 2089.jpg	 2.421873e+02	 11	 1.002270e+03	 1100	 8.669328e+02	 98	 2.432499e+02	 816.66	 816.66	 10.00	 42	 0.75	 
MRI_faces_123	 1	 4	 2053.jpg	 2.441877e+02	 12	 999000	 120	 999000	 999	 2.452045e+02	 816.66	 816.66	 17.00	 39	 0.67	 
