subjectID	 order	 runNum	 itemName	 onsetTime	 shuff_trialType	 RT	 respInTime	 AudioTime	 response	 fixationTime	 ladder1	 ladder2	 bidIndex	 itemNameIndex	 bidValue	 
MRI_faces_136	 2	 10	 1191.jpg	 1.241984e+02	 12	 999000	 120	 999000	 999	 1.252153e+02	 783.33	 716.66	 5.00	 21	 0.82	 
MRI_faces_136	 2	 10	 2039.jpg	 1.291992e+02	 11	 9.559990e+02	 110	 7.836355e+02	 98	 1.302161e+02	 800.00	 716.66	 16.00	 35	 0.65	 
MRI_faces_136	 2	 10	 2041.jpg	 1.311996e+02	 24	 999000	 240	 999000	 999	 1.322165e+02	 800.00	 716.66	 45.00	 36	 0.36	 
MRI_faces_136	 2	 10	 1127.jpg	 1.342001e+02	 22	 9.191105e+02	 220	 7.169780e+02	 98	 1.352170e+02	 800.00	 733.33	 49.00	 14	 0.31	 
MRI_faces_136	 2	 10	 1017.jpg	 1.372008e+02	 24	 999000	 240	 999000	 999	 1.382175e+02	 800.00	 733.33	 58.00	 3	 0.13	 
MRI_faces_136	 2	 10	 2212.jpg	 1.442019e+02	 11	 9.723262e+02	 110	 8.002619e+02	 98	 1.452187e+02	 816.66	 733.33	 9.00	 56	 0.76	 
MRI_faces_136	 2	 10	 2218.jpg	 1.462022e+02	 24	 999000	 240	 999000	 999	 1.472191e+02	 816.66	 733.33	 39.00	 57	 0.43	 
MRI_faces_136	 2	 10	 1060.jpg	 1.502030e+02	 24	 999000	 240	 999000	 999	 1.512198e+02	 816.66	 733.33	 53.00	 10	 0.26	 
MRI_faces_136	 2	 10	 2240.jpg	 1.521985e+02	 24	 999000	 240	 999000	 999	 1.532152e+02	 816.66	 733.33	 55.00	 59	 0.23	 
MRI_faces_136	 2	 10	 2118.jpg	 1.571986e+02	 12	 999000	 120	 999000	 999	 1.582152e+02	 816.66	 733.33	 3.00	 46	 0.85	 
MRI_faces_136	 2	 10	 2209.jpg	 1.611987e+02	 12	 999000	 120	 999000	 999	 1.622155e+02	 816.66	 733.33	 10.00	 55	 0.73	 
MRI_faces_136	 2	 10	 1150.jpg	 1.631986e+02	 24	 999000	 240	 999000	 999	 1.642153e+02	 816.66	 733.33	 52.00	 18	 0.27	 
MRI_faces_136	 2	 10	 1216.jpg	 1.661987e+02	 12	 999000	 120	 999000	 999	 1.672154e+02	 816.66	 733.33	 18.00	 26	 0.61	 
MRI_faces_136	 2	 10	 2229.jpg	 1.691987e+02	 11	 1.021529e+03	 1100	 8.169154e+02	 98	 1.702154e+02	 766.66	 733.33	 11.00	 58	 0.69	 
MRI_faces_136	 2	 10	 1192.jpg	 1.731988e+02	 22	 9.664329e+02	 220	 7.336737e+02	 98	 1.742154e+02	 766.66	 749.99	 43.00	 22	 0.38	 
MRI_faces_136	 2	 10	 2128.jpg	 1.771988e+02	 11	 9.413981e+02	 110	 7.669234e+02	 98	 1.782155e+02	 783.33	 749.99	 17.00	 48	 0.65	 
MRI_faces_136	 2	 10	 2248.jpg	 1.811989e+02	 12	 999000	 120	 999000	 999	 1.822156e+02	 783.33	 749.99	 7.00	 60	 0.80	 
MRI_faces_136	 2	 10	 1146.jpg	 1.841990e+02	 12	 999000	 120	 999000	 999	 1.852156e+02	 783.33	 749.99	 20.00	 17	 0.58	 
MRI_faces_136	 2	 10	 1246.jpg	 1.871990e+02	 24	 999000	 240	 999000	 999	 1.882156e+02	 783.33	 749.99	 41.00	 28	 0.40	 
MRI_faces_136	 2	 10	 2058.jpg	 1.901990e+02	 24	 999000	 240	 999000	 999	 1.912157e+02	 783.33	 749.99	 42.00	 40	 0.39	 
MRI_faces_136	 2	 10	 2194.jpg	 1.921992e+02	 24	 999000	 240	 999000	 999	 1.932158e+02	 783.33	 749.99	 50.00	 54	 0.30	 
MRI_faces_136	 2	 10	 2149.jpg	 1.951991e+02	 22	 9.421484e+02	 220	 7.503208e+02	 98	 1.962159e+02	 783.33	 766.66	 51.00	 49	 0.28	 
MRI_faces_136	 2	 10	 1073.jpg	 1.971991e+02	 12	 999000	 120	 999000	 999	 1.982158e+02	 783.33	 766.66	 15.00	 11	 0.66	 
MRI_faces_136	 2	 10	 1210.jpg	 1.991991e+02	 24	 999000	 240	 999000	 999	 2.002159e+02	 783.33	 766.66	 40.00	 25	 0.41	 
MRI_faces_136	 2	 10	 2110.jpg	 2.011992e+02	 24	 999000	 240	 999000	 999	 2.022159e+02	 783.33	 766.66	 56.00	 44	 0.16	 
MRI_faces_136	 2	 10	 2043.jpg	 2.041992e+02	 11	 9.800054e+02	 110	 7.836239e+02	 98	 2.052159e+02	 800.00	 766.66	 8.00	 37	 0.79	 
MRI_faces_136	 2	 10	 1050.jpg	 2.081993e+02	 24	 999000	 240	 999000	 999	 2.092160e+02	 800.00	 766.66	 47.00	 8	 0.34	 
MRI_faces_136	 2	 10	 2094.jpg	 2.101994e+02	 22	 9.678707e+02	 220	 7.669529e+02	 98	 2.112160e+02	 800.00	 783.33	 48.00	 43	 0.34	 
MRI_faces_136	 2	 10	 1183.jpg	 2.121994e+02	 12	 999000	 120	 999000	 999	 2.132160e+02	 800.00	 783.33	 21.00	 20	 0.57	 
MRI_faces_136	 2	 10	 1202.jpg	 2.161994e+02	 11	 1.043792e+03	 1100	 8.003641e+02	 98	 2.172161e+02	 750.00	 783.33	 14.00	 23	 0.67	 
MRI_faces_136	 2	 10	 1262.jpg	 2.181995e+02	 24	 999000	 240	 999000	 999	 2.192161e+02	 750.00	 783.33	 44.00	 30	 0.37	 
MRI_faces_136	 2	 10	 2010.jpg	 2.201995e+02	 22	 1.023737e+03	 2200	 7.836044e+02	 98	 2.212163e+02	 750.00	 733.33	 46.00	 32	 0.35	 
MRI_faces_136	 2	 10	 1035.jpg	 2.241996e+02	 12	 999000	 120	 999000	 999	 2.252162e+02	 750.00	 733.33	 6.00	 7	 0.81	 
MRI_faces_136	 2	 10	 2063.jpg	 2.282000e+02	 12	 999000	 120	 999000	 999	 2.292168e+02	 750.00	 733.33	 13.00	 41	 0.68	 
MRI_faces_136	 2	 10	 2153.jpg	 2.302003e+02	 12	 999000	 120	 999000	 999	 2.312172e+02	 750.00	 733.33	 19.00	 50	 0.59	 
MRI_faces_136	 2	 10	 2155.jpg	 2.322008e+02	 24	 999000	 240	 999000	 999	 2.332175e+02	 750.00	 733.33	 57.00	 51	 0.13	 
MRI_faces_136	 2	 10	 1052.jpg	 2.342010e+02	 12	 999000	 120	 999000	 999	 2.352179e+02	 750.00	 733.33	 22.00	 9	 0.56	 
MRI_faces_136	 2	 10	 2015.jpg	 2.362014e+02	 12	 999000	 120	 999000	 999	 2.372182e+02	 750.00	 733.33	 4.00	 33	 0.85	 
MRI_faces_136	 2	 10	 2181.jpg	 2.421998e+02	 12	 999000	 120	 999000	 999	 2.432164e+02	 750.00	 733.33	 12.00	 53	 0.69	 
MRI_faces_136	 2	 10	 2045.jpg	 2.441998e+02	 22	 9.134038e+02	 220	 7.335916e+02	 98	 2.452165e+02	 750.00	 749.99	 54.00	 38	 0.25	 
