subjectID	 order	 runNum	 itemName	 onsetTime	 shuff_trialType	 RT	 respInTime	 AudioTime	 response	 fixationTime	 ladder1	 ladder2	 bidIndex	 itemNameIndex	 bidValue	 
MRI_faces_123	 1	 14	 2218.jpg	 1.242012e+02	 24	 999000	 240	 999000	 999	 1.252181e+02	 849.99	 916.65	 46.00	 57	 0.31	 
MRI_faces_123	 1	 14	 1073.jpg	 1.282020e+02	 12	 999000	 120	 999000	 999	 1.292188e+02	 849.99	 916.65	 11.00	 11	 0.72	 
MRI_faces_123	 1	 14	 1202.jpg	 1.302023e+02	 12	 999000	 120	 999000	 999	 1.312191e+02	 849.99	 916.65	 5.00	 23	 0.84	 
MRI_faces_123	 1	 14	 1173.jpg	 1.352032e+02	 24	 999000	 240	 999000	 999	 1.362199e+02	 849.99	 916.65	 42.00	 19	 0.36	 
MRI_faces_123	 1	 14	 2053.jpg	 1.372036e+02	 12	 999000	 120	 999000	 999	 1.382204e+02	 849.99	 916.65	 17.00	 39	 0.67	 
MRI_faces_123	 1	 14	 2010.jpg	 1.391941e+02	 11	 999000	 1	 8.502742e+02	 999	 1.402440e+02	 799.99	 916.65	 12.00	 32	 0.72	 
MRI_faces_123	 1	 14	 2181.jpg	 1.431941e+02	 11	 5.521016e+02	 11	 8.002797e+02	 98	 1.442108e+02	 816.66	 916.65	 7.00	 53	 0.80	 
MRI_faces_123	 1	 14	 1204.jpg	 1.451942e+02	 24	 999000	 240	 999000	 999	 1.462108e+02	 816.66	 916.65	 41.00	 24	 0.38	 
MRI_faces_123	 1	 14	 2110.jpg	 1.471942e+02	 24	 999000	 240	 999000	 999	 1.482108e+02	 816.66	 916.65	 51.00	 44	 0.25	 
MRI_faces_123	 1	 14	 2089.jpg	 1.501942e+02	 11	 5.140301e+02	 11	 8.169461e+02	 98	 1.512108e+02	 833.32	 916.65	 10.00	 42	 0.75	 
MRI_faces_123	 1	 14	 1050.jpg	 1.521942e+02	 12	 999000	 120	 999000	 999	 1.532108e+02	 833.32	 916.65	 22.00	 8	 0.60	 
MRI_faces_123	 1	 14	 2194.jpg	 1.561943e+02	 22	 5.589362e+02	 22	 9.169298e+02	 98	 1.573070e+02	 833.32	 916.65	 47.00	 54	 0.31	 
MRI_faces_123	 1	 14	 2248.jpg	 1.621944e+02	 11	 9.797956e+02	 110	 8.335773e+02	 98	 1.632247e+02	 849.99	 916.65	 13.00	 60	 0.70	 
MRI_faces_123	 1	 14	 2212.jpg	 1.651945e+02	 12	 999000	 120	 999000	 999	 1.662111e+02	 849.99	 916.65	 16.00	 56	 0.67	 
MRI_faces_123	 1	 14	 1146.jpg	 1.671945e+02	 12	 999000	 120	 999000	 999	 1.682111e+02	 849.99	 916.65	 20.00	 17	 0.63	 
MRI_faces_123	 1	 14	 2063.jpg	 1.691945e+02	 12	 999000	 120	 999000	 999	 1.702112e+02	 849.99	 916.65	 14.00	 41	 0.70	 
MRI_faces_123	 1	 14	 1145.jpg	 1.711945e+02	 24	 999000	 240	 999000	 999	 1.722112e+02	 849.99	 916.65	 40.00	 16	 0.39	 
MRI_faces_123	 1	 14	 2024.jpg	 1.731946e+02	 24	 999000	 240	 999000	 999	 1.742112e+02	 849.99	 916.65	 43.00	 34	 0.36	 
MRI_faces_123	 1	 14	 2125.jpg	 1.761945e+02	 11	 5.696706e+02	 11	 8.502729e+02	 98	 1.772279e+02	 866.66	 916.65	 15.00	 47	 0.69	 
MRI_faces_123	 1	 14	 1031.jpg	 1.801947e+02	 12	 999000	 120	 999000	 999	 1.812114e+02	 866.66	 916.65	 21.00	 6	 0.62	 
MRI_faces_123	 1	 14	 1127.jpg	 1.831949e+02	 22	 7.043105e+02	 22	 9.169278e+02	 98	 1.843118e+02	 866.66	 916.65	 50.00	 14	 0.27	 
MRI_faces_123	 1	 14	 2058.jpg	 1.871957e+02	 24	 999000	 240	 999000	 999	 1.882125e+02	 866.66	 916.65	 56.00	 40	 0.18	 
MRI_faces_123	 1	 14	 2043.jpg	 1.921965e+02	 12	 999000	 120	 999000	 999	 1.932134e+02	 866.66	 916.65	 19.00	 37	 0.64	 
MRI_faces_123	 1	 14	 1246.jpg	 1.961972e+02	 24	 999000	 240	 999000	 999	 1.972140e+02	 866.66	 916.65	 49.00	 28	 0.28	 
MRI_faces_123	 1	 14	 1262.jpg	 1.991978e+02	 12	 999000	 120	 999000	 999	 2.002146e+02	 866.66	 916.65	 3.00	 30	 0.85	 
MRI_faces_123	 1	 14	 1255.jpg	 2.011981e+02	 12	 999000	 120	 999000	 999	 2.022151e+02	 866.66	 916.65	 9.00	 29	 0.79	 
MRI_faces_123	 1	 14	 1114.jpg	 2.031984e+02	 12	 999000	 120	 999000	 999	 2.042154e+02	 866.66	 916.65	 8.00	 13	 0.80	 
MRI_faces_123	 1	 14	 2118.jpg	 2.101997e+02	 11	 1.002656e+03	 1100	 8.669362e+02	 98	 2.112617e+02	 816.66	 916.65	 18.00	 46	 0.66	 
MRI_faces_123	 1	 14	 2229.jpg	 2.132002e+02	 24	 999000	 240	 999000	 999	 2.142170e+02	 816.66	 916.65	 39.00	 58	 0.41	 
MRI_faces_123	 1	 14	 1080.jpg	 2.152005e+02	 24	 999000	 240	 999000	 999	 2.162174e+02	 816.66	 916.65	 48.00	 12	 0.29	 
MRI_faces_123	 1	 14	 2153.jpg	 2.192012e+02	 12	 5.719647e+02	 12	 999000	 98	 2.202181e+02	 816.66	 916.65	 6.00	 50	 0.82	 
MRI_faces_123	 1	 14	 1191.jpg	 2.212016e+02	 22	 6.516019e+02	 22	 9.169338e+02	 98	 2.223119e+02	 816.66	 916.65	 45.00	 21	 0.32	 
MRI_faces_123	 1	 14	 2155.jpg	 2.242022e+02	 22	 1.035125e+03	 2200	 9.169768e+02	 98	 2.253190e+02	 816.66	 866.65	 53.00	 51	 0.21	 
MRI_faces_123	 1	 14	 1192.jpg	 2.262025e+02	 24	 999000	 240	 999000	 999	 2.272193e+02	 816.66	 866.65	 54.00	 22	 0.20	 
MRI_faces_123	 1	 14	 2094.jpg	 2.302033e+02	 24	 999000	 240	 999000	 999	 2.312200e+02	 816.66	 866.65	 58.00	 43	 0.13	 
MRI_faces_123	 1	 14	 1052.jpg	 2.322035e+02	 24	 999000	 240	 999000	 999	 2.332204e+02	 816.66	 866.65	 55.00	 9	 0.20	 
MRI_faces_123	 1	 14	 2041.jpg	 2.361955e+02	 22	 5.677528e+02	 22	 8.669304e+02	 98	 2.372544e+02	 816.66	 883.32	 52.00	 36	 0.24	 
MRI_faces_123	 1	 14	 1060.jpg	 2.391955e+02	 24	 999000	 240	 999000	 999	 2.402122e+02	 816.66	 883.32	 57.00	 10	 0.18	 
MRI_faces_123	 1	 14	 2045.jpg	 2.411956e+02	 12	 999000	 120	 999000	 999	 2.422122e+02	 816.66	 883.32	 4.00	 38	 0.84	 
MRI_faces_123	 1	 14	 1013.jpg	 2.441956e+02	 22	 6.535784e+02	 22	 8.835901e+02	 98	 2.452725e+02	 816.66	 899.98	 44.00	 2	 0.32	 
