subjectID	 order	 runNum	 itemName	 onsetTime	 shuff_trialType	 RT	 respInTime	 AudioTime	 response	 fixationTime	 ladder1	 ladder2	 bidIndex	 itemNameIndex	 bidValue	 
MRI_faces_124	 2	 5	 2063.jpg	 2.292752e+00	 11	 1.013147e+03	 1100	 6.871810e+02	 98	 3.310006e+00	 633.34	 683.34	 11.00	 41	 0.72	 
MRI_faces_124	 2	 5	 2194.jpg	 7.290629e+00	 24	 999000	 240	 999000	 999	 8.307368e+00	 633.34	 683.34	 55.00	 54	 0.22	 
MRI_faces_124	 2	 5	 2041.jpg	 9.290728e+00	 12	 999000	 120	 999000	 999	 1.030753e+01	 633.34	 683.34	 15.00	 36	 0.68	 
MRI_faces_124	 2	 5	 1204.jpg	 1.229075e+01	 24	 999000	 240	 999000	 999	 1.330735e+01	 633.34	 683.34	 45.00	 24	 0.32	 
MRI_faces_124	 2	 5	 2015.jpg	 1.529084e+01	 11	 9.300422e+02	 110	 6.360719e+02	 98	 1.630749e+01	 650.01	 683.34	 8.00	 33	 0.79	 
MRI_faces_124	 2	 5	 1073.jpg	 2.229089e+01	 22	 8.810258e+02	 220	 6.868248e+02	 98	 2.330751e+01	 650.01	 700.01	 48.00	 11	 0.29	 
MRI_faces_124	 2	 5	 1080.jpg	 2.429088e+01	 24	 999000	 240	 999000	 999	 2.530756e+01	 650.01	 700.01	 47.00	 12	 0.30	 
MRI_faces_124	 2	 5	 2248.jpg	 2.829102e+01	 12	 999000	 120	 999000	 999	 2.930762e+01	 650.01	 700.01	 6.00	 60	 0.81	 
MRI_faces_124	 2	 5	 2153.jpg	 3.029101e+01	 12	 999000	 120	 999000	 999	 3.130766e+01	 650.01	 700.01	 5.00	 50	 0.82	 
MRI_faces_124	 2	 5	 1262.jpg	 3.529105e+01	 12	 999000	 120	 999000	 999	 3.630770e+01	 650.01	 700.01	 4.00	 30	 0.83	 
MRI_faces_124	 2	 5	 2045.jpg	 3.929136e+01	 12	 999000	 120	 999000	 999	 4.030791e+01	 650.01	 700.01	 20.00	 38	 0.62	 
MRI_faces_124	 2	 5	 2209.jpg	 4.129118e+01	 22	 8.997200e+02	 220	 7.002581e+02	 98	 4.230807e+01	 650.01	 716.67	 43.00	 55	 0.35	 
MRI_faces_124	 2	 5	 2181.jpg	 4.429123e+01	 12	 999000	 120	 999000	 999	 4.530805e+01	 650.01	 716.67	 10.00	 53	 0.75	 
MRI_faces_124	 2	 5	 1202.jpg	 4.729142e+01	 24	 999000	 240	 999000	 999	 4.830791e+01	 650.01	 716.67	 57.00	 23	 0.17	 
MRI_faces_124	 2	 5	 1191.jpg	 5.129136e+01	 22	 1.105528e+03	 2200	 7.169615e+02	 98	 5.230820e+01	 650.01	 666.67	 49.00	 21	 0.29	 
MRI_faces_124	 2	 5	 1050.jpg	 5.529149e+01	 11	 9.363919e+02	 110	 6.502956e+02	 98	 5.630805e+01	 666.67	 666.67	 17.00	 8	 0.64	 
MRI_faces_124	 2	 5	 2024.jpg	 5.929150e+01	 24	 999000	 240	 999000	 999	 6.030813e+01	 666.67	 666.67	 56.00	 34	 0.21	 
MRI_faces_124	 2	 5	 1226.jpg	 6.229155e+01	 24	 999000	 240	 999000	 999	 6.330815e+01	 666.67	 666.67	 53.00	 27	 0.23	 
MRI_faces_124	 2	 5	 2149.jpg	 6.529152e+01	 12	 999000	 120	 999000	 999	 6.630815e+01	 666.67	 666.67	 3.00	 49	 0.89	 
MRI_faces_124	 2	 5	 2218.jpg	 6.829158e+01	 11	 9.202978e+02	 110	 6.669434e+02	 98	 6.930826e+01	 683.34	 666.67	 14.00	 57	 0.70	 
MRI_faces_124	 2	 5	 1017.jpg	 7.029159e+01	 22	 8.612952e+02	 220	 6.669633e+02	 98	 7.130824e+01	 683.34	 683.34	 54.00	 3	 0.22	 
MRI_faces_124	 2	 5	 2010.jpg	 7.329169e+01	 22	 8.851961e+02	 220	 6.836099e+02	 98	 7.430833e+01	 683.34	 700.01	 46.00	 32	 0.31	 
MRI_faces_124	 2	 5	 1130.jpg	 7.529172e+01	 12	 999000	 120	 999000	 999	 7.630832e+01	 683.34	 700.01	 21.00	 15	 0.59	 
MRI_faces_124	 2	 5	 1114.jpg	 7.729173e+01	 12	 999000	 120	 999000	 999	 7.830837e+01	 683.34	 700.01	 13.00	 13	 0.70	 
MRI_faces_124	 2	 5	 1246.jpg	 7.929178e+01	 22	 9.151087e+02	 220	 7.002734e+02	 98	 8.030840e+01	 683.34	 716.67	 51.00	 28	 0.28	 
MRI_faces_124	 2	 5	 2212.jpg	 8.229186e+01	 12	 999000	 120	 999000	 999	 8.330847e+01	 683.34	 716.67	 12.00	 56	 0.72	 
MRI_faces_124	 2	 5	 2112.jpg	 8.629196e+01	 11	 8.759325e+02	 110	 6.836288e+02	 98	 8.730846e+01	 700.01	 716.67	 9.00	 45	 0.78	 
MRI_faces_124	 2	 5	 1192.jpg	 8.829189e+01	 24	 999000	 240	 999000	 999	 8.930862e+01	 700.01	 716.67	 52.00	 22	 0.24	 
MRI_faces_124	 2	 5	 2229.jpg	 9.029189e+01	 12	 999000	 120	 999000	 999	 9.130864e+01	 700.01	 716.67	 18.00	 58	 0.63	 
MRI_faces_124	 2	 5	 2110.jpg	 9.429209e+01	 24	 999000	 240	 999000	 999	 9.530896e+01	 700.01	 716.67	 40.00	 44	 0.39	 
MRI_faces_124	 2	 5	 1019.jpg	 9.629268e+01	 24	 999000	 240	 999000	 999	 9.730925e+01	 700.01	 716.67	 39.00	 4	 0.39	 
MRI_faces_124	 2	 5	 1013.jpg	 9.829281e+01	 24	 999000	 240	 999000	 999	 9.930967e+01	 700.01	 716.67	 50.00	 2	 0.28	 
MRI_faces_124	 2	 5	 2043.jpg	 1.022921e+02	 12	 999000	 120	 999000	 999	 1.033104e+02	 700.01	 716.67	 22.00	 37	 0.56	 
MRI_faces_124	 2	 5	 2125.jpg	 1.062922e+02	 12	 999000	 120	 999000	 999	 1.073110e+02	 700.01	 716.67	 7.00	 47	 0.81	 
MRI_faces_124	 2	 5	 1060.jpg	 1.082921e+02	 24	 999000	 240	 999000	 999	 1.093088e+02	 700.01	 716.67	 44.00	 10	 0.32	 
MRI_faces_124	 2	 5	 1027.jpg	 1.102923e+02	 24	 999000	 240	 999000	 999	 1.113088e+02	 700.01	 716.67	 41.00	 5	 0.35	 
MRI_faces_124	 2	 5	 2155.jpg	 1.122922e+02	 24	 999000	 240	 999000	 999	 1.133089e+02	 700.01	 716.67	 58.00	 51	 0.16	 
MRI_faces_124	 2	 5	 2118.jpg	 1.142923e+02	 12	 999000	 120	 999000	 999	 1.153089e+02	 700.01	 716.67	 19.00	 46	 0.63	 
MRI_faces_124	 2	 5	 1255.jpg	 1.202924e+02	 24	 999000	 240	 999000	 999	 1.213091e+02	 700.01	 716.67	 42.00	 29	 0.35	 
MRI_faces_124	 2	 5	 1035.jpg	 1.222924e+02	 11	 9.395157e+02	 110	 7.002849e+02	 98	 1.233093e+02	 716.67	 716.67	 16.00	 7	 0.67	 
