subjectID	 order	 runNum	 itemName	 onsetTime	 shuff_trialType	 RT	 respInTime	 AudioTime	 response	 fixationTime	 ladder1	 ladder2	 bidIndex	 itemNameIndex	 bidValue	 
MRI_faces_145	 1	 4	 2118.jpg	 1.241065e+02	 12	 999000	 120	 999000	 999	 1.251234e+02	 716.67	 783.34	 11.00	 46	 0.74	 
MRI_faces_145	 1	 4	 1192.jpg	 1.270954e+02	 24	 999000	 240	 999000	 999	 1.281121e+02	 716.67	 783.34	 57.00	 22	 0.18	 
MRI_faces_145	 1	 4	 2094.jpg	 1.310955e+02	 12	 999000	 120	 999000	 999	 1.321122e+02	 716.67	 783.34	 3.00	 43	 0.87	 
MRI_faces_145	 1	 4	 2043.jpg	 1.340955e+02	 11	 9.643488e+02	 110	 7.169766e+02	 98	 1.351122e+02	 733.34	 783.34	 15.00	 37	 0.63	 
MRI_faces_145	 1	 4	 2089.jpg	 1.380956e+02	 24	 999000	 240	 999000	 999	 1.391122e+02	 733.34	 783.34	 42.00	 42	 0.40	 
MRI_faces_145	 1	 4	 1150.jpg	 1.410956e+02	 24	 999000	 240	 999000	 999	 1.421123e+02	 733.34	 783.34	 58.00	 18	 0.15	 
MRI_faces_145	 1	 4	 2024.jpg	 1.430957e+02	 22	 1.008190e+03	 2200	 7.836484e+02	 98	 1.441147e+02	 733.34	 733.34	 53.00	 34	 0.24	 
MRI_faces_145	 1	 4	 2153.jpg	 1.460959e+02	 12	 999000	 120	 999000	 999	 1.471124e+02	 733.34	 733.34	 8.00	 50	 0.76	 
MRI_faces_145	 1	 4	 1127.jpg	 1.490957e+02	 24	 999000	 240	 999000	 999	 1.501125e+02	 733.34	 733.34	 49.00	 14	 0.28	 
MRI_faces_145	 1	 4	 2058.jpg	 1.540959e+02	 24	 999000	 240	 999000	 999	 1.551127e+02	 733.34	 733.34	 41.00	 40	 0.40	 
MRI_faces_145	 1	 4	 1130.jpg	 1.560959e+02	 24	 999000	 240	 999000	 999	 1.571126e+02	 733.34	 733.34	 43.00	 15	 0.39	 
MRI_faces_145	 1	 4	 1216.jpg	 1.580959e+02	 12	 999000	 120	 999000	 999	 1.591125e+02	 733.34	 733.34	 17.00	 26	 0.63	 
MRI_faces_145	 1	 4	 1204.jpg	 1.620965e+02	 11	 9.963787e+02	 110	 7.335984e+02	 98	 1.631165e+02	 750.00	 733.34	 18.00	 24	 0.61	 
MRI_faces_145	 1	 4	 2041.jpg	 1.690977e+02	 22	 9.122017e+02	 220	 7.336350e+02	 98	 1.701145e+02	 750.00	 750.01	 52.00	 36	 0.26	 
MRI_faces_145	 1	 4	 1114.jpg	 1.710980e+02	 12	 999000	 120	 999000	 999	 1.721148e+02	 750.00	 750.01	 21.00	 13	 0.59	 
MRI_faces_145	 1	 4	 1027.jpg	 1.730984e+02	 11	 9.565158e+02	 110	 7.502878e+02	 98	 1.741154e+02	 766.67	 750.01	 12.00	 5	 0.73	 
MRI_faces_145	 1	 4	 2240.jpg	 1.750987e+02	 22	 9.501984e+02	 220	 7.503153e+02	 98	 1.761156e+02	 766.67	 766.67	 50.00	 59	 0.28	 
MRI_faces_145	 1	 4	 1060.jpg	 1.770991e+02	 24	 999000	 240	 999000	 999	 1.781159e+02	 766.67	 766.67	 55.00	 10	 0.21	 
MRI_faces_145	 1	 4	 2110.jpg	 1.790995e+02	 24	 999000	 240	 999000	 999	 1.801162e+02	 766.67	 766.67	 51.00	 44	 0.26	 
MRI_faces_145	 1	 4	 2155.jpg	 1.821000e+02	 24	 999000	 240	 999000	 999	 1.831167e+02	 766.67	 766.67	 48.00	 51	 0.31	 
MRI_faces_145	 1	 4	 1255.jpg	 1.841003e+02	 12	 999000	 120	 999000	 999	 1.851170e+02	 766.67	 766.67	 16.00	 29	 0.63	 
MRI_faces_145	 1	 4	 1013.jpg	 1.861007e+02	 12	 999000	 120	 999000	 999	 1.871174e+02	 766.67	 766.67	 20.00	 2	 0.60	 
MRI_faces_145	 1	 4	 1073.jpg	 1.901014e+02	 22	 1.017471e+03	 2200	 7.669528e+02	 98	 1.911181e+02	 766.67	 716.67	 45.00	 11	 0.35	 
MRI_faces_145	 1	 4	 1035.jpg	 1.941021e+02	 12	 4.218047e+02	 12	 999000	 98	 1.951188e+02	 766.67	 716.67	 4.00	 7	 0.85	 
MRI_faces_145	 1	 4	 2112.jpg	 2.001031e+02	 12	 999000	 120	 999000	 999	 2.011199e+02	 766.67	 716.67	 22.00	 45	 0.58	 
MRI_faces_145	 1	 4	 1080.jpg	 2.021034e+02	 24	 999000	 240	 999000	 999	 2.031204e+02	 766.67	 716.67	 54.00	 12	 0.23	 
MRI_faces_145	 1	 4	 1007.jpg	 2.041038e+02	 24	 999000	 240	 999000	 999	 2.051206e+02	 766.67	 716.67	 40.00	 1	 0.41	 
MRI_faces_145	 1	 4	 1246.jpg	 2.061041e+02	 24	 999000	 240	 999000	 999	 2.071211e+02	 766.67	 716.67	 46.00	 28	 0.32	 
MRI_faces_145	 1	 4	 2125.jpg	 2.101049e+02	 11	 1.046963e+03	 1100	 7.670374e+02	 98	 2.111217e+02	 716.67	 716.67	 10.00	 47	 0.74	 
MRI_faces_145	 1	 4	 2053.jpg	 2.121052e+02	 11	 9.346519e+02	 110	 7.169455e+02	 98	 2.131220e+02	 733.34	 716.67	 13.00	 39	 0.71	 
MRI_faces_145	 1	 4	 1262.jpg	 2.141056e+02	 12	 999000	 120	 999000	 999	 2.151225e+02	 733.34	 716.67	 5.00	 30	 0.83	 
MRI_faces_145	 1	 4	 2015.jpg	 2.160967e+02	 12	 999000	 120	 999000	 999	 2.171134e+02	 733.34	 716.67	 19.00	 33	 0.60	 
MRI_faces_145	 1	 4	 1226.jpg	 2.200969e+02	 22	 1.014960e+03	 2200	 7.169661e+02	 98	 2.211135e+02	 733.34	 666.67	 47.00	 27	 0.31	 
MRI_faces_145	 1	 4	 2181.jpg	 2.240970e+02	 11	 9.299266e+02	 110	 7.336108e+02	 98	 2.251135e+02	 750.00	 666.67	 7.00	 53	 0.77	 
MRI_faces_145	 1	 4	 2164.jpg	 2.270969e+02	 22	 9.319829e+02	 220	 6.669281e+02	 98	 2.281136e+02	 750.00	 683.34	 44.00	 52	 0.38	 
MRI_faces_145	 1	 4	 1050.jpg	 2.320971e+02	 12	 999000	 120	 999000	 999	 2.331136e+02	 750.00	 683.34	 6.00	 8	 0.82	 
MRI_faces_145	 1	 4	 2209.jpg	 2.340971e+02	 24	 999000	 240	 999000	 999	 2.351137e+02	 750.00	 683.34	 39.00	 55	 0.42	 
MRI_faces_145	 1	 4	 1146.jpg	 2.370971e+02	 24	 999000	 240	 999000	 999	 2.381138e+02	 750.00	 683.34	 56.00	 17	 0.20	 
MRI_faces_145	 1	 4	 1202.jpg	 2.410971e+02	 12	 999000	 120	 999000	 999	 2.421140e+02	 750.00	 683.34	 9.00	 23	 0.75	 
MRI_faces_145	 1	 4	 2128.jpg	 2.440973e+02	 12	 999000	 120	 999000	 999	 2.451138e+02	 750.00	 683.34	 14.00	 48	 0.70	 
