subjectID	 order	 runNum	 itemName	 onsetTime	 shuff_trialType	 RT	 respInTime	 AudioTime	 response	 fixationTime	 ladder1	 ladder2	 bidIndex	 itemNameIndex	 bidValue	 
MRI_faces_137	 1	 3	 1017.jpg	 2.428924e+00	 22	 9.899000e+02	 220	 7.526567e+02	 98	 3.446419e+00	 683.34	 766.67	 47.00	 3	 0.27	 
MRI_faces_137	 1	 3	 1246.jpg	 5.412408e+00	 24	 999000	 240	 999000	 999	 6.429343e+00	 683.34	 766.67	 40.00	 28	 0.32	 
MRI_faces_137	 1	 3	 1183.jpg	 9.413155e+00	 24	 999000	 240	 999000	 999	 1.043000e+01	 683.34	 766.67	 57.00	 20	 0.14	 
MRI_faces_137	 1	 3	 1150.jpg	 1.241372e+01	 22	 9.810648e+02	 220	 7.683937e+02	 98	 1.343059e+01	 683.34	 783.33	 45.00	 18	 0.31	 
MRI_faces_137	 1	 3	 1191.jpg	 1.641435e+01	 12	 999000	 120	 999000	 999	 1.743126e+01	 683.34	 783.33	 22.00	 21	 0.63	 
MRI_faces_137	 1	 3	 1080.jpg	 1.941497e+01	 22	 9.798537e+02	 220	 7.836196e+02	 98	 2.043176e+01	 683.34	 800.00	 53.00	 12	 0.23	 
MRI_faces_137	 1	 3	 1127.jpg	 2.141531e+01	 24	 999000	 240	 999000	 999	 2.243214e+01	 683.34	 800.00	 54.00	 14	 0.21	 
MRI_faces_137	 1	 3	 2209.jpg	 2.441581e+01	 11	 8.380132e+02	 110	 6.857044e+02	 98	 2.543259e+01	 700.01	 800.00	 7.00	 55	 0.81	 
MRI_faces_137	 1	 3	 2053.jpg	 2.741638e+01	 11	 9.354481e+02	 110	 7.002904e+02	 98	 2.843324e+01	 716.67	 800.00	 10.00	 39	 0.76	 
MRI_faces_137	 1	 3	 1073.jpg	 3.241720e+01	 12	 999000	 120	 999000	 999	 3.343399e+01	 716.67	 800.00	 21.00	 11	 0.63	 
MRI_faces_137	 1	 3	 1173.jpg	 3.441755e+01	 24	 999000	 240	 999000	 999	 3.543439e+01	 716.67	 800.00	 46.00	 19	 0.27	 
MRI_faces_137	 1	 3	 1146.jpg	 3.641799e+01	 24	 999000	 240	 999000	 999	 3.743471e+01	 716.67	 800.00	 43.00	 17	 0.32	 
MRI_faces_137	 1	 3	 2181.jpg	 4.041867e+01	 12	 999000	 120	 999000	 999	 4.143543e+01	 716.67	 800.00	 9.00	 53	 0.77	 
MRI_faces_137	 1	 3	 1204.jpg	 4.741993e+01	 22	 1.024890e+03	 2200	 8.002716e+02	 98	 4.843668e+01	 716.67	 750.00	 52.00	 24	 0.24	 
MRI_faces_137	 1	 3	 1130.jpg	 4.942019e+01	 24	 999000	 240	 999000	 999	 5.043702e+01	 716.67	 750.00	 56.00	 15	 0.20	 
MRI_faces_137	 1	 3	 2010.jpg	 5.142056e+01	 12	 999000	 120	 999000	 999	 5.243735e+01	 716.67	 750.00	 16.00	 32	 0.69	 
MRI_faces_137	 1	 3	 1019.jpg	 5.342100e+01	 24	 999000	 240	 999000	 999	 5.443775e+01	 716.67	 750.00	 51.00	 4	 0.24	 
MRI_faces_137	 1	 3	 2212.jpg	 5.542126e+01	 12	 999000	 120	 999000	 999	 5.643804e+01	 716.67	 750.00	 4.00	 56	 0.85	 
MRI_faces_137	 1	 3	 1060.jpg	 5.742167e+01	 24	 999000	 240	 999000	 999	 5.843843e+01	 716.67	 750.00	 48.00	 10	 0.26	 
MRI_faces_137	 1	 3	 1114.jpg	 6.042216e+01	 11	 9.226579e+02	 110	 7.169463e+02	 98	 6.143920e+01	 733.34	 750.00	 18.00	 13	 0.66	 
MRI_faces_137	 1	 3	 1262.jpg	 6.242251e+01	 24	 999000	 240	 999000	 999	 6.343934e+01	 733.34	 750.00	 55.00	 30	 0.20	 
MRI_faces_137	 1	 3	 2118.jpg	 6.442288e+01	 12	 999000	 120	 999000	 999	 6.543974e+01	 733.34	 750.00	 8.00	 46	 0.78	 
MRI_faces_137	 1	 3	 2229.jpg	 6.842363e+01	 11	 1.007210e+03	 1100	 7.335982e+02	 98	 6.944431e+01	 683.34	 750.00	 12.00	 58	 0.72	 
MRI_faces_137	 1	 3	 2112.jpg	 7.242425e+01	 12	 999000	 120	 999000	 999	 7.344116e+01	 683.34	 750.00	 6.00	 45	 0.83	 
MRI_faces_137	 1	 3	 2089.jpg	 7.842531e+01	 12	 999000	 120	 999000	 999	 7.944227e+01	 683.34	 750.00	 5.00	 42	 0.83	 
MRI_faces_137	 1	 3	 2024.jpg	 8.042585e+01	 12	 999000	 120	 999000	 999	 8.144251e+01	 683.34	 750.00	 11.00	 34	 0.73	 
MRI_faces_137	 1	 3	 2045.jpg	 8.242600e+01	 12	 999000	 120	 999000	 999	 8.344281e+01	 683.34	 750.00	 20.00	 38	 0.66	 
MRI_faces_137	 1	 3	 2039.jpg	 8.442638e+01	 12	 999000	 120	 999000	 999	 8.544320e+01	 683.34	 750.00	 3.00	 35	 0.87	 
MRI_faces_137	 1	 3	 1050.jpg	 8.841355e+01	 22	 1.012291e+03	 2200	 7.503046e+02	 98	 8.943176e+01	 683.34	 700.00	 50.00	 8	 0.24	 
MRI_faces_137	 1	 3	 1052.jpg	 9.041357e+01	 24	 999000	 240	 999000	 999	 9.143028e+01	 683.34	 700.00	 49.00	 9	 0.25	 
MRI_faces_137	 1	 3	 2058.jpg	 9.241363e+01	 12	 999000	 120	 999000	 999	 9.343027e+01	 683.34	 700.00	 19.00	 40	 0.66	 
MRI_faces_137	 1	 3	 2240.jpg	 9.441366e+01	 12	 999000	 120	 999000	 999	 9.543029e+01	 683.34	 700.00	 14.00	 59	 0.70	 
MRI_faces_137	 1	 3	 2164.jpg	 9.841367e+01	 11	 9.151435e+02	 110	 6.836420e+02	 98	 9.943033e+01	 700.01	 700.00	 15.00	 52	 0.69	 
MRI_faces_137	 1	 3	 2094.jpg	 1.024138e+02	 24	 999000	 240	 999000	 999	 1.034304e+02	 700.01	 700.00	 41.00	 43	 0.32	 
MRI_faces_137	 1	 3	 1192.jpg	 1.054139e+02	 24	 999000	 240	 999000	 999	 1.064304e+02	 700.01	 700.00	 58.00	 22	 0.13	 
MRI_faces_137	 1	 3	 1202.jpg	 1.104143e+02	 24	 999000	 240	 999000	 999	 1.114312e+02	 700.01	 700.00	 39.00	 23	 0.39	 
MRI_faces_137	 1	 3	 1226.jpg	 1.124146e+02	 22	 8.521815e+02	 220	 7.003157e+02	 98	 1.134315e+02	 700.01	 716.67	 44.00	 27	 0.32	 
MRI_faces_137	 1	 3	 2006.jpg	 1.154152e+02	 11	 9.766269e+02	 110	 7.003232e+02	 98	 1.164320e+02	 716.67	 716.67	 13.00	 31	 0.71	 
MRI_faces_137	 1	 3	 1145.jpg	 1.194159e+02	 24	 999000	 240	 999000	 999	 1.204327e+02	 716.67	 716.67	 42.00	 16	 0.32	 
MRI_faces_137	 1	 3	 2110.jpg	 1.224164e+02	 12	 999000	 120	 999000	 999	 1.234332e+02	 716.67	 716.67	 17.00	 44	 0.67	 
