subjectID	 order	 runNum	 itemName	 onsetTime	 shuff_trialType	 RT	 respInTime	 AudioTime	 response	 fixationTime	 ladder1	 ladder2	 bidIndex	 itemNameIndex	 bidValue	 
MRI_faces_122	 2	 12	 1007.jpg	 1.240461e+02	 24	 999000	 240	 999000	 999	 1.250629e+02	 716.68	 650.01	 41.00	 1	 0.42	 
MRI_faces_122	 2	 12	 2118.jpg	 1.260299e+02	 12	 999000	 120	 999000	 999	 1.270466e+02	 716.68	 650.01	 21.00	 46	 0.58	 
MRI_faces_122	 2	 12	 2039.jpg	 1.290303e+02	 11	 9.547005e+02	 110	 7.169937e+02	 98	 1.300471e+02	 733.35	 650.01	 16.00	 35	 0.67	 
MRI_faces_122	 2	 12	 1050.jpg	 1.320309e+02	 11	 1.016151e+03	 1100	 7.336277e+02	 98	 1.330476e+02	 683.35	 650.01	 17.00	 8	 0.66	 
MRI_faces_122	 2	 12	 1035.jpg	 1.340314e+02	 12	 999000	 120	 999000	 999	 1.350480e+02	 683.35	 650.01	 15.00	 7	 0.67	 
MRI_faces_122	 2	 12	 1019.jpg	 1.380319e+02	 22	 8.861333e+02	 220	 6.503058e+02	 98	 1.390487e+02	 683.35	 666.68	 43.00	 4	 0.40	 
MRI_faces_122	 2	 12	 2015.jpg	 1.430328e+02	 11	 9.612361e+02	 110	 6.836167e+02	 98	 1.440496e+02	 700.01	 666.68	 14.00	 33	 0.67	 
MRI_faces_122	 2	 12	 1013.jpg	 1.450331e+02	 12	 999000	 120	 999000	 999	 1.460499e+02	 700.01	 666.68	 7.00	 2	 0.74	 
MRI_faces_122	 2	 12	 2155.jpg	 1.480337e+02	 24	 999000	 240	 999000	 999	 1.490505e+02	 700.01	 666.68	 42.00	 51	 0.40	 
MRI_faces_122	 2	 12	 2112.jpg	 1.500340e+02	 12	 999000	 120	 999000	 999	 1.510509e+02	 700.01	 666.68	 5.00	 45	 0.81	 
MRI_faces_122	 2	 12	 1216.jpg	 1.560351e+02	 12	 999000	 120	 999000	 999	 1.570519e+02	 700.01	 666.68	 18.00	 26	 0.65	 
MRI_faces_122	 2	 12	 2125.jpg	 1.590357e+02	 12	 999000	 120	 999000	 999	 1.600525e+02	 700.01	 666.68	 19.00	 47	 0.64	 
MRI_faces_122	 2	 12	 2043.jpg	 1.640365e+02	 12	 999000	 120	 999000	 999	 1.650532e+02	 700.01	 666.68	 22.00	 37	 0.58	 
MRI_faces_122	 2	 12	 2053.jpg	 1.660368e+02	 12	 999000	 120	 999000	 999	 1.670536e+02	 700.01	 666.68	 10.00	 39	 0.70	 
MRI_faces_122	 2	 12	 1031.jpg	 1.680371e+02	 12	 999000	 120	 999000	 999	 1.690539e+02	 700.01	 666.68	 6.00	 6	 0.74	 
MRI_faces_122	 2	 12	 2089.jpg	 1.720381e+02	 11	 1.097007e+03	 1100	 7.002841e+02	 98	 1.730547e+02	 650.01	 666.68	 11.00	 42	 0.70	 
MRI_faces_122	 2	 12	 1060.jpg	 1.740383e+02	 24	 999000	 240	 999000	 999	 1.750551e+02	 650.01	 666.68	 52.00	 10	 0.28	 
MRI_faces_122	 2	 12	 2006.jpg	 1.770388e+02	 12	 999000	 120	 999000	 999	 1.780556e+02	 650.01	 666.68	 12.00	 31	 0.70	 
MRI_faces_122	 2	 12	 1183.jpg	 1.800393e+02	 24	 999000	 240	 999000	 999	 1.810561e+02	 650.01	 666.68	 56.00	 20	 0.19	 
MRI_faces_122	 2	 12	 1080.jpg	 1.830398e+02	 12	 999000	 120	 999000	 999	 1.840566e+02	 650.01	 666.68	 4.00	 12	 0.83	 
MRI_faces_122	 2	 12	 1127.jpg	 1.850403e+02	 22	 1.027789e+03	 2200	 6.669601e+02	 98	 1.860570e+02	 650.01	 616.68	 48.00	 14	 0.33	 
MRI_faces_122	 2	 12	 2212.jpg	 1.890408e+02	 12	 999000	 120	 999000	 999	 1.900577e+02	 650.01	 616.68	 13.00	 56	 0.70	 
MRI_faces_122	 2	 12	 2041.jpg	 1.910412e+02	 24	 999000	 240	 999000	 999	 1.920581e+02	 650.01	 616.68	 58.00	 36	 0.11	 
MRI_faces_122	 2	 12	 2045.jpg	 1.930416e+02	 22	 8.514252e+02	 220	 6.169397e+02	 98	 1.940584e+02	 650.01	 633.34	 51.00	 38	 0.29	 
MRI_faces_122	 2	 12	 1173.jpg	 1.950420e+02	 22	 9.510795e+02	 220	 6.336174e+02	 98	 1.960588e+02	 650.01	 650.01	 54.00	 19	 0.26	 
MRI_faces_122	 2	 12	 1130.jpg	 1.970423e+02	 24	 999000	 240	 999000	 999	 1.980592e+02	 650.01	 650.01	 45.00	 15	 0.37	 
MRI_faces_122	 2	 12	 2194.jpg	 2.010430e+02	 24	 999000	 240	 999000	 999	 2.020598e+02	 650.01	 650.01	 39.00	 54	 0.43	 
MRI_faces_122	 2	 12	 1052.jpg	 2.050293e+02	 24	 999000	 240	 999000	 999	 2.060460e+02	 650.01	 650.01	 53.00	 9	 0.27	 
MRI_faces_122	 2	 12	 2164.jpg	 2.090293e+02	 24	 999000	 240	 999000	 999	 2.100460e+02	 650.01	 650.01	 44.00	 52	 0.40	 
MRI_faces_122	 2	 12	 2058.jpg	 2.120294e+02	 22	 9.296920e+02	 220	 6.502571e+02	 98	 2.130460e+02	 650.01	 666.68	 49.00	 40	 0.31	 
MRI_faces_122	 2	 12	 1246.jpg	 2.140295e+02	 24	 999000	 240	 999000	 999	 2.150461e+02	 650.01	 666.68	 57.00	 28	 0.19	 
MRI_faces_122	 2	 12	 1204.jpg	 2.160295e+02	 24	 999000	 240	 999000	 999	 2.170461e+02	 650.01	 666.68	 50.00	 24	 0.29	 
MRI_faces_122	 2	 12	 1150.jpg	 2.180295e+02	 22	 9.425151e+02	 220	 6.669430e+02	 98	 2.190462e+02	 650.01	 683.34	 46.00	 18	 0.34	 
MRI_faces_122	 2	 12	 1226.jpg	 2.200297e+02	 24	 999000	 240	 999000	 999	 2.210465e+02	 650.01	 683.34	 47.00	 27	 0.34	 
MRI_faces_122	 2	 12	 1145.jpg	 2.240303e+02	 24	 999000	 240	 999000	 999	 2.250472e+02	 650.01	 683.34	 40.00	 16	 0.42	 
MRI_faces_122	 2	 12	 2248.jpg	 2.260308e+02	 12	 999000	 120	 999000	 999	 2.270476e+02	 650.01	 683.34	 3.00	 60	 0.86	 
MRI_faces_122	 2	 12	 1017.jpg	 2.330320e+02	 24	 999000	 240	 999000	 999	 2.340488e+02	 650.01	 683.34	 55.00	 3	 0.26	 
MRI_faces_122	 2	 12	 1191.jpg	 2.370327e+02	 11	 8.873732e+02	 110	 6.502958e+02	 98	 2.380494e+02	 666.68	 683.34	 9.00	 21	 0.71	 
MRI_faces_122	 2	 12	 2094.jpg	 2.400332e+02	 12	 999000	 120	 999000	 999	 2.410500e+02	 666.68	 683.34	 20.00	 43	 0.63	 
MRI_faces_122	 2	 12	 1027.jpg	 2.440339e+02	 11	 9.642120e+02	 110	 6.669950e+02	 98	 2.450507e+02	 683.35	 683.34	 8.00	 5	 0.74	 
