subjectID	 order	 runNum	 itemName	 onsetTime	 shuff_trialType	 RT	 respInTime	 AudioTime	 response	 fixationTime	 ladder1	 ladder2	 bidIndex	 itemNameIndex	 bidValue	 
MRI_faces_145	 1	 1	 2024.jpg	 2.262452e+00	 22	 1.108906e+03	 2200	 7.543069e+02	 98	 3.277683e+00	 750.00	 700.00	 53.00	 34	 0.24	 
MRI_faces_145	 1	 1	 2155.jpg	 7.257645e+00	 24	 999000	 240	 999000	 999	 8.274315e+00	 750.00	 700.00	 48.00	 51	 0.31	 
MRI_faces_145	 1	 1	 2153.jpg	 9.257736e+00	 12	 999000	 120	 999000	 999	 1.027429e+01	 750.00	 700.00	 8.00	 50	 0.76	 
MRI_faces_145	 1	 1	 1150.jpg	 1.225771e+01	 24	 999000	 240	 999000	 999	 1.327435e+01	 750.00	 700.00	 58.00	 18	 0.15	 
MRI_faces_145	 1	 1	 1114.jpg	 1.525779e+01	 12	 999000	 120	 999000	 999	 1.627451e+01	 750.00	 700.00	 21.00	 13	 0.59	 
MRI_faces_145	 1	 1	 1060.jpg	 2.225791e+01	 24	 999000	 240	 999000	 999	 2.327449e+01	 750.00	 700.00	 55.00	 10	 0.21	 
MRI_faces_145	 1	 1	 2053.jpg	 2.425794e+01	 11	 1.052454e+03	 1100	 7.562351e+02	 98	 2.527458e+01	 700.00	 700.00	 13.00	 39	 0.71	 
MRI_faces_145	 1	 1	 2112.jpg	 2.825798e+01	 12	 999000	 120	 999000	 999	 2.927459e+01	 700.00	 700.00	 22.00	 45	 0.58	 
MRI_faces_145	 1	 1	 2209.jpg	 3.025801e+01	 24	 999000	 240	 999000	 999	 3.127462e+01	 700.00	 700.00	 39.00	 55	 0.42	 
MRI_faces_145	 1	 1	 1204.jpg	 3.525807e+01	 11	 9.102943e+02	 110	 7.003911e+02	 98	 3.627498e+01	 716.67	 700.00	 18.00	 24	 0.61	 
MRI_faces_145	 1	 1	 2118.jpg	 3.925813e+01	 12	 999000	 120	 999000	 999	 4.027474e+01	 716.67	 700.00	 11.00	 46	 0.74	 
MRI_faces_145	 1	 1	 2041.jpg	 4.125824e+01	 22	 9.031169e+02	 220	 7.050614e+02	 98	 4.227481e+01	 716.67	 716.67	 52.00	 36	 0.26	 
MRI_faces_145	 1	 1	 1080.jpg	 4.425823e+01	 24	 999000	 240	 999000	 999	 4.527489e+01	 716.67	 716.67	 54.00	 12	 0.23	 
MRI_faces_145	 1	 1	 2015.jpg	 4.725224e+01	 12	 999000	 120	 999000	 999	 4.826909e+01	 716.67	 716.67	 19.00	 33	 0.60	 
MRI_faces_145	 1	 1	 1130.jpg	 5.125841e+01	 24	 999000	 240	 999000	 999	 5.227498e+01	 716.67	 716.67	 43.00	 15	 0.39	 
MRI_faces_145	 1	 1	 1246.jpg	 5.525843e+01	 24	 999000	 240	 999000	 999	 5.627511e+01	 716.67	 716.67	 46.00	 28	 0.32	 
MRI_faces_145	 1	 1	 2164.jpg	 5.925437e+01	 22	 9.410014e+02	 220	 7.169373e+02	 98	 6.027116e+01	 716.67	 733.33	 44.00	 52	 0.38	 
MRI_faces_145	 1	 1	 1255.jpg	 6.225490e+01	 12	 999000	 120	 999000	 999	 6.327165e+01	 716.67	 733.33	 16.00	 29	 0.63	 
MRI_faces_145	 1	 1	 1146.jpg	 6.525547e+01	 24	 999000	 240	 999000	 999	 6.627219e+01	 716.67	 733.33	 56.00	 17	 0.20	 
MRI_faces_145	 1	 1	 1262.jpg	 6.825870e+01	 12	 999000	 120	 999000	 999	 6.927518e+01	 716.67	 733.33	 5.00	 30	 0.83	 
MRI_faces_145	 1	 1	 2058.jpg	 7.025864e+01	 24	 999000	 240	 999000	 999	 7.127529e+01	 716.67	 733.33	 41.00	 40	 0.40	 
MRI_faces_145	 1	 1	 1226.jpg	 7.325680e+01	 22	 8.965714e+02	 220	 7.335987e+02	 98	 7.427531e+01	 716.67	 750.00	 47.00	 27	 0.31	 
MRI_faces_145	 1	 1	 2240.jpg	 7.525715e+01	 22	 1.027210e+03	 2200	 7.502760e+02	 98	 7.627538e+01	 716.67	 700.00	 50.00	 59	 0.28	 
MRI_faces_145	 1	 1	 1007.jpg	 7.725749e+01	 24	 999000	 240	 999000	 999	 7.827541e+01	 716.67	 700.00	 40.00	 1	 0.41	 
MRI_faces_145	 1	 1	 1035.jpg	 7.924181e+01	 12	 999000	 120	 999000	 999	 8.025881e+01	 716.67	 700.00	 4.00	 7	 0.85	 
MRI_faces_145	 1	 1	 1073.jpg	 8.225881e+01	 22	 8.685366e+02	 220	 7.002751e+02	 98	 8.327539e+01	 716.67	 716.67	 45.00	 11	 0.35	 
MRI_faces_145	 1	 1	 2110.jpg	 8.624226e+01	 24	 999000	 240	 999000	 999	 8.725921e+01	 716.67	 716.67	 51.00	 44	 0.26	 
MRI_faces_145	 1	 1	 2043.jpg	 8.825884e+01	 11	 9.005384e+02	 110	 7.169775e+02	 98	 8.927634e+01	 733.33	 716.67	 15.00	 37	 0.63	 
MRI_faces_145	 1	 1	 2089.jpg	 9.024285e+01	 24	 999000	 240	 999000	 999	 9.125993e+01	 733.33	 716.67	 42.00	 42	 0.40	 
MRI_faces_145	 1	 1	 1202.jpg	 9.425904e+01	 12	 999000	 120	 999000	 999	 9.527727e+01	 733.33	 716.67	 9.00	 23	 0.75	 
MRI_faces_145	 1	 1	 1192.jpg	 9.624425e+01	 24	 999000	 240	 999000	 999	 9.726097e+01	 733.33	 716.67	 57.00	 22	 0.18	 
MRI_faces_145	 1	 1	 1216.jpg	 9.825902e+01	 12	 999000	 120	 999000	 999	 9.927798e+01	 733.33	 716.67	 17.00	 26	 0.63	 
MRI_faces_145	 1	 1	 1013.jpg	 1.022453e+02	 12	 999000	 120	 999000	 999	 1.032620e+02	 733.33	 716.67	 20.00	 2	 0.60	 
MRI_faces_145	 1	 1	 2125.jpg	 1.062592e+02	 11	 9.221680e+02	 110	 7.336217e+02	 98	 1.072758e+02	 750.00	 716.67	 10.00	 47	 0.74	 
MRI_faces_145	 1	 1	 2181.jpg	 1.082464e+02	 11	 9.659950e+02	 110	 7.503407e+02	 98	 1.092632e+02	 766.67	 716.67	 7.00	 53	 0.77	 
MRI_faces_145	 1	 1	 1127.jpg	 1.102466e+02	 24	 999000	 240	 999000	 999	 1.112635e+02	 766.67	 716.67	 49.00	 14	 0.28	 
MRI_faces_145	 1	 1	 2128.jpg	 1.122471e+02	 12	 999000	 120	 999000	 999	 1.132638e+02	 766.67	 716.67	 14.00	 48	 0.70	 
MRI_faces_145	 1	 1	 1050.jpg	 1.142474e+02	 12	 999000	 120	 999000	 999	 1.152642e+02	 766.67	 716.67	 6.00	 8	 0.82	 
MRI_faces_145	 1	 1	 1027.jpg	 1.202485e+02	 11	 9.409041e+02	 110	 7.669473e+02	 98	 1.212654e+02	 783.33	 716.67	 12.00	 5	 0.73	 
MRI_faces_145	 1	 1	 2094.jpg	 1.222488e+02	 12	 999000	 120	 999000	 999	 1.232655e+02	 783.33	 716.67	 3.00	 43	 0.87	 
