subjectID	 order	 runNum	 itemName	 onsetTime	 shuff_trialType	 RT	 respInTime	 AudioTime	 response	 fixationTime	 ladder1	 ladder2	 bidIndex	 itemNameIndex	 bidValue	 
MRI_faces_136	 2	 1	 2212.jpg	 2.379085e+00	 11	 1.136408e+03	 1100	 7.537960e+02	 98	 3.409562e+00	 700.00	 750.00	 9.00	 56	 0.76	 
MRI_faces_136	 2	 1	 2015.jpg	 5.373355e+00	 12	 999000	 120	 999000	 999	 6.390165e+00	 700.00	 750.00	 4.00	 33	 0.85	 
MRI_faces_136	 2	 1	 1127.jpg	 9.374302e+00	 22	 8.941895e+02	 220	 7.529611e+02	 98	 1.039078e+01	 700.00	 766.67	 49.00	 14	 0.31	 
MRI_faces_136	 2	 1	 1210.jpg	 1.237453e+01	 24	 999000	 240	 999000	 999	 1.339130e+01	 700.00	 766.67	 40.00	 25	 0.41	 
MRI_faces_136	 2	 1	 1246.jpg	 1.637523e+01	 24	 999000	 240	 999000	 999	 1.739211e+01	 700.00	 766.67	 41.00	 28	 0.40	 
MRI_faces_136	 2	 1	 1073.jpg	 1.937577e+01	 12	 999000	 120	 999000	 999	 2.039260e+01	 700.00	 766.67	 15.00	 11	 0.66	 
MRI_faces_136	 2	 1	 1262.jpg	 2.136210e+01	 24	 999000	 240	 999000	 999	 2.237878e+01	 700.00	 766.67	 44.00	 30	 0.37	 
MRI_faces_136	 2	 1	 2218.jpg	 2.437674e+01	 24	 999000	 240	 999000	 999	 2.539552e+01	 700.00	 766.67	 39.00	 57	 0.43	 
MRI_faces_136	 2	 1	 1183.jpg	 2.736221e+01	 12	 999000	 120	 999000	 999	 2.837880e+01	 700.00	 766.67	 21.00	 20	 0.57	 
MRI_faces_136	 2	 1	 2155.jpg	 3.236229e+01	 24	 999000	 240	 999000	 999	 3.337896e+01	 700.00	 766.67	 57.00	 51	 0.13	 
MRI_faces_136	 2	 1	 2149.jpg	 3.436233e+01	 22	 9.561548e+02	 220	 7.669899e+02	 98	 3.537894e+01	 700.00	 783.33	 51.00	 49	 0.28	 
MRI_faces_136	 2	 1	 2240.jpg	 3.636236e+01	 24	 999000	 240	 999000	 999	 3.737901e+01	 700.00	 783.33	 55.00	 59	 0.23	 
MRI_faces_136	 2	 1	 2118.jpg	 4.036289e+01	 12	 999000	 120	 999000	 999	 4.137964e+01	 700.00	 783.33	 3.00	 46	 0.85	 
MRI_faces_136	 2	 1	 2058.jpg	 4.736410e+01	 24	 999000	 240	 999000	 999	 4.838084e+01	 700.00	 783.33	 42.00	 40	 0.39	 
MRI_faces_136	 2	 1	 1150.jpg	 4.936438e+01	 24	 999000	 240	 999000	 999	 5.038124e+01	 700.00	 783.33	 52.00	 18	 0.27	 
MRI_faces_136	 2	 1	 2039.jpg	 5.136485e+01	 11	 8.706316e+02	 110	 7.026917e+02	 98	 5.238158e+01	 716.67	 783.33	 16.00	 35	 0.65	 
MRI_faces_136	 2	 1	 2010.jpg	 5.336510e+01	 22	 1.057392e+03	 2200	 7.836053e+02	 98	 5.438199e+01	 716.67	 733.33	 46.00	 32	 0.35	 
MRI_faces_136	 2	 1	 2248.jpg	 5.536545e+01	 12	 999000	 120	 999000	 999	 5.638235e+01	 716.67	 733.33	 7.00	 60	 0.80	 
MRI_faces_136	 2	 1	 2094.jpg	 5.736586e+01	 22	 8.976334e+02	 220	 7.336509e+02	 98	 5.838266e+01	 716.67	 750.00	 48.00	 43	 0.34	 
MRI_faces_136	 2	 1	 1192.jpg	 6.036636e+01	 22	 9.741284e+02	 220	 7.503053e+02	 98	 6.138318e+01	 716.67	 766.67	 43.00	 22	 0.38	 
MRI_faces_136	 2	 1	 1060.jpg	 6.236674e+01	 24	 999000	 240	 999000	 999	 6.338356e+01	 716.67	 766.67	 53.00	 10	 0.26	 
MRI_faces_136	 2	 1	 2229.jpg	 6.436704e+01	 11	 8.784533e+02	 110	 7.169609e+02	 98	 6.538393e+01	 733.33	 766.67	 11.00	 58	 0.69	 
MRI_faces_136	 2	 1	 1202.jpg	 6.836773e+01	 11	 9.197495e+02	 110	 7.336742e+02	 98	 6.938460e+01	 750.00	 766.67	 14.00	 23	 0.67	 
MRI_faces_136	 2	 1	 1017.jpg	 7.236844e+01	 24	 999000	 240	 999000	 999	 7.338530e+01	 750.00	 766.67	 58.00	 3	 0.13	 
MRI_faces_136	 2	 1	 1216.jpg	 7.836955e+01	 12	 999000	 120	 999000	 999	 7.938631e+01	 750.00	 766.67	 18.00	 26	 0.61	 
MRI_faces_136	 2	 1	 2128.jpg	 8.036984e+01	 11	 8.746471e+02	 110	 7.502761e+02	 98	 8.138678e+01	 766.67	 766.67	 17.00	 48	 0.65	 
MRI_faces_136	 2	 1	 2043.jpg	 8.237026e+01	 11	 9.242450e+02	 110	 7.669207e+02	 98	 8.338702e+01	 783.33	 766.67	 8.00	 37	 0.79	 
MRI_faces_136	 2	 1	 1052.jpg	 8.437056e+01	 12	 999000	 120	 999000	 999	 8.538742e+01	 783.33	 766.67	 22.00	 9	 0.56	 
MRI_faces_136	 2	 1	 2194.jpg	 8.837128e+01	 24	 999000	 240	 999000	 999	 8.938813e+01	 783.33	 766.67	 50.00	 54	 0.30	 
MRI_faces_136	 2	 1	 2045.jpg	 9.037162e+01	 22	 9.288631e+02	 220	 7.669856e+02	 98	 9.138842e+01	 783.33	 783.33	 54.00	 38	 0.25	 
MRI_faces_136	 2	 1	 1050.jpg	 9.237197e+01	 24	 999000	 240	 999000	 999	 9.338884e+01	 783.33	 783.33	 47.00	 8	 0.34	 
MRI_faces_136	 2	 1	 2181.jpg	 9.437237e+01	 12	 999000	 120	 999000	 999	 9.538922e+01	 783.33	 783.33	 12.00	 53	 0.69	 
MRI_faces_136	 2	 1	 2110.jpg	 9.837305e+01	 24	 999000	 240	 999000	 999	 9.938987e+01	 783.33	 783.33	 56.00	 44	 0.16	 
MRI_faces_136	 2	 1	 2063.jpg	 1.023738e+02	 12	 999000	 120	 999000	 999	 1.033906e+02	 783.33	 783.33	 13.00	 41	 0.68	 
MRI_faces_136	 2	 1	 1146.jpg	 1.053742e+02	 12	 999000	 120	 999000	 999	 1.063911e+02	 783.33	 783.33	 20.00	 17	 0.58	 
MRI_faces_136	 2	 1	 1035.jpg	 1.103752e+02	 12	 999000	 120	 999000	 999	 1.113920e+02	 783.33	 783.33	 6.00	 7	 0.81	 
MRI_faces_136	 2	 1	 2209.jpg	 1.123756e+02	 12	 999000	 120	 999000	 999	 1.133923e+02	 783.33	 783.33	 10.00	 55	 0.73	 
MRI_faces_136	 2	 1	 2041.jpg	 1.153760e+02	 24	 999000	 240	 999000	 999	 1.163929e+02	 783.33	 783.33	 45.00	 36	 0.36	 
MRI_faces_136	 2	 1	 1191.jpg	 1.193636e+02	 12	 999000	 120	 999000	 999	 1.203802e+02	 783.33	 783.33	 5.00	 21	 0.82	 
MRI_faces_136	 2	 1	 2153.jpg	 1.223637e+02	 12	 999000	 120	 999000	 999	 1.233803e+02	 783.33	 783.33	 19.00	 50	 0.59	 
