subjectID	 order	 runNum	 itemName	 onsetTime	 shuff_trialType	 RT	 respInTime	 AudioTime	 response	 fixationTime	 ladder1	 ladder2	 bidIndex	 itemNameIndex	 bidValue	 
MRI_faces_132	 2	 12	 1007.jpg	 1.241986e+02	 12	 999000	 120	 999000	 999	 1.252155e+02	 650.01	 583.34	 6.00	 1	 0.74	 
MRI_faces_132	 2	 12	 2039.jpg	 1.271992e+02	 12	 999000	 120	 999000	 999	 1.282160e+02	 650.01	 583.34	 22.00	 35	 0.58	 
MRI_faces_132	 2	 12	 2089.jpg	 1.311998e+02	 12	 999000	 120	 999000	 999	 1.322167e+02	 650.01	 583.34	 12.00	 42	 0.71	 
MRI_faces_132	 2	 12	 2125.jpg	 1.342006e+02	 11	 9.233984e+02	 110	 6.502892e+02	 98	 1.352172e+02	 666.68	 583.34	 9.00	 47	 0.72	 
MRI_faces_132	 2	 12	 2128.jpg	 1.382011e+02	 22	 9.219526e+02	 220	 5.836167e+02	 98	 1.392179e+02	 666.68	 600.01	 54.00	 48	 0.19	 
MRI_faces_132	 2	 12	 1246.jpg	 1.411977e+02	 12	 999000	 120	 999000	 999	 1.422144e+02	 666.68	 600.01	 15.00	 28	 0.68	 
MRI_faces_132	 2	 12	 1027.jpg	 1.431978e+02	 12	 999000	 120	 999000	 999	 1.442144e+02	 666.68	 600.01	 4.00	 5	 0.77	 
MRI_faces_132	 2	 12	 1060.jpg	 1.461978e+02	 22	 8.952268e+02	 220	 6.003451e+02	 98	 1.472145e+02	 666.68	 616.67	 43.00	 10	 0.41	 
MRI_faces_132	 2	 12	 1216.jpg	 1.491980e+02	 12	 999000	 120	 999000	 999	 1.502147e+02	 666.68	 616.67	 3.00	 26	 0.80	 
MRI_faces_132	 2	 12	 2058.jpg	 1.541979e+02	 24	 999000	 240	 999000	 999	 1.552146e+02	 666.68	 616.67	 47.00	 40	 0.32	 
MRI_faces_132	 2	 12	 2229.jpg	 1.561979e+02	 12	 999000	 120	 999000	 999	 1.572146e+02	 666.68	 616.67	 21.00	 58	 0.60	 
MRI_faces_132	 2	 12	 2015.jpg	 1.581980e+02	 12	 999000	 120	 999000	 999	 1.592147e+02	 666.68	 616.67	 7.00	 33	 0.74	 
MRI_faces_132	 2	 12	 2194.jpg	 1.621980e+02	 22	 9.959971e+02	 220	 6.169238e+02	 98	 1.632147e+02	 666.68	 633.34	 46.00	 54	 0.35	 
MRI_faces_132	 2	 12	 2181.jpg	 1.691982e+02	 11	 1.046825e+03	 1100	 6.669373e+02	 98	 1.702147e+02	 616.68	 633.34	 14.00	 53	 0.69	 
MRI_faces_132	 2	 12	 2155.jpg	 1.711982e+02	 24	 999000	 240	 999000	 999	 1.722148e+02	 616.68	 633.34	 42.00	 51	 0.42	 
MRI_faces_132	 2	 12	 1019.jpg	 1.731982e+02	 24	 999000	 240	 999000	 999	 1.742148e+02	 616.68	 633.34	 52.00	 4	 0.30	 
MRI_faces_132	 2	 12	 1073.jpg	 1.751983e+02	 12	 999000	 120	 999000	 999	 1.762149e+02	 616.68	 633.34	 18.00	 11	 0.65	 
MRI_faces_132	 2	 12	 1183.jpg	 1.771982e+02	 24	 999000	 240	 999000	 999	 1.782149e+02	 616.68	 633.34	 50.00	 20	 0.30	 
MRI_faces_132	 2	 12	 2248.jpg	 1.791983e+02	 12	 999000	 120	 999000	 999	 1.802149e+02	 616.68	 633.34	 5.00	 60	 0.76	 
MRI_faces_132	 2	 12	 1080.jpg	 1.821984e+02	 24	 999000	 240	 999000	 999	 1.832151e+02	 616.68	 633.34	 58.00	 12	 0.14	 
MRI_faces_132	 2	 12	 2045.jpg	 1.841983e+02	 12	 999000	 120	 999000	 999	 1.852151e+02	 616.68	 633.34	 20.00	 38	 0.60	 
MRI_faces_132	 2	 12	 1204.jpg	 1.861985e+02	 24	 999000	 240	 999000	 999	 1.872150e+02	 616.68	 633.34	 55.00	 24	 0.16	 
MRI_faces_132	 2	 12	 1226.jpg	 1.901985e+02	 22	 1.039561e+03	 2200	 6.335995e+02	 98	 1.912151e+02	 616.68	 583.34	 49.00	 27	 0.31	 
MRI_faces_132	 2	 12	 2112.jpg	 1.941986e+02	 12	 999000	 120	 999000	 999	 1.952152e+02	 616.68	 583.34	 10.00	 45	 0.72	 
MRI_faces_132	 2	 12	 2024.jpg	 2.001986e+02	 11	 9.954094e+02	 110	 6.169548e+02	 98	 2.012153e+02	 633.34	 583.34	 17.00	 34	 0.67	 
MRI_faces_132	 2	 12	 1146.jpg	 2.021987e+02	 24	 999000	 240	 999000	 999	 2.032153e+02	 633.34	 583.34	 45.00	 17	 0.37	 
MRI_faces_132	 2	 12	 2110.jpg	 2.041986e+02	 24	 999000	 240	 999000	 999	 2.052153e+02	 633.34	 583.34	 56.00	 44	 0.16	 
MRI_faces_132	 2	 12	 2043.jpg	 2.061987e+02	 24	 999000	 240	 999000	 999	 2.072153e+02	 633.34	 583.34	 44.00	 37	 0.41	 
MRI_faces_132	 2	 12	 1255.jpg	 2.101987e+02	 24	 999000	 240	 999000	 999	 2.112154e+02	 633.34	 583.34	 39.00	 29	 0.44	 
MRI_faces_132	 2	 12	 2063.jpg	 2.121989e+02	 12	 999000	 120	 999000	 999	 2.132155e+02	 633.34	 583.34	 19.00	 41	 0.61	 
MRI_faces_132	 2	 12	 1191.jpg	 2.141989e+02	 22	 9.271398e+02	 220	 5.836032e+02	 98	 2.152156e+02	 633.34	 600.01	 48.00	 21	 0.31	 
MRI_faces_132	 2	 12	 1210.jpg	 2.161988e+02	 24	 999000	 240	 999000	 999	 2.172154e+02	 633.34	 600.01	 40.00	 25	 0.43	 
MRI_faces_132	 2	 12	 1145.jpg	 2.201990e+02	 12	 999000	 120	 999000	 999	 2.212158e+02	 633.34	 600.01	 13.00	 16	 0.69	 
MRI_faces_132	 2	 12	 2218.jpg	 2.241995e+02	 24	 999000	 240	 999000	 999	 2.252163e+02	 633.34	 600.01	 53.00	 57	 0.27	 
MRI_faces_132	 2	 12	 2212.jpg	 2.271990e+02	 11	 9.960338e+02	 110	 6.336195e+02	 98	 2.282169e+02	 650.01	 600.01	 11.00	 56	 0.72	 
MRI_faces_132	 2	 12	 1127.jpg	 2.322010e+02	 24	 999000	 240	 999000	 999	 2.332178e+02	 650.01	 600.01	 57.00	 14	 0.15	 
MRI_faces_132	 2	 12	 2010.jpg	 2.341993e+02	 11	 9.826959e+02	 110	 6.502972e+02	 98	 2.352181e+02	 666.68	 600.01	 8.00	 32	 0.72	 
MRI_faces_132	 2	 12	 2240.jpg	 2.371992e+02	 11	 9.068868e+02	 110	 6.669383e+02	 98	 2.382157e+02	 683.34	 600.01	 16.00	 59	 0.68	 
MRI_faces_132	 2	 12	 2041.jpg	 2.411993e+02	 22	 1.023744e+03	 2200	 6.003276e+02	 98	 2.422159e+02	 683.34	 550.01	 51.00	 36	 0.30	 
MRI_faces_132	 2	 12	 1017.jpg	 2.441993e+02	 24	 999000	 240	 999000	 999	 2.452159e+02	 683.34	 550.01	 41.00	 3	 0.42	 
