subjectID	 order	 runNum	 itemName	 onsetTime	 shuff_trialType	 RT	 respInTime	 AudioTime	 response	 fixationTime	 ladder1	 ladder2	 bidIndex	 itemNameIndex	 bidValue	 
MRI_faces_138	 2	 16	 2112.jpg	 1.242175e+02	 11	 9.783967e+02	 110	 7.836263e+02	 98	 1.252344e+02	 800.00	 716.67	 8.00	 45	 0.77	 
MRI_faces_138	 2	 16	 1246.jpg	 1.272144e+02	 22	 9.725420e+02	 220	 7.169425e+02	 98	 1.282311e+02	 800.00	 733.34	 54.00	 28	 0.22	 
MRI_faces_138	 2	 16	 1019.jpg	 1.312144e+02	 22	 1.017500e+03	 2200	 7.336067e+02	 98	 1.322311e+02	 800.00	 683.34	 49.00	 4	 0.29	 
MRI_faces_138	 2	 16	 2041.jpg	 1.342144e+02	 24	 999000	 240	 999000	 999	 1.352311e+02	 800.00	 683.34	 41.00	 36	 0.35	 
MRI_faces_138	 2	 16	 2089.jpg	 1.382145e+02	 11	 9.823757e+02	 110	 8.002803e+02	 98	 1.392311e+02	 816.66	 683.34	 14.00	 42	 0.71	 
MRI_faces_138	 2	 16	 2125.jpg	 1.412145e+02	 11	 1.141374e+03	 1100	 8.169261e+02	 98	 1.422312e+02	 766.66	 683.34	 9.00	 47	 0.76	 
MRI_faces_138	 2	 16	 2006.jpg	 1.432146e+02	 12	 999000	 120	 999000	 999	 1.442313e+02	 766.66	 683.34	 7.00	 31	 0.81	 
MRI_faces_138	 2	 16	 2181.jpg	 1.462146e+02	 12	 999000	 120	 999000	 999	 1.472313e+02	 766.66	 683.34	 5.00	 53	 0.82	 
MRI_faces_138	 2	 16	 1146.jpg	 1.492147e+02	 22	 8.691987e+02	 220	 6.835942e+02	 98	 1.502313e+02	 766.66	 700.00	 48.00	 17	 0.30	 
MRI_faces_138	 2	 16	 1210.jpg	 1.542148e+02	 12	 999000	 120	 999000	 999	 1.552314e+02	 766.66	 700.00	 22.00	 25	 0.62	 
MRI_faces_138	 2	 16	 1216.jpg	 1.562148e+02	 24	 999000	 240	 999000	 999	 1.572315e+02	 766.66	 700.00	 45.00	 26	 0.32	 
MRI_faces_138	 2	 16	 1262.jpg	 1.582068e+02	 22	 9.940403e+02	 220	 7.002704e+02	 98	 1.592237e+02	 766.66	 716.67	 51.00	 30	 0.25	 
MRI_faces_138	 2	 16	 1007.jpg	 1.622149e+02	 24	 999000	 240	 999000	 999	 1.632315e+02	 766.66	 716.67	 50.00	 1	 0.28	 
MRI_faces_138	 2	 16	 2039.jpg	 1.692150e+02	 12	 999000	 120	 999000	 999	 1.702316e+02	 766.66	 716.67	 15.00	 35	 0.70	 
MRI_faces_138	 2	 16	 2212.jpg	 1.712150e+02	 12	 999000	 120	 999000	 999	 1.722317e+02	 766.66	 716.67	 6.00	 56	 0.82	 
MRI_faces_138	 2	 16	 1192.jpg	 1.732094e+02	 24	 999000	 240	 999000	 999	 1.742263e+02	 766.66	 716.67	 53.00	 22	 0.23	 
MRI_faces_138	 2	 16	 1013.jpg	 1.752151e+02	 24	 999000	 240	 999000	 999	 1.762317e+02	 766.66	 716.67	 56.00	 2	 0.19	 
MRI_faces_138	 2	 16	 2153.jpg	 1.772151e+02	 12	 999000	 120	 999000	 999	 1.782318e+02	 766.66	 716.67	 4.00	 50	 0.83	 
MRI_faces_138	 2	 16	 2164.jpg	 1.792151e+02	 12	 999000	 120	 999000	 999	 1.802318e+02	 766.66	 716.67	 20.00	 52	 0.64	 
MRI_faces_138	 2	 16	 1183.jpg	 1.822152e+02	 24	 999000	 240	 999000	 999	 1.832318e+02	 766.66	 716.67	 42.00	 20	 0.35	 
MRI_faces_138	 2	 16	 1031.jpg	 1.842153e+02	 12	 999000	 120	 999000	 999	 1.852319e+02	 766.66	 716.67	 10.00	 6	 0.75	 
MRI_faces_138	 2	 16	 1114.jpg	 1.862118e+02	 11	 9.310794e+02	 110	 7.669260e+02	 98	 1.872287e+02	 783.33	 716.67	 17.00	 13	 0.65	 
MRI_faces_138	 2	 16	 1150.jpg	 1.902125e+02	 24	 999000	 240	 999000	 999	 1.912293e+02	 783.33	 716.67	 44.00	 18	 0.32	 
MRI_faces_138	 2	 16	 2218.jpg	 1.942153e+02	 11	 9.985801e+02	 110	 7.835938e+02	 98	 1.952321e+02	 800.00	 716.67	 16.00	 57	 0.67	 
MRI_faces_138	 2	 16	 2149.jpg	 2.002143e+02	 24	 999000	 240	 999000	 999	 2.012322e+02	 800.00	 716.67	 57.00	 49	 0.19	 
MRI_faces_138	 2	 16	 2128.jpg	 2.022146e+02	 24	 999000	 240	 999000	 999	 2.032322e+02	 800.00	 716.67	 40.00	 48	 0.35	 
MRI_faces_138	 2	 16	 2094.jpg	 2.042150e+02	 12	 999000	 120	 999000	 999	 2.052322e+02	 800.00	 716.67	 3.00	 43	 0.85	 
MRI_faces_138	 2	 16	 1035.jpg	 2.061987e+02	 12	 999000	 120	 999000	 999	 2.072156e+02	 800.00	 716.67	 13.00	 7	 0.71	 
MRI_faces_138	 2	 16	 2110.jpg	 2.102156e+02	 24	 999000	 240	 999000	 999	 2.112329e+02	 800.00	 716.67	 39.00	 44	 0.39	 
MRI_faces_138	 2	 16	 1202.jpg	 2.122157e+02	 22	 9.832439e+02	 220	 7.169443e+02	 98	 2.132332e+02	 800.00	 733.34	 46.00	 23	 0.31	 
MRI_faces_138	 2	 16	 1191.jpg	 2.141998e+02	 12	 999000	 120	 999000	 999	 2.152169e+02	 800.00	 733.34	 21.00	 21	 0.62	 
MRI_faces_138	 2	 16	 1255.jpg	 2.162004e+02	 24	 999000	 240	 999000	 999	 2.172173e+02	 800.00	 733.34	 58.00	 29	 0.16	 
MRI_faces_138	 2	 16	 1173.jpg	 2.202011e+02	 24	 999000	 240	 999000	 999	 2.212180e+02	 800.00	 733.34	 55.00	 19	 0.20	 
MRI_faces_138	 2	 16	 2058.jpg	 2.242018e+02	 24	 999000	 240	 999000	 999	 2.252186e+02	 800.00	 733.34	 47.00	 40	 0.31	 
MRI_faces_138	 2	 16	 2015.jpg	 2.272024e+02	 12	 999000	 120	 999000	 999	 2.282191e+02	 800.00	 733.34	 18.00	 33	 0.64	 
MRI_faces_138	 2	 16	 2155.jpg	 2.322033e+02	 12	 999000	 120	 999000	 999	 2.332202e+02	 800.00	 733.34	 19.00	 51	 0.64	 
MRI_faces_138	 2	 16	 1027.jpg	 2.342036e+02	 24	 999000	 240	 999000	 999	 2.352205e+02	 800.00	 733.34	 52.00	 5	 0.25	 
MRI_faces_138	 2	 16	 2063.jpg	 2.372042e+02	 11	 1.328714e+03	 1100	 8.002474e+02	 98	 2.382210e+02	 750.00	 733.34	 11.00	 41	 0.72	 
MRI_faces_138	 2	 16	 2053.jpg	 2.412048e+02	 12	 999000	 120	 999000	 999	 2.422217e+02	 750.00	 733.34	 12.00	 39	 0.71	 
MRI_faces_138	 2	 16	 1127.jpg	 2.442054e+02	 22	 9.635091e+02	 220	 7.335984e+02	 98	 2.452222e+02	 750.00	 750.00	 43.00	 14	 0.33	 
