subjectID	 order	 runNum	 itemName	 onsetTime	 shuff_trialType	 RT	 respInTime	 AudioTime	 response	 fixationTime	 ladder1	 ladder2	 bidIndex	 itemNameIndex	 bidValue	 
MRI_faces_148	 2	 7	 1050.jpg	 2.446212e+00	 11	 1.012549e+03	 1100	 6.857301e+02	 98	 3.469045e+00	 633.34	 749.99	 17.00	 8	 0.71	 
MRI_faces_148	 2	 7	 1246.jpg	 7.433859e+00	 24	 999000	 240	 999000	 999	 8.450702e+00	 633.34	 749.99	 42.00	 28	 0.33	 
MRI_faces_148	 2	 7	 2045.jpg	 9.434235e+00	 12	 999000	 120	 999000	 999	 1.045100e+01	 633.34	 749.99	 5.00	 38	 0.84	 
MRI_faces_148	 2	 7	 1226.jpg	 1.243478e+01	 24	 999000	 240	 999000	 999	 1.345160e+01	 633.34	 749.99	 58.00	 27	 0.06	 
MRI_faces_148	 2	 7	 1146.jpg	 1.543529e+01	 24	 999000	 240	 999000	 999	 1.645215e+01	 633.34	 749.99	 40.00	 17	 0.35	 
MRI_faces_148	 2	 7	 2043.jpg	 2.243655e+01	 12	 999000	 120	 999000	 999	 2.345334e+01	 633.34	 749.99	 22.00	 37	 0.58	 
MRI_faces_148	 2	 7	 2010.jpg	 2.443692e+01	 24	 999000	 240	 999000	 999	 2.545379e+01	 633.34	 749.99	 39.00	 32	 0.40	 
MRI_faces_148	 2	 7	 1262.jpg	 2.843772e+01	 11	 8.530569e+02	 110	 6.350523e+02	 98	 2.945436e+01	 650.01	 749.99	 9.00	 30	 0.81	 
MRI_faces_148	 2	 7	 1150.jpg	 3.043791e+01	 22	 9.409083e+02	 220	 7.523084e+02	 98	 3.145484e+01	 650.01	 766.66	 48.00	 18	 0.27	 
MRI_faces_148	 2	 7	 1073.jpg	 3.543888e+01	 12	 999000	 120	 999000	 999	 3.645566e+01	 650.01	 766.66	 21.00	 11	 0.59	 
MRI_faces_148	 2	 7	 2153.jpg	 3.943950e+01	 11	 8.532765e+02	 110	 6.503223e+02	 98	 4.045642e+01	 666.67	 766.66	 11.00	 50	 0.79	 
MRI_faces_148	 2	 7	 2112.jpg	 4.143992e+01	 11	 8.628484e+02	 110	 6.669395e+02	 98	 4.245671e+01	 683.34	 766.66	 8.00	 45	 0.82	 
MRI_faces_148	 2	 7	 2041.jpg	 4.443004e+01	 24	 999000	 240	 999000	 999	 4.544672e+01	 683.34	 766.66	 50.00	 36	 0.24	 
MRI_faces_148	 2	 7	 1210.jpg	 4.743004e+01	 24	 999000	 240	 999000	 999	 4.844701e+01	 683.34	 766.66	 45.00	 25	 0.30	 
MRI_faces_148	 2	 7	 1183.jpg	 5.143013e+01	 24	 999000	 240	 999000	 999	 5.244683e+01	 683.34	 766.66	 53.00	 20	 0.24	 
MRI_faces_148	 2	 7	 2212.jpg	 5.543017e+01	 11	 9.406110e+02	 110	 6.836173e+02	 98	 5.644679e+01	 700.01	 766.66	 14.00	 56	 0.74	 
MRI_faces_148	 2	 7	 2089.jpg	 5.943032e+01	 12	 999000	 120	 999000	 999	 6.044692e+01	 700.01	 766.66	 19.00	 42	 0.68	 
MRI_faces_148	 2	 7	 2125.jpg	 6.243028e+01	 12	 999000	 120	 999000	 999	 6.344690e+01	 700.01	 766.66	 4.00	 47	 0.87	 
MRI_faces_148	 2	 7	 1035.jpg	 6.543031e+01	 12	 999000	 120	 999000	 999	 6.644708e+01	 700.01	 766.66	 7.00	 7	 0.82	 
MRI_faces_148	 2	 7	 1027.jpg	 6.843035e+01	 12	 999000	 120	 999000	 999	 6.944705e+01	 700.01	 766.66	 18.00	 5	 0.69	 
MRI_faces_148	 2	 7	 1204.jpg	 7.043048e+01	 24	 999000	 240	 999000	 999	 7.144706e+01	 700.01	 766.66	 52.00	 24	 0.24	 
MRI_faces_148	 2	 7	 1031.jpg	 7.343051e+01	 12	 999000	 120	 999000	 999	 7.444736e+01	 700.01	 766.66	 13.00	 6	 0.76	 
MRI_faces_148	 2	 7	 2058.jpg	 7.543053e+01	 22	 1.032251e+03	 2200	 7.669237e+02	 98	 7.644713e+01	 700.01	 716.66	 54.00	 40	 0.22	 
MRI_faces_148	 2	 7	 2229.jpg	 7.743054e+01	 12	 999000	 120	 999000	 999	 7.844720e+01	 700.01	 716.66	 12.00	 58	 0.76	 
MRI_faces_148	 2	 7	 2155.jpg	 7.943059e+01	 22	 9.651850e+02	 220	 7.169248e+02	 98	 8.044719e+01	 700.01	 733.32	 46.00	 51	 0.28	 
MRI_faces_148	 2	 7	 2164.jpg	 8.243066e+01	 24	 999000	 240	 999000	 999	 8.344726e+01	 700.01	 733.32	 44.00	 52	 0.30	 
MRI_faces_148	 2	 7	 2240.jpg	 8.643117e+01	 22	 1.020574e+03	 2200	 7.336034e+02	 98	 8.744799e+01	 700.01	 683.32	 49.00	 59	 0.25	 
MRI_faces_148	 2	 7	 1173.jpg	 8.843149e+01	 22	 9.302747e+02	 220	 6.835914e+02	 98	 8.944830e+01	 700.01	 699.99	 51.00	 19	 0.24	 
MRI_faces_148	 2	 7	 2218.jpg	 9.043181e+01	 24	 999000	 240	 999000	 999	 9.144865e+01	 700.01	 699.99	 55.00	 57	 0.19	 
MRI_faces_148	 2	 7	 1127.jpg	 9.443251e+01	 24	 999000	 240	 999000	 999	 9.544933e+01	 700.01	 699.99	 57.00	 14	 0.15	 
MRI_faces_148	 2	 7	 1080.jpg	 9.643291e+01	 12	 999000	 120	 999000	 999	 9.744967e+01	 700.01	 699.99	 15.00	 12	 0.73	 
MRI_faces_148	 2	 7	 2024.jpg	 9.843322e+01	 22	 9.975876e+02	 220	 7.002966e+02	 98	 9.945206e+01	 700.01	 716.66	 43.00	 34	 0.32	 
MRI_faces_148	 2	 7	 2128.jpg	 1.024340e+02	 24	 999000	 240	 999000	 999	 1.034507e+02	 700.01	 716.66	 47.00	 48	 0.27	 
MRI_faces_148	 2	 7	 2194.jpg	 1.064346e+02	 24	 999000	 240	 999000	 999	 1.074515e+02	 700.01	 716.66	 56.00	 54	 0.18	 
MRI_faces_148	 2	 7	 2181.jpg	 1.084350e+02	 12	 999000	 120	 999000	 999	 1.094520e+02	 700.01	 716.66	 6.00	 53	 0.84	 
MRI_faces_148	 2	 7	 2118.jpg	 1.104354e+02	 11	 9.444048e+02	 110	 7.003099e+02	 98	 1.114524e+02	 716.67	 716.66	 16.00	 46	 0.72	 
MRI_faces_148	 2	 7	 2006.jpg	 1.124358e+02	 12	 999000	 120	 999000	 999	 1.134525e+02	 716.67	 716.66	 10.00	 31	 0.81	 
MRI_faces_148	 2	 7	 2063.jpg	 1.144360e+02	 12	 999000	 120	 999000	 999	 1.154529e+02	 716.67	 716.66	 20.00	 41	 0.63	 
MRI_faces_148	 2	 7	 2149.jpg	 1.204373e+02	 24	 999000	 240	 999000	 999	 1.214539e+02	 716.67	 716.66	 41.00	 49	 0.34	 
MRI_faces_148	 2	 7	 2039.jpg	 1.224375e+02	 12	 999000	 120	 999000	 999	 1.234543e+02	 716.67	 716.66	 3.00	 35	 0.88	 
