subjectID	 order	 runNum	 itemName	 onsetTime	 shuff_trialType	 RT	 respInTime	 AudioTime	 response	 fixationTime	 ladder1	 ladder2	 bidIndex	 itemNameIndex	 bidValue	 
MRI_faces_126	 2	 13	 1191.jpg	 2.408856e+00	 24	 999000	 240	 999000	 999	 3.426007e+00	 883.33	 816.66	 50.00	 21	 0.25	 
MRI_faces_126	 2	 13	 2181.jpg	 6.397195e+00	 12	 999000	 120	 999000	 999	 7.413920e+00	 883.33	 816.66	 3.00	 53	 0.88	 
MRI_faces_126	 2	 13	 2209.jpg	 8.397485e+00	 12	 999000	 120	 999000	 999	 9.414355e+00	 883.33	 816.66	 10.00	 55	 0.72	 
MRI_faces_126	 2	 13	 1127.jpg	 1.339833e+01	 24	 999000	 240	 999000	 999	 1.441518e+01	 883.33	 816.66	 52.00	 14	 0.20	 
MRI_faces_126	 2	 13	 1226.jpg	 1.539874e+01	 24	 999000	 240	 999000	 999	 1.641557e+01	 883.33	 816.66	 56.00	 27	 0.16	 
MRI_faces_126	 2	 13	 1013.jpg	 1.739910e+01	 24	 999000	 240	 999000	 999	 1.841592e+01	 883.33	 816.66	 42.00	 2	 0.42	 
MRI_faces_126	 2	 13	 2089.jpg	 2.139979e+01	 12	 999000	 120	 999000	 999	 2.241670e+01	 883.33	 816.66	 21.00	 42	 0.57	 
MRI_faces_126	 2	 13	 1255.jpg	 2.340018e+01	 24	 999000	 240	 999000	 999	 2.441703e+01	 883.33	 816.66	 47.00	 29	 0.39	 
MRI_faces_126	 2	 13	 2058.jpg	 2.540054e+01	 24	 999000	 240	 999000	 999	 2.641725e+01	 883.33	 816.66	 53.00	 40	 0.19	 
MRI_faces_126	 2	 13	 2063.jpg	 2.840099e+01	 12	 999000	 120	 999000	 999	 2.941784e+01	 883.33	 816.66	 5.00	 41	 0.81	 
MRI_faces_126	 2	 13	 2110.jpg	 3.040133e+01	 22	 9.255604e+02	 220	 8.186022e+02	 98	 3.141833e+01	 883.33	 833.33	 54.00	 44	 0.18	 
MRI_faces_126	 2	 13	 1027.jpg	 3.440210e+01	 11	 1.024934e+03	 1100	 8.850430e+02	 98	 3.547582e+01	 833.33	 833.33	 16.00	 5	 0.65	 
MRI_faces_126	 2	 13	 1150.jpg	 4.040314e+01	 22	 9.637501e+02	 220	 8.335918e+02	 98	 4.142602e+01	 833.33	 849.99	 51.00	 18	 0.20	 
MRI_faces_126	 2	 13	 1183.jpg	 4.340370e+01	 22	 9.931716e+02	 220	 8.502464e+02	 98	 4.445386e+01	 833.33	 866.66	 48.00	 20	 0.36	 
MRI_faces_126	 2	 13	 2155.jpg	 4.540400e+01	 24	 999000	 240	 999000	 999	 4.642080e+01	 833.33	 866.66	 39.00	 51	 0.44	 
MRI_faces_126	 2	 13	 2015.jpg	 4.740438e+01	 12	 999000	 120	 999000	 999	 4.842119e+01	 833.33	 866.66	 22.00	 33	 0.57	 
MRI_faces_126	 2	 13	 1031.jpg	 4.940474e+01	 11	 8.431341e+02	 110	 8.336585e+02	 98	 5.042598e+01	 850.00	 866.66	 14.00	 6	 0.70	 
MRI_faces_126	 2	 13	 1035.jpg	 5.140510e+01	 11	 9.898109e+02	 110	 8.502798e+02	 98	 5.244275e+01	 866.66	 866.66	 9.00	 7	 0.72	 
MRI_faces_126	 2	 13	 2164.jpg	 5.440559e+01	 24	 999000	 240	 999000	 999	 5.542243e+01	 866.66	 866.66	 45.00	 52	 0.41	 
MRI_faces_126	 2	 13	 2039.jpg	 5.839294e+01	 22	 9.989331e+02	 220	 8.669199e+02	 98	 5.945642e+01	 866.66	 883.33	 46.00	 35	 0.40	 
MRI_faces_126	 2	 13	 2218.jpg	 6.139287e+01	 24	 999000	 240	 999000	 999	 6.240956e+01	 866.66	 883.33	 40.00	 57	 0.43	 
MRI_faces_126	 2	 13	 1019.jpg	 6.539295e+01	 24	 999000	 240	 999000	 999	 6.640959e+01	 866.66	 883.33	 55.00	 4	 0.18	 
MRI_faces_126	 2	 13	 2112.jpg	 7.039306e+01	 11	 1.037938e+03	 1100	 8.670639e+02	 98	 7.145972e+01	 816.66	 883.33	 8.00	 45	 0.74	 
MRI_faces_126	 2	 13	 1204.jpg	 7.439308e+01	 22	 8.217820e+02	 22	 8.836120e+02	 98	 7.545978e+01	 816.66	 899.99	 49.00	 24	 0.25	 
MRI_faces_126	 2	 13	 2153.jpg	 7.739312e+01	 12	 999000	 120	 999000	 999	 7.840981e+01	 816.66	 899.99	 7.00	 50	 0.81	 
MRI_faces_126	 2	 13	 2229.jpg	 7.939334e+01	 12	 999000	 120	 999000	 999	 8.041022e+01	 816.66	 899.99	 4.00	 58	 0.83	 
MRI_faces_126	 2	 13	 2045.jpg	 8.139374e+01	 24	 999000	 240	 999000	 999	 8.241050e+01	 816.66	 899.99	 57.00	 38	 0.16	 
MRI_faces_126	 2	 13	 1050.jpg	 8.839493e+01	 12	 999000	 120	 999000	 999	 8.941176e+01	 816.66	 899.99	 20.00	 8	 0.58	 
MRI_faces_126	 2	 13	 1080.jpg	 9.139545e+01	 24	 999000	 240	 999000	 999	 9.241227e+01	 816.66	 899.99	 58.00	 12	 0.16	 
MRI_faces_126	 2	 13	 1007.jpg	 9.339586e+01	 12	 999000	 120	 999000	 999	 9.441263e+01	 816.66	 899.99	 18.00	 1	 0.59	 
MRI_faces_126	 2	 13	 1246.jpg	 9.739649e+01	 24	 999000	 240	 999000	 999	 9.841326e+01	 816.66	 899.99	 44.00	 28	 0.41	 
MRI_faces_126	 2	 13	 1173.jpg	 9.939688e+01	 22	 9.439894e+02	 220	 9.002613e+02	 98	 1.004970e+02	 816.66	 916.66	 43.00	 19	 0.42	 
MRI_faces_126	 2	 13	 2094.jpg	 1.023974e+02	 12	 999000	 120	 999000	 999	 1.034144e+02	 816.66	 916.66	 12.00	 43	 0.71	 
MRI_faces_126	 2	 13	 2053.jpg	 1.043978e+02	 11	 9.141223e+02	 110	 8.169679e+02	 98	 1.054146e+02	 833.33	 916.66	 11.00	 39	 0.71	 
MRI_faces_126	 2	 13	 2125.jpg	 1.083984e+02	 12	 999000	 120	 999000	 999	 1.094153e+02	 833.33	 916.66	 6.00	 47	 0.81	 
MRI_faces_126	 2	 13	 1052.jpg	 1.103990e+02	 24	 999000	 240	 999000	 999	 1.114156e+02	 833.33	 916.66	 41.00	 9	 0.43	 
MRI_faces_126	 2	 13	 1216.jpg	 1.143995e+02	 12	 999000	 120	 999000	 999	 1.154163e+02	 833.33	 916.66	 13.00	 26	 0.70	 
MRI_faces_126	 2	 13	 1073.jpg	 1.174000e+02	 12	 999000	 120	 999000	 999	 1.184169e+02	 833.33	 916.66	 15.00	 11	 0.67	 
MRI_faces_126	 2	 13	 2248.jpg	 1.194004e+02	 12	 999000	 120	 999000	 999	 1.204172e+02	 833.33	 916.66	 19.00	 60	 0.58	 
MRI_faces_126	 2	 13	 1210.jpg	 1.224009e+02	 11	 8.789272e+02	 110	 8.336330e+02	 98	 1.234271e+02	 850.00	 916.66	 17.00	 25	 0.65	 
