subjectID	 order	 runNum	 itemName	 onsetTime	 shuff_trialType	 RT	 respInTime	 AudioTime	 response	 fixationTime	 ladder1	 ladder2	 bidIndex	 itemNameIndex	 bidValue	 
MRI_faces_149	 1	 5	 2248.jpg	 2.445802e+00	 22	 1.117713e+03	 2200	 8.190259e+02	 98	 3.462960e+00	 750.00	 766.66	 45.00	 60	 0.32	 
MRI_faces_149	 1	 5	 1052.jpg	 7.436525e+00	 22	 9.449861e+02	 220	 7.684012e+02	 98	 8.453345e+00	 750.00	 783.33	 53.00	 9	 0.25	 
MRI_faces_149	 1	 5	 2218.jpg	 9.436856e+00	 24	 999000	 240	 999000	 999	 1.045392e+01	 750.00	 783.33	 39.00	 57	 0.39	 
MRI_faces_149	 1	 5	 2053.jpg	 1.243740e+01	 12	 999000	 120	 999000	 999	 1.345417e+01	 750.00	 783.33	 3.00	 39	 0.84	 
MRI_faces_149	 1	 5	 2118.jpg	 1.543797e+01	 11	 1.014587e+03	 1100	 7.521973e+02	 98	 1.645483e+01	 700.00	 783.33	 18.00	 46	 0.65	 
MRI_faces_149	 1	 5	 2153.jpg	 2.243927e+01	 12	 999000	 120	 999000	 999	 2.345598e+01	 700.00	 783.33	 14.00	 50	 0.70	 
MRI_faces_149	 1	 5	 1035.jpg	 2.443954e+01	 24	 999000	 240	 999000	 999	 2.545633e+01	 700.00	 783.33	 46.00	 7	 0.32	 
MRI_faces_149	 1	 5	 2058.jpg	 2.844026e+01	 12	 999000	 120	 999000	 999	 2.945709e+01	 700.00	 783.33	 19.00	 40	 0.64	 
MRI_faces_149	 1	 5	 1183.jpg	 3.044063e+01	 24	 999000	 240	 999000	 999	 3.145737e+01	 700.00	 783.33	 41.00	 20	 0.37	 
MRI_faces_149	 1	 5	 2209.jpg	 3.544149e+01	 11	 9.480213e+02	 110	 7.002812e+02	 98	 3.645829e+01	 716.67	 783.33	 13.00	 55	 0.70	 
MRI_faces_149	 1	 5	 1210.jpg	 3.944221e+01	 12	 999000	 120	 999000	 999	 4.045896e+01	 716.67	 783.33	 21.00	 25	 0.62	 
MRI_faces_149	 1	 5	 2240.jpg	 4.142959e+01	 12	 999000	 120	 999000	 999	 4.244616e+01	 716.67	 783.33	 16.00	 59	 0.69	 
MRI_faces_149	 1	 5	 1202.jpg	 4.442955e+01	 24	 999000	 240	 999000	 999	 4.544624e+01	 716.67	 783.33	 49.00	 23	 0.27	 
MRI_faces_149	 1	 5	 2110.jpg	 4.742967e+01	 24	 999000	 240	 999000	 999	 4.844626e+01	 716.67	 783.33	 40.00	 44	 0.37	 
MRI_faces_149	 1	 5	 1216.jpg	 5.142974e+01	 24	 999000	 240	 999000	 999	 5.244635e+01	 716.67	 783.33	 51.00	 26	 0.26	 
MRI_faces_149	 1	 5	 1017.jpg	 5.542977e+01	 22	 9.817456e+02	 220	 7.835904e+02	 98	 5.644645e+01	 716.67	 799.99	 44.00	 3	 0.35	 
MRI_faces_149	 1	 5	 1080.jpg	 5.942989e+01	 22	 9.956293e+02	 220	 8.002675e+02	 98	 6.044671e+01	 716.67	 816.66	 52.00	 12	 0.26	 
MRI_faces_149	 1	 5	 1192.jpg	 6.242992e+01	 24	 999000	 240	 999000	 999	 6.344652e+01	 716.67	 816.66	 54.00	 22	 0.21	 
MRI_faces_149	 1	 5	 2043.jpg	 6.543008e+01	 22	 9.924334e+02	 220	 8.169406e+02	 98	 6.644698e+01	 716.67	 833.33	 47.00	 37	 0.32	 
MRI_faces_149	 1	 5	 1145.jpg	 6.843061e+01	 22	 1.047904e+03	 2200	 8.335857e+02	 98	 6.946413e+01	 716.67	 783.33	 50.00	 16	 0.26	 
MRI_faces_149	 1	 5	 2039.jpg	 7.043094e+01	 11	 8.915761e+02	 110	 7.169499e+02	 98	 7.144784e+01	 733.33	 783.33	 10.00	 35	 0.76	 
MRI_faces_149	 1	 5	 1191.jpg	 7.343157e+01	 24	 999000	 240	 999000	 999	 7.444830e+01	 733.33	 783.33	 58.00	 21	 0.17	 
MRI_faces_149	 1	 5	 2045.jpg	 7.543188e+01	 12	 999000	 120	 999000	 999	 7.644866e+01	 733.33	 783.33	 20.00	 38	 0.63	 
MRI_faces_149	 1	 5	 2128.jpg	 7.743224e+01	 11	 9.942871e+02	 110	 7.336465e+02	 98	 7.845113e+01	 750.00	 783.33	 15.00	 48	 0.70	 
MRI_faces_149	 1	 5	 1262.jpg	 7.943262e+01	 12	 999000	 120	 999000	 999	 8.044936e+01	 750.00	 783.33	 11.00	 30	 0.72	 
MRI_faces_149	 1	 5	 2094.jpg	 8.243314e+01	 12	 999000	 120	 999000	 999	 8.344989e+01	 750.00	 783.33	 22.00	 43	 0.61	 
MRI_faces_149	 1	 5	 2212.jpg	 8.643376e+01	 12	 999000	 120	 999000	 999	 8.745058e+01	 750.00	 783.33	 17.00	 56	 0.67	 
MRI_faces_149	 1	 5	 2041.jpg	 8.843412e+01	 12	 999000	 120	 999000	 999	 8.945090e+01	 750.00	 783.33	 8.00	 36	 0.78	 
MRI_faces_149	 1	 5	 2006.jpg	 9.043445e+01	 11	 9.370647e+02	 110	 7.502827e+02	 98	 9.145137e+01	 766.67	 783.33	 7.00	 31	 0.78	 
MRI_faces_149	 1	 5	 2164.jpg	 9.443522e+01	 12	 999000	 120	 999000	 999	 9.545205e+01	 766.67	 783.33	 9.00	 52	 0.77	 
MRI_faces_149	 1	 5	 1031.jpg	 9.643549e+01	 11	 9.830194e+02	 110	 7.669484e+02	 98	 9.745235e+01	 783.33	 783.33	 12.00	 6	 0.72	 
MRI_faces_149	 1	 5	 1007.jpg	 9.843594e+01	 12	 999000	 120	 999000	 999	 9.945271e+01	 783.33	 783.33	 5.00	 1	 0.80	 
MRI_faces_149	 1	 5	 1204.jpg	 1.024366e+02	 24	 999000	 240	 999000	 999	 1.034533e+02	 783.33	 783.33	 57.00	 24	 0.18	 
MRI_faces_149	 1	 5	 2112.jpg	 1.064374e+02	 24	 999000	 240	 999000	 999	 1.074541e+02	 783.33	 783.33	 43.00	 45	 0.35	 
MRI_faces_149	 1	 5	 2089.jpg	 1.084376e+02	 12	 999000	 120	 999000	 999	 1.094545e+02	 783.33	 783.33	 6.00	 42	 0.79	 
MRI_faces_149	 1	 5	 1146.jpg	 1.104380e+02	 24	 999000	 240	 999000	 999	 1.114548e+02	 783.33	 783.33	 42.00	 17	 0.36	 
MRI_faces_149	 1	 5	 1127.jpg	 1.124384e+02	 24	 999000	 240	 999000	 999	 1.134551e+02	 783.33	 783.33	 56.00	 14	 0.19	 
MRI_faces_149	 1	 5	 2063.jpg	 1.144387e+02	 24	 999000	 240	 999000	 999	 1.154555e+02	 783.33	 783.33	 55.00	 41	 0.20	 
MRI_faces_149	 1	 5	 2125.jpg	 1.204397e+02	 12	 999000	 120	 999000	 999	 1.214566e+02	 783.33	 783.33	 4.00	 47	 0.81	 
MRI_faces_149	 1	 5	 1130.jpg	 1.224402e+02	 24	 999000	 240	 999000	 999	 1.234570e+02	 783.33	 783.33	 48.00	 15	 0.29	 
