subjectID	 order	 runNum	 itemName	 onsetTime	 shuff_trialType	 RT	 respInTime	 AudioTime	 response	 fixationTime	 ladder1	 ladder2	 bidIndex	 itemNameIndex	 bidValue	 
MRI_faces_131	 1	 5	 2248.jpg	 2.412471e+00	 12	 999000	 120	 999000	 999	 3.429342e+00	 750.00	 750.00	 8.00	 60	 0.81	 
MRI_faces_131	 1	 5	 1210.jpg	 4.405134e+00	 12	 999000	 120	 999000	 999	 5.421896e+00	 750.00	 750.00	 14.00	 25	 0.69	 
MRI_faces_131	 1	 5	 2209.jpg	 7.405641e+00	 11	 9.983083e+02	 110	 7.520752e+02	 98	 8.423455e+00	 766.67	 750.00	 15.00	 55	 0.68	 
MRI_faces_131	 1	 5	 2229.jpg	 1.040614e+01	 12	 999000	 120	 999000	 999	 1.142301e+01	 766.67	 750.00	 20.00	 58	 0.63	 
MRI_faces_131	 1	 5	 2045.jpg	 1.240652e+01	 22	 9.814767e+02	 220	 7.516994e+02	 98	 1.342331e+01	 766.67	 766.67	 52.00	 38	 0.27	 
MRI_faces_131	 1	 5	 1146.jpg	 1.639558e+01	 24	 999000	 240	 999000	 999	 1.741215e+01	 766.67	 766.67	 48.00	 17	 0.31	 
MRI_faces_131	 1	 5	 1080.jpg	 2.139561e+01	 22	 1.006402e+03	 2200	 7.670118e+02	 98	 2.241229e+01	 766.67	 716.67	 50.00	 12	 0.29	 
MRI_faces_131	 1	 5	 1262.jpg	 2.339564e+01	 24	 999000	 240	 999000	 999	 2.441228e+01	 766.67	 716.67	 39.00	 30	 0.38	 
MRI_faces_131	 1	 5	 1073.jpg	 2.639572e+01	 12	 999000	 120	 999000	 999	 2.741239e+01	 766.67	 716.67	 19.00	 11	 0.63	 
MRI_faces_131	 1	 5	 1019.jpg	 2.839568e+01	 24	 999000	 240	 999000	 999	 2.941238e+01	 766.67	 716.67	 43.00	 4	 0.33	 
MRI_faces_131	 1	 5	 2212.jpg	 3.439586e+01	 12	 999000	 120	 999000	 999	 3.541247e+01	 766.67	 716.67	 5.00	 56	 0.86	 
MRI_faces_131	 1	 5	 2024.jpg	 3.739582e+01	 24	 999000	 240	 999000	 999	 3.841253e+01	 766.67	 716.67	 40.00	 34	 0.37	 
MRI_faces_131	 1	 5	 1127.jpg	 4.239594e+01	 24	 999000	 240	 999000	 999	 4.341260e+01	 766.67	 716.67	 57.00	 14	 0.17	 
MRI_faces_131	 1	 5	 1226.jpg	 4.439592e+01	 24	 999000	 240	 999000	 999	 4.541261e+01	 766.67	 716.67	 42.00	 27	 0.35	 
MRI_faces_131	 1	 5	 2194.jpg	 4.639597e+01	 24	 999000	 240	 999000	 999	 4.741270e+01	 766.67	 716.67	 56.00	 54	 0.20	 
MRI_faces_131	 1	 5	 1216.jpg	 5.039651e+01	 24	 999000	 240	 999000	 999	 5.141340e+01	 766.67	 716.67	 51.00	 26	 0.28	 
MRI_faces_131	 1	 5	 2010.jpg	 5.239699e+01	 12	 999000	 120	 999000	 999	 5.341377e+01	 766.67	 716.67	 9.00	 32	 0.78	 
MRI_faces_131	 1	 5	 2110.jpg	 5.539739e+01	 24	 999000	 240	 999000	 999	 5.641439e+01	 766.67	 716.67	 55.00	 44	 0.22	 
MRI_faces_131	 1	 5	 1150.jpg	 5.839792e+01	 24	 999000	 240	 999000	 999	 5.941483e+01	 766.67	 716.67	 54.00	 18	 0.24	 
MRI_faces_131	 1	 5	 1114.jpg	 6.139845e+01	 11	 1.049497e+03	 1100	 7.669167e+02	 98	 6.241530e+01	 716.67	 716.67	 18.00	 13	 0.67	 
MRI_faces_131	 1	 5	 2053.jpg	 6.339889e+01	 22	 9.510961e+02	 220	 7.169270e+02	 98	 6.441569e+01	 716.67	 733.33	 45.00	 39	 0.32	 
MRI_faces_131	 1	 5	 1183.jpg	 6.739959e+01	 22	 9.883669e+02	 220	 7.336107e+02	 98	 6.841636e+01	 716.67	 750.00	 53.00	 20	 0.26	 
MRI_faces_131	 1	 5	 1202.jpg	 6.939992e+01	 12	 999000	 120	 999000	 999	 7.041667e+01	 716.67	 750.00	 11.00	 23	 0.72	 
MRI_faces_131	 1	 5	 2058.jpg	 7.140033e+01	 12	 999000	 120	 999000	 999	 7.241708e+01	 716.67	 750.00	 16.00	 40	 0.67	 
MRI_faces_131	 1	 5	 1035.jpg	 7.340065e+01	 24	 999000	 240	 999000	 999	 7.441743e+01	 716.67	 750.00	 46.00	 7	 0.31	 
MRI_faces_131	 1	 5	 2218.jpg	 7.540101e+01	 12	 999000	 120	 999000	 999	 7.641776e+01	 716.67	 750.00	 4.00	 57	 0.88	 
MRI_faces_131	 1	 5	 1013.jpg	 7.940167e+01	 22	 9.622852e+02	 220	 7.502686e+02	 98	 8.041841e+01	 716.67	 766.67	 44.00	 2	 0.33	 
MRI_faces_131	 1	 5	 1145.jpg	 8.340236e+01	 24	 999000	 240	 999000	 999	 8.441916e+01	 716.67	 766.67	 58.00	 16	 0.16	 
MRI_faces_131	 1	 5	 2149.jpg	 8.740315e+01	 24	 999000	 240	 999000	 999	 8.841989e+01	 716.67	 766.67	 41.00	 49	 0.36	 
MRI_faces_131	 1	 5	 2094.jpg	 9.040359e+01	 12	 999000	 120	 999000	 999	 9.142042e+01	 716.67	 766.67	 6.00	 43	 0.85	 
MRI_faces_131	 1	 5	 1017.jpg	 9.240388e+01	 24	 999000	 240	 999000	 999	 9.342079e+01	 716.67	 766.67	 49.00	 3	 0.30	 
MRI_faces_131	 1	 5	 2112.jpg	 9.440427e+01	 11	 9.327095e+02	 110	 7.170078e+02	 98	 9.542111e+01	 733.33	 766.67	 13.00	 45	 0.69	 
MRI_faces_131	 1	 5	 2063.jpg	 9.640465e+01	 12	 999000	 120	 999000	 999	 9.742143e+01	 733.33	 766.67	 17.00	 41	 0.67	 
MRI_faces_131	 1	 5	 2015.jpg	 9.840503e+01	 12	 999000	 120	 999000	 999	 9.942179e+01	 733.33	 766.67	 22.00	 33	 0.62	 
MRI_faces_131	 1	 5	 1052.jpg	 1.024057e+02	 22	 1.214271e+03	 2200	 7.669449e+02	 98	 1.034225e+02	 733.33	 716.67	 47.00	 9	 0.31	 
MRI_faces_131	 1	 5	 2089.jpg	 1.044061e+02	 11	 9.368762e+02	 110	 7.336717e+02	 98	 1.054229e+02	 750.00	 716.67	 12.00	 42	 0.70	 
MRI_faces_131	 1	 5	 2153.jpg	 1.113970e+02	 11	 1.002047e+03	 1100	 7.503084e+02	 98	 1.124136e+02	 700.00	 716.67	 7.00	 50	 0.81	 
MRI_faces_131	 1	 5	 2164.jpg	 1.153970e+02	 12	 999000	 120	 999000	 999	 1.164136e+02	 700.00	 716.67	 21.00	 52	 0.63	 
MRI_faces_131	 1	 5	 2155.jpg	 1.183971e+02	 12	 999000	 120	 999000	 999	 1.194137e+02	 700.00	 716.67	 3.00	 51	 0.89	 
MRI_faces_131	 1	 5	 2006.jpg	 1.223971e+02	 11	 9.078328e+02	 110	 7.002559e+02	 98	 1.234138e+02	 716.67	 716.67	 10.00	 31	 0.73	 
