subjectID	 order	 runNum	 itemName	 onsetTime	 shuff_trialType	 RT	 respInTime	 AudioTime	 response	 fixationTime	 ladder1	 ladder2	 bidIndex	 itemNameIndex	 bidValue	 
MRI_faces_135	 1	 5	 2149.jpg	 2.413039e+00	 24	 999000	 240	 999000	 999	 3.430587e+00	 750.00	 816.66	 48.00	 49	 0.31	 
MRI_faces_135	 1	 5	 1114.jpg	 5.396355e+00	 12	 999000	 120	 999000	 999	 6.412906e+00	 750.00	 816.66	 16.00	 13	 0.66	 
MRI_faces_135	 1	 5	 1060.jpg	 9.396377e+00	 24	 999000	 240	 999000	 999	 1.041415e+01	 750.00	 816.66	 57.00	 10	 0.14	 
MRI_faces_135	 1	 5	 1210.jpg	 1.239708e+01	 12	 999000	 120	 999000	 999	 1.341376e+01	 750.00	 816.66	 14.00	 25	 0.69	 
MRI_faces_135	 1	 5	 2058.jpg	 1.639760e+01	 22	 1.084364e+03	 2200	 8.185589e+02	 98	 1.741442e+01	 750.00	 766.66	 50.00	 40	 0.26	 
MRI_faces_135	 1	 5	 2041.jpg	 1.939828e+01	 24	 999000	 240	 999000	 999	 2.041495e+01	 750.00	 766.66	 41.00	 36	 0.39	 
MRI_faces_135	 1	 5	 1226.jpg	 2.139853e+01	 11	 9.194348e+02	 110	 7.517310e+02	 98	 2.241532e+01	 766.67	 766.66	 13.00	 27	 0.69	 
MRI_faces_135	 1	 5	 1050.jpg	 2.439912e+01	 11	 9.558658e+02	 110	 7.669300e+02	 98	 2.541587e+01	 783.33	 766.66	 18.00	 8	 0.66	 
MRI_faces_135	 1	 5	 2118.jpg	 2.739957e+01	 11	 9.273905e+02	 110	 7.835890e+02	 98	 2.841645e+01	 800.00	 766.66	 12.00	 46	 0.69	 
MRI_faces_135	 1	 5	 1127.jpg	 3.240046e+01	 24	 999000	 240	 999000	 999	 3.341728e+01	 800.00	 766.66	 46.00	 14	 0.35	 
MRI_faces_135	 1	 5	 2194.jpg	 3.440082e+01	 22	 9.931540e+02	 220	 7.669297e+02	 98	 3.541765e+01	 800.00	 783.33	 44.00	 54	 0.37	 
MRI_faces_135	 1	 5	 2112.jpg	 3.640122e+01	 12	 999000	 120	 999000	 999	 3.741798e+01	 800.00	 783.33	 21.00	 45	 0.58	 
MRI_faces_135	 1	 5	 2045.jpg	 4.040196e+01	 22	 1.016036e+03	 2200	 7.836001e+02	 98	 4.141871e+01	 800.00	 733.33	 53.00	 38	 0.24	 
MRI_faces_135	 1	 5	 2229.jpg	 4.740311e+01	 22	 8.728610e+02	 220	 7.335980e+02	 98	 4.841999e+01	 800.00	 749.99	 47.00	 58	 0.34	 
MRI_faces_135	 1	 5	 2153.jpg	 4.940346e+01	 11	 9.685071e+02	 110	 8.002841e+02	 98	 5.042026e+01	 816.67	 749.99	 15.00	 50	 0.67	 
MRI_faces_135	 1	 5	 2094.jpg	 5.140379e+01	 12	 999000	 120	 999000	 999	 5.242083e+01	 816.67	 749.99	 8.00	 43	 0.78	 
MRI_faces_135	 1	 5	 1216.jpg	 5.340415e+01	 12	 999000	 120	 999000	 999	 5.442098e+01	 816.67	 749.99	 19.00	 26	 0.65	 
MRI_faces_135	 1	 5	 1146.jpg	 5.540455e+01	 12	 999000	 120	 999000	 999	 5.642137e+01	 816.67	 749.99	 22.00	 17	 0.57	 
MRI_faces_135	 1	 5	 2089.jpg	 5.740492e+01	 24	 999000	 240	 999000	 999	 5.842173e+01	 816.67	 749.99	 49.00	 42	 0.30	 
MRI_faces_135	 1	 5	 1202.jpg	 6.040539e+01	 12	 999000	 120	 999000	 999	 6.142225e+01	 816.67	 749.99	 11.00	 23	 0.70	 
MRI_faces_135	 1	 5	 2053.jpg	 6.240580e+01	 12	 999000	 120	 999000	 999	 6.342259e+01	 816.67	 749.99	 4.00	 39	 0.83	 
MRI_faces_135	 1	 5	 2063.jpg	 6.440614e+01	 24	 999000	 240	 999000	 999	 6.542300e+01	 816.67	 749.99	 42.00	 41	 0.39	 
MRI_faces_135	 1	 5	 1019.jpg	 6.840685e+01	 11	 1.092151e+03	 1100	 8.169723e+02	 98	 6.942357e+01	 766.67	 749.99	 10.00	 4	 0.72	 
MRI_faces_135	 1	 5	 1017.jpg	 7.240755e+01	 12	 999000	 120	 999000	 999	 7.342431e+01	 766.67	 749.99	 3.00	 3	 0.85	 
MRI_faces_135	 1	 5	 1027.jpg	 7.840861e+01	 12	 999000	 120	 999000	 999	 7.942540e+01	 766.67	 749.99	 6.00	 5	 0.80	 
MRI_faces_135	 1	 5	 1035.jpg	 8.040893e+01	 12	 999000	 120	 999000	 999	 8.142579e+01	 766.67	 749.99	 9.00	 7	 0.76	 
MRI_faces_135	 1	 5	 2240.jpg	 8.240953e+01	 24	 999000	 240	 999000	 999	 8.342604e+01	 766.67	 749.99	 56.00	 59	 0.19	 
MRI_faces_135	 1	 5	 2128.jpg	 8.440968e+01	 24	 999000	 240	 999000	 999	 8.542646e+01	 766.67	 749.99	 51.00	 48	 0.26	 
MRI_faces_135	 1	 5	 1052.jpg	 8.841035e+01	 12	 999000	 120	 999000	 999	 8.942719e+01	 766.67	 749.99	 17.00	 9	 0.66	 
MRI_faces_135	 1	 5	 2015.jpg	 9.041079e+01	 24	 999000	 240	 999000	 999	 9.142750e+01	 766.67	 749.99	 55.00	 33	 0.19	 
MRI_faces_135	 1	 5	 1255.jpg	 9.239767e+01	 12	 999000	 120	 999000	 999	 9.341425e+01	 766.67	 749.99	 5.00	 29	 0.80	 
MRI_faces_135	 1	 5	 1007.jpg	 9.439767e+01	 12	 999000	 120	 999000	 999	 9.541431e+01	 766.67	 749.99	 20.00	 1	 0.59	 
MRI_faces_135	 1	 5	 2024.jpg	 9.839774e+01	 24	 999000	 240	 999000	 999	 9.941433e+01	 766.67	 749.99	 54.00	 34	 0.24	 
MRI_faces_135	 1	 5	 2248.jpg	 1.023978e+02	 24	 999000	 240	 999000	 999	 1.034145e+02	 766.67	 749.99	 43.00	 60	 0.37	 
MRI_faces_135	 1	 5	 2212.jpg	 1.053978e+02	 24	 999000	 240	 999000	 999	 1.064145e+02	 766.67	 749.99	 39.00	 56	 0.40	 
MRI_faces_135	 1	 5	 2110.jpg	 1.103979e+02	 24	 999000	 240	 999000	 999	 1.114146e+02	 766.67	 749.99	 58.00	 44	 0.13	 
MRI_faces_135	 1	 5	 2010.jpg	 1.123979e+02	 22	 9.940903e+02	 220	 7.502563e+02	 98	 1.134148e+02	 766.67	 766.66	 52.00	 32	 0.25	 
MRI_faces_135	 1	 5	 2006.jpg	 1.153985e+02	 22	 9.654666e+02	 220	 7.669310e+02	 98	 1.164152e+02	 766.67	 783.33	 45.00	 31	 0.36	 
MRI_faces_135	 1	 5	 1246.jpg	 1.193992e+02	 24	 999000	 240	 999000	 999	 1.204160e+02	 766.67	 783.33	 40.00	 28	 0.39	 
MRI_faces_135	 1	 5	 1073.jpg	 1.223997e+02	 11	 9.903268e+02	 110	 7.669915e+02	 98	 1.234165e+02	 783.33	 783.33	 7.00	 11	 0.78	 
