subjectID	 order	 runNum	 itemName	 onsetTime	 shuff_trialType	 RT	 respInTime	 AudioTime	 response	 fixationTime	 ladder1	 ladder2	 bidIndex	 itemNameIndex	 bidValue	 
MRI_faces_144	 2	 14	 2043.jpg	 1.242505e+02	 12	 999000	 120	 999000	 999	 1.252674e+02	 783.33	 650.00	 22.00	 37	 0.60	 
MRI_faces_144	 2	 14	 2024.jpg	 1.292372e+02	 11	 1.083082e+03	 1100	 7.836292e+02	 98	 1.302539e+02	 733.33	 650.00	 14.00	 34	 0.73	 
MRI_faces_144	 2	 14	 2164.jpg	 1.312373e+02	 24	 999000	 240	 999000	 999	 1.322539e+02	 733.33	 650.00	 41.00	 52	 0.35	 
MRI_faces_144	 2	 14	 1183.jpg	 1.342373e+02	 24	 999000	 240	 999000	 999	 1.352540e+02	 733.33	 650.00	 52.00	 20	 0.23	 
MRI_faces_144	 2	 14	 2015.jpg	 1.372373e+02	 12	 999000	 120	 999000	 999	 1.382540e+02	 733.33	 650.00	 5.00	 33	 0.86	 
MRI_faces_144	 2	 14	 1204.jpg	 1.442374e+02	 24	 999000	 240	 999000	 999	 1.452544e+02	 733.33	 650.00	 44.00	 24	 0.34	 
MRI_faces_144	 2	 14	 2125.jpg	 1.462377e+02	 11	 9.965529e+02	 110	 7.336001e+02	 98	 1.472547e+02	 750.00	 650.00	 11.00	 47	 0.77	 
MRI_faces_144	 2	 14	 1019.jpg	 1.502384e+02	 22	 9.628192e+02	 220	 6.502876e+02	 98	 1.512551e+02	 750.00	 666.67	 43.00	 4	 0.35	 
MRI_faces_144	 2	 14	 2063.jpg	 1.522389e+02	 12	 999000	 120	 999000	 999	 1.532556e+02	 750.00	 666.67	 12.00	 41	 0.77	 
MRI_faces_144	 2	 14	 2058.jpg	 1.572397e+02	 12	 999000	 120	 999000	 999	 1.582566e+02	 750.00	 666.67	 15.00	 40	 0.70	 
MRI_faces_144	 2	 14	 2212.jpg	 1.612404e+02	 12	 999000	 120	 999000	 999	 1.622573e+02	 750.00	 666.67	 6.00	 56	 0.81	 
MRI_faces_144	 2	 14	 2128.jpg	 1.632408e+02	 12	 999000	 120	 999000	 999	 1.642576e+02	 750.00	 666.67	 18.00	 48	 0.65	 
MRI_faces_144	 2	 14	 1145.jpg	 1.662414e+02	 24	 999000	 240	 999000	 999	 1.672581e+02	 750.00	 666.67	 45.00	 16	 0.32	 
MRI_faces_144	 2	 14	 2006.jpg	 1.692418e+02	 11	 9.284363e+02	 110	 7.503250e+02	 98	 1.702586e+02	 766.66	 666.67	 8.00	 31	 0.80	 
MRI_faces_144	 2	 14	 1255.jpg	 1.732425e+02	 24	 999000	 240	 999000	 999	 1.742593e+02	 766.66	 666.67	 39.00	 29	 0.39	 
MRI_faces_144	 2	 14	 1246.jpg	 1.772433e+02	 24	 999000	 240	 999000	 999	 1.782601e+02	 766.66	 666.67	 42.00	 28	 0.35	 
MRI_faces_144	 2	 14	 1080.jpg	 1.812440e+02	 24	 999000	 240	 999000	 999	 1.822608e+02	 766.66	 666.67	 58.00	 12	 0.13	 
MRI_faces_144	 2	 14	 1150.jpg	 1.842444e+02	 22	 9.648531e+02	 220	 6.669290e+02	 98	 1.852613e+02	 766.66	 683.33	 48.00	 18	 0.28	 
MRI_faces_144	 2	 14	 2218.jpg	 1.872451e+02	 12	 999000	 120	 999000	 999	 1.882618e+02	 766.66	 683.33	 19.00	 57	 0.64	 
MRI_faces_144	 2	 14	 1192.jpg	 1.902456e+02	 24	 999000	 240	 999000	 999	 1.912623e+02	 766.66	 683.33	 57.00	 22	 0.14	 
MRI_faces_144	 2	 14	 2039.jpg	 1.922459e+02	 12	 999000	 120	 999000	 999	 1.932627e+02	 766.66	 683.33	 4.00	 35	 0.86	 
MRI_faces_144	 2	 14	 1114.jpg	 1.952464e+02	 22	 5.929164e+02	 22	 6.835956e+02	 98	 1.962632e+02	 766.66	 700.00	 51.00	 13	 0.23	 
MRI_faces_144	 2	 14	 1073.jpg	 1.972467e+02	 24	 999000	 240	 999000	 999	 1.982637e+02	 766.66	 700.00	 56.00	 11	 0.15	 
MRI_faces_144	 2	 14	 1007.jpg	 1.992471e+02	 24	 999000	 240	 999000	 999	 2.002639e+02	 766.66	 700.00	 40.00	 1	 0.38	 
MRI_faces_144	 2	 14	 1127.jpg	 2.012476e+02	 22	 9.707278e+02	 220	 7.002556e+02	 98	 2.022642e+02	 766.66	 716.67	 54.00	 14	 0.17	 
MRI_faces_144	 2	 14	 1013.jpg	 2.042479e+02	 24	 999000	 240	 999000	 999	 2.052648e+02	 766.66	 716.67	 55.00	 2	 0.16	 
MRI_faces_144	 2	 14	 2089.jpg	 2.082487e+02	 12	 999000	 120	 999000	 999	 2.092654e+02	 766.66	 716.67	 21.00	 42	 0.63	 
MRI_faces_144	 2	 14	 2153.jpg	 2.102386e+02	 12	 999000	 120	 999000	 999	 2.112551e+02	 766.66	 716.67	 10.00	 50	 0.79	 
MRI_faces_144	 2	 14	 2045.jpg	 2.122385e+02	 12	 999000	 120	 999000	 999	 2.132551e+02	 766.66	 716.67	 13.00	 38	 0.73	 
MRI_faces_144	 2	 14	 1035.jpg	 2.162386e+02	 22	 9.096823e+02	 220	 7.169589e+02	 98	 2.172552e+02	 766.66	 733.33	 46.00	 7	 0.31	 
MRI_faces_144	 2	 14	 1060.jpg	 2.182387e+02	 22	 9.735752e+02	 220	 7.384027e+02	 98	 2.192552e+02	 766.66	 750.00	 49.00	 10	 0.27	 
MRI_faces_144	 2	 14	 2112.jpg	 2.202386e+02	 12	 999000	 120	 999000	 999	 2.212552e+02	 766.66	 750.00	 3.00	 45	 0.88	 
MRI_faces_144	 2	 14	 1191.jpg	 2.242387e+02	 24	 999000	 240	 999000	 999	 2.252553e+02	 766.66	 750.00	 50.00	 21	 0.25	 
MRI_faces_144	 2	 14	 1216.jpg	 2.282387e+02	 24	 999000	 240	 999000	 999	 2.292554e+02	 766.66	 750.00	 47.00	 26	 0.30	 
MRI_faces_144	 2	 14	 2194.jpg	 2.302388e+02	 12	 999000	 120	 999000	 999	 2.312553e+02	 766.66	 750.00	 7.00	 54	 0.81	 
MRI_faces_144	 2	 14	 2010.jpg	 2.322387e+02	 12	 999000	 120	 999000	 999	 2.332555e+02	 766.66	 750.00	 20.00	 32	 0.64	 
MRI_faces_144	 2	 14	 2229.jpg	 2.342389e+02	 11	 9.943439e+02	 110	 7.669416e+02	 98	 2.352555e+02	 783.33	 750.00	 9.00	 58	 0.80	 
MRI_faces_144	 2	 14	 1146.jpg	 2.362389e+02	 24	 999000	 240	 999000	 999	 2.372555e+02	 783.33	 750.00	 53.00	 17	 0.19	 
MRI_faces_144	 2	 14	 2053.jpg	 2.422389e+02	 11	 1.088324e+03	 1100	 7.835915e+02	 98	 2.432556e+02	 733.33	 750.00	 16.00	 39	 0.69	 
MRI_faces_144	 2	 14	 2041.jpg	 2.442390e+02	 11	 9.842878e+02	 110	 7.336011e+02	 98	 2.452556e+02	 750.00	 750.00	 17.00	 36	 0.67	 
