subjectID	 order	 runNum	 itemName	 onsetTime	 shuff_trialType	 RT	 respInTime	 AudioTime	 response	 fixationTime	 ladder1	 ladder2	 bidIndex	 itemNameIndex	 bidValue	 
MRI_faces_126	 2	 10	 1052.jpg	 1.242142e+02	 24	 999000	 240	 999000	 999	 1.252308e+02	 850.00	 849.99	 41.00	 9	 0.43	 
MRI_faces_126	 2	 10	 1210.jpg	 1.282098e+02	 11	 8.987222e+02	 110	 8.502987e+02	 98	 1.292600e+02	 866.67	 849.99	 17.00	 25	 0.65	 
MRI_faces_126	 2	 10	 1191.jpg	 1.301976e+02	 24	 999000	 240	 999000	 999	 1.312143e+02	 866.67	 849.99	 50.00	 21	 0.25	 
MRI_faces_126	 2	 10	 1080.jpg	 1.351977e+02	 24	 999000	 240	 999000	 999	 1.362144e+02	 866.67	 849.99	 58.00	 12	 0.16	 
MRI_faces_126	 2	 10	 1127.jpg	 1.371977e+02	 24	 999000	 240	 999000	 999	 1.382143e+02	 866.67	 849.99	 52.00	 14	 0.20	 
MRI_faces_126	 2	 10	 2153.jpg	 1.391978e+02	 12	 999000	 120	 999000	 999	 1.402144e+02	 866.67	 849.99	 7.00	 50	 0.81	 
MRI_faces_126	 2	 10	 2112.jpg	 1.431978e+02	 11	 8.617108e+02	 11	 8.669681e+02	 98	 1.442644e+02	 883.33	 849.99	 8.00	 45	 0.74	 
MRI_faces_126	 2	 10	 1150.jpg	 1.451978e+02	 22	 9.676918e+02	 220	 8.503191e+02	 98	 1.462479e+02	 883.33	 866.66	 51.00	 18	 0.20	 
MRI_faces_126	 2	 10	 1007.jpg	 1.471979e+02	 12	 999000	 120	 999000	 999	 1.482145e+02	 883.33	 866.66	 18.00	 1	 0.59	 
MRI_faces_126	 2	 10	 2218.jpg	 1.501979e+02	 24	 999000	 240	 999000	 999	 1.512146e+02	 883.33	 866.66	 40.00	 57	 0.43	 
MRI_faces_126	 2	 10	 1031.jpg	 1.521979e+02	 11	 9.955903e+02	 110	 8.835947e+02	 98	 1.532646e+02	 900.00	 866.66	 14.00	 6	 0.70	 
MRI_faces_126	 2	 10	 2015.jpg	 1.561980e+02	 12	 999000	 120	 999000	 999	 1.572148e+02	 900.00	 866.66	 22.00	 33	 0.57	 
MRI_faces_126	 2	 10	 2039.jpg	 1.621991e+02	 22	 9.924595e+02	 220	 8.669234e+02	 98	 1.632494e+02	 900.00	 883.32	 46.00	 35	 0.40	 
MRI_faces_126	 2	 10	 1013.jpg	 1.651996e+02	 24	 999000	 240	 999000	 999	 1.662164e+02	 900.00	 883.32	 42.00	 2	 0.42	 
MRI_faces_126	 2	 10	 2089.jpg	 1.672001e+02	 12	 999000	 120	 999000	 999	 1.682168e+02	 900.00	 883.32	 21.00	 42	 0.57	 
MRI_faces_126	 2	 10	 2209.jpg	 1.692004e+02	 12	 999000	 120	 999000	 999	 1.702172e+02	 900.00	 883.32	 10.00	 55	 0.72	 
MRI_faces_126	 2	 10	 1204.jpg	 1.712007e+02	 22	 8.908385e+02	 220	 8.835823e+02	 98	 1.722816e+02	 900.00	 899.99	 49.00	 24	 0.25	 
MRI_faces_126	 2	 10	 2058.jpg	 1.732010e+02	 24	 999000	 240	 999000	 999	 1.742179e+02	 900.00	 899.99	 53.00	 40	 0.19	 
MRI_faces_126	 2	 10	 1073.jpg	 1.762017e+02	 12	 999000	 120	 999000	 999	 1.772184e+02	 900.00	 899.99	 15.00	 11	 0.67	 
MRI_faces_126	 2	 10	 2110.jpg	 1.802022e+02	 22	 9.323224e+02	 220	 9.002738e+02	 98	 1.812984e+02	 900.00	 916.66	 54.00	 44	 0.18	 
MRI_faces_126	 2	 10	 1173.jpg	 1.832028e+02	 22	 1.083870e+03	 2200	 9.169377e+02	 98	 1.843196e+02	 900.00	 866.66	 43.00	 19	 0.42	 
MRI_faces_126	 2	 10	 1226.jpg	 1.872035e+02	 24	 999000	 240	 999000	 999	 1.882203e+02	 900.00	 866.66	 56.00	 27	 0.16	 
MRI_faces_126	 2	 10	 2181.jpg	 1.922043e+02	 12	 999000	 120	 999000	 999	 1.932212e+02	 900.00	 866.66	 3.00	 53	 0.88	 
MRI_faces_126	 2	 10	 2094.jpg	 1.962051e+02	 12	 999000	 120	 999000	 999	 1.972219e+02	 900.00	 866.66	 12.00	 43	 0.71	 
MRI_faces_126	 2	 10	 1255.jpg	 1.992056e+02	 24	 999000	 240	 999000	 999	 2.002224e+02	 900.00	 866.66	 47.00	 29	 0.39	 
MRI_faces_126	 2	 10	 2053.jpg	 2.012060e+02	 11	 1.040593e+03	 1100	 9.002763e+02	 98	 2.023062e+02	 850.00	 866.66	 11.00	 39	 0.71	 
MRI_faces_126	 2	 10	 1183.jpg	 2.032063e+02	 22	 1.080210e+03	 2200	 8.669365e+02	 98	 2.042653e+02	 850.00	 816.66	 48.00	 20	 0.36	 
MRI_faces_126	 2	 10	 2063.jpg	 2.102076e+02	 12	 999000	 120	 999000	 999	 2.112243e+02	 850.00	 816.66	 5.00	 41	 0.81	 
MRI_faces_126	 2	 10	 1216.jpg	 2.132081e+02	 12	 999000	 120	 999000	 999	 2.142249e+02	 850.00	 816.66	 13.00	 26	 0.70	 
MRI_faces_126	 2	 10	 1027.jpg	 2.152084e+02	 11	 8.201554e+02	 11	 8.502893e+02	 98	 2.162488e+02	 866.67	 816.66	 16.00	 5	 0.65	 
MRI_faces_126	 2	 10	 2155.jpg	 2.192091e+02	 24	 999000	 240	 999000	 999	 2.202259e+02	 866.67	 816.66	 39.00	 51	 0.44	 
MRI_faces_126	 2	 10	 1050.jpg	 2.212095e+02	 12	 999000	 120	 999000	 999	 2.222262e+02	 866.67	 816.66	 20.00	 8	 0.58	 
MRI_faces_126	 2	 10	 2248.jpg	 2.242100e+02	 12	 999000	 120	 999000	 999	 2.252268e+02	 866.67	 816.66	 19.00	 60	 0.58	 
MRI_faces_126	 2	 10	 1246.jpg	 2.261991e+02	 24	 999000	 240	 999000	 999	 2.272157e+02	 866.67	 816.66	 44.00	 28	 0.41	 
MRI_faces_126	 2	 10	 1019.jpg	 2.301991e+02	 24	 999000	 240	 999000	 999	 2.312158e+02	 866.67	 816.66	 55.00	 4	 0.18	 
MRI_faces_126	 2	 10	 1035.jpg	 2.321991e+02	 11	 8.183856e+02	 11	 8.669304e+02	 98	 2.332616e+02	 883.33	 816.66	 9.00	 7	 0.72	 
MRI_faces_126	 2	 10	 2164.jpg	 2.361992e+02	 24	 999000	 240	 999000	 999	 2.372159e+02	 883.33	 816.66	 45.00	 52	 0.41	 
MRI_faces_126	 2	 10	 2125.jpg	 2.391994e+02	 12	 999000	 120	 999000	 999	 2.402159e+02	 883.33	 816.66	 6.00	 47	 0.81	 
MRI_faces_126	 2	 10	 2229.jpg	 2.411993e+02	 12	 999000	 120	 999000	 999	 2.422159e+02	 883.33	 816.66	 4.00	 58	 0.83	 
MRI_faces_126	 2	 10	 2045.jpg	 2.441993e+02	 24	 999000	 240	 999000	 999	 2.452160e+02	 883.33	 816.66	 57.00	 38	 0.16	 
