subjectID	 order	 runNum	 itemName	 onsetTime	 shuff_trialType	 RT	 respInTime	 AudioTime	 response	 fixationTime	 ladder1	 ladder2	 bidIndex	 itemNameIndex	 bidValue	 
MRI_faces_127	 1	 4	 2181.jpg	 1.242009e+02	 12	 999000	 120	 999000	 999	 1.252178e+02	 783.33	 783.33	 4.00	 53	 0.84	 
MRI_faces_127	 1	 4	 1080.jpg	 1.261915e+02	 24	 999000	 240	 999000	 999	 1.272082e+02	 783.33	 783.33	 57.00	 12	 0.15	 
MRI_faces_127	 1	 4	 1145.jpg	 1.291916e+02	 22	 9.927936e+02	 220	 7.835952e+02	 98	 1.302083e+02	 783.33	 800.00	 45.00	 16	 0.31	 
MRI_faces_127	 1	 4	 1035.jpg	 1.321916e+02	 12	 999000	 120	 999000	 999	 1.332083e+02	 783.33	 800.00	 8.00	 7	 0.78	 
MRI_faces_127	 1	 4	 2118.jpg	 1.341918e+02	 11	 1.012611e+03	 1100	 7.836136e+02	 98	 1.352094e+02	 733.33	 800.00	 10.00	 46	 0.75	 
MRI_faces_127	 1	 4	 1150.jpg	 1.381917e+02	 24	 999000	 240	 999000	 999	 1.392084e+02	 733.33	 800.00	 49.00	 18	 0.25	 
MRI_faces_127	 1	 4	 1191.jpg	 1.431919e+02	 24	 999000	 240	 999000	 999	 1.442084e+02	 733.33	 800.00	 41.00	 21	 0.38	 
MRI_faces_127	 1	 4	 1052.jpg	 1.451919e+02	 22	 1.170495e+03	 2200	 8.002639e+02	 98	 1.462085e+02	 733.33	 750.00	 53.00	 9	 0.21	 
MRI_faces_127	 1	 4	 1060.jpg	 1.481919e+02	 24	 999000	 240	 999000	 999	 1.492085e+02	 733.33	 750.00	 39.00	 10	 0.41	 
MRI_faces_127	 1	 4	 2089.jpg	 1.501919e+02	 11	 1.074503e+03	 1100	 7.336007e+02	 98	 1.512086e+02	 683.33	 750.00	 15.00	 42	 0.67	 
MRI_faces_127	 1	 4	 1246.jpg	 1.561920e+02	 24	 999000	 240	 999000	 999	 1.572086e+02	 683.33	 750.00	 54.00	 28	 0.19	 
MRI_faces_127	 1	 4	 2194.jpg	 1.591921e+02	 24	 999000	 240	 999000	 999	 1.602087e+02	 683.33	 750.00	 58.00	 54	 0.14	 
MRI_faces_127	 1	 4	 1262.jpg	 1.641922e+02	 24	 999000	 240	 999000	 999	 1.652089e+02	 683.33	 750.00	 56.00	 30	 0.17	 
MRI_faces_127	 1	 4	 1216.jpg	 1.661922e+02	 12	 999000	 120	 999000	 999	 1.672088e+02	 683.33	 750.00	 21.00	 26	 0.62	 
MRI_faces_127	 1	 4	 1183.jpg	 1.681923e+02	 24	 999000	 240	 999000	 999	 1.692088e+02	 683.33	 750.00	 40.00	 20	 0.40	 
MRI_faces_127	 1	 4	 1073.jpg	 1.721927e+02	 11	 8.606091e+02	 110	 6.835944e+02	 98	 1.732096e+02	 700.00	 750.00	 18.00	 11	 0.65	 
MRI_faces_127	 1	 4	 1007.jpg	 1.741931e+02	 11	 9.442248e+02	 110	 7.002697e+02	 98	 1.752099e+02	 716.66	 750.00	 7.00	 1	 0.80	 
MRI_faces_127	 1	 4	 2010.jpg	 1.771936e+02	 12	 999000	 120	 999000	 999	 1.782105e+02	 716.66	 750.00	 19.00	 32	 0.65	 
MRI_faces_127	 1	 4	 1031.jpg	 1.801942e+02	 11	 8.961761e+02	 110	 7.169250e+02	 98	 1.812110e+02	 733.33	 750.00	 13.00	 6	 0.71	 
MRI_faces_127	 1	 4	 2155.jpg	 1.831948e+02	 12	 999000	 120	 999000	 999	 1.842115e+02	 733.33	 750.00	 6.00	 51	 0.81	 
MRI_faces_127	 1	 4	 2053.jpg	 1.851950e+02	 11	 9.783458e+02	 110	 7.335867e+02	 98	 1.862118e+02	 750.00	 750.00	 12.00	 39	 0.72	 
MRI_faces_127	 1	 4	 2128.jpg	 1.891958e+02	 22	 9.965624e+02	 220	 7.502583e+02	 98	 1.902126e+02	 750.00	 766.66	 52.00	 48	 0.22	 
MRI_faces_127	 1	 4	 2218.jpg	 1.911962e+02	 12	 999000	 120	 999000	 999	 1.922130e+02	 750.00	 766.66	 20.00	 57	 0.63	 
MRI_faces_127	 1	 4	 2240.jpg	 1.931965e+02	 12	 999000	 120	 999000	 999	 1.942133e+02	 750.00	 766.66	 9.00	 59	 0.76	 
MRI_faces_127	 1	 4	 1210.jpg	 1.951968e+02	 24	 999000	 240	 999000	 999	 1.962137e+02	 750.00	 766.66	 42.00	 25	 0.38	 
MRI_faces_127	 1	 4	 1114.jpg	 1.971973e+02	 12	 999000	 120	 999000	 999	 1.982140e+02	 750.00	 766.66	 16.00	 13	 0.65	 
MRI_faces_127	 1	 4	 1050.jpg	 2.011979e+02	 12	 999000	 120	 999000	 999	 2.022147e+02	 750.00	 766.66	 17.00	 8	 0.65	 
MRI_faces_127	 1	 4	 1013.jpg	 2.051928e+02	 22	 9.385548e+02	 220	 7.670023e+02	 98	 2.062094e+02	 750.00	 783.33	 44.00	 2	 0.31	 
MRI_faces_127	 1	 4	 2248.jpg	 2.091929e+02	 12	 999000	 120	 999000	 999	 2.102094e+02	 750.00	 783.33	 22.00	 60	 0.62	 
MRI_faces_127	 1	 4	 1204.jpg	 2.121929e+02	 24	 999000	 240	 999000	 999	 2.132095e+02	 750.00	 783.33	 55.00	 24	 0.19	 
MRI_faces_127	 1	 4	 2058.jpg	 2.141929e+02	 24	 999000	 240	 999000	 999	 2.152095e+02	 750.00	 783.33	 51.00	 40	 0.22	 
MRI_faces_127	 1	 4	 2043.jpg	 2.161929e+02	 22	 1.128489e+03	 2200	 7.836024e+02	 98	 2.172096e+02	 750.00	 733.33	 47.00	 37	 0.28	 
MRI_faces_127	 1	 4	 2153.jpg	 2.181930e+02	 12	 999000	 120	 999000	 999	 2.192097e+02	 750.00	 733.33	 3.00	 50	 0.85	 
MRI_faces_127	 1	 4	 2112.jpg	 2.201930e+02	 12	 999000	 120	 999000	 999	 2.212097e+02	 750.00	 733.33	 14.00	 45	 0.70	 
MRI_faces_127	 1	 4	 2015.jpg	 2.241930e+02	 24	 999000	 240	 999000	 999	 2.252098e+02	 750.00	 733.33	 46.00	 33	 0.28	 
MRI_faces_127	 1	 4	 2125.jpg	 2.261931e+02	 12	 999000	 120	 999000	 999	 2.272097e+02	 750.00	 733.33	 5.00	 47	 0.83	 
MRI_faces_127	 1	 4	 2045.jpg	 2.331933e+02	 24	 999000	 240	 999000	 999	 2.342099e+02	 750.00	 733.33	 43.00	 38	 0.35	 
MRI_faces_127	 1	 4	 1173.jpg	 2.371933e+02	 22	 9.130858e+02	 220	 7.336002e+02	 98	 2.382099e+02	 750.00	 750.00	 50.00	 19	 0.24	 
MRI_faces_127	 1	 4	 1226.jpg	 2.401933e+02	 24	 999000	 240	 999000	 999	 2.412099e+02	 750.00	 750.00	 48.00	 27	 0.26	 
MRI_faces_127	 1	 4	 2212.jpg	 2.441934e+02	 12	 999000	 120	 999000	 999	 2.452100e+02	 750.00	 750.00	 11.00	 56	 0.75	 
