subjectID	 order	 runNum	 itemName	 onsetTime	 shuff_trialType	 RT	 respInTime	 AudioTime	 response	 fixationTime	 ladder1	 ladder2	 bidIndex	 itemNameIndex	 bidValue	 
MRI_faces_134	 2	 6	 1150.jpg	 1.242181e+02	 22	 8.945080e+02	 220	 7.169966e+02	 98	 1.252350e+02	 783.34	 733.34	 51.00	 18	 0.23	 
MRI_faces_134	 2	 6	 1262.jpg	 1.282188e+02	 24	 999000	 240	 999000	 999	 1.292357e+02	 783.34	 733.34	 53.00	 30	 0.19	 
MRI_faces_134	 2	 6	 2125.jpg	 1.302191e+02	 12	 999000	 120	 999000	 999	 1.312360e+02	 783.34	 733.34	 22.00	 47	 0.59	 
MRI_faces_134	 2	 6	 2043.jpg	 1.352201e+02	 24	 999000	 240	 999000	 999	 1.362369e+02	 783.34	 733.34	 39.00	 37	 0.43	 
MRI_faces_134	 2	 6	 1191.jpg	 1.372139e+02	 12	 999000	 120	 999000	 999	 1.382304e+02	 783.34	 733.34	 3.00	 21	 0.88	 
MRI_faces_134	 2	 6	 2164.jpg	 1.392138e+02	 22	 1.135749e+03	 2200	 7.336070e+02	 98	 1.402306e+02	 783.34	 683.34	 48.00	 52	 0.31	 
MRI_faces_134	 2	 6	 2181.jpg	 1.432139e+02	 12	 999000	 120	 999000	 999	 1.442306e+02	 783.34	 683.34	 19.00	 53	 0.62	 
MRI_faces_134	 2	 6	 2153.jpg	 1.452139e+02	 11	 1.010643e+03	 1100	 7.836039e+02	 98	 1.462330e+02	 733.34	 683.34	 17.00	 50	 0.66	 
MRI_faces_134	 2	 6	 1173.jpg	 1.472139e+02	 12	 999000	 120	 999000	 999	 1.482306e+02	 733.34	 683.34	 13.00	 19	 0.69	 
MRI_faces_134	 2	 6	 1255.jpg	 1.502140e+02	 22	 9.035218e+02	 220	 6.836987e+02	 98	 1.512307e+02	 733.34	 700.00	 49.00	 29	 0.29	 
MRI_faces_134	 2	 6	 1204.jpg	 1.522140e+02	 22	 9.795728e+02	 220	 7.002714e+02	 98	 1.532307e+02	 733.34	 716.67	 54.00	 24	 0.18	 
MRI_faces_134	 2	 6	 1027.jpg	 1.562141e+02	 24	 999000	 240	 999000	 999	 1.572308e+02	 733.34	 716.67	 58.00	 5	 0.12	 
MRI_faces_134	 2	 6	 1146.jpg	 1.622142e+02	 22	 9.644039e+02	 220	 7.169445e+02	 98	 1.632308e+02	 733.34	 733.34	 46.00	 17	 0.31	 
MRI_faces_134	 2	 6	 2194.jpg	 1.652142e+02	 24	 999000	 240	 999000	 999	 1.662309e+02	 733.34	 733.34	 57.00	 54	 0.13	 
MRI_faces_134	 2	 6	 2045.jpg	 1.672142e+02	 24	 999000	 240	 999000	 999	 1.682309e+02	 733.34	 733.34	 50.00	 38	 0.27	 
MRI_faces_134	 2	 6	 1031.jpg	 1.692143e+02	 11	 9.682488e+02	 110	 7.336219e+02	 98	 1.702312e+02	 750.01	 733.34	 11.00	 6	 0.74	 
MRI_faces_134	 2	 6	 1073.jpg	 1.712143e+02	 12	 999000	 120	 999000	 999	 1.722309e+02	 750.01	 733.34	 15.00	 11	 0.68	 
MRI_faces_134	 2	 6	 2128.jpg	 1.732143e+02	 24	 999000	 240	 999000	 999	 1.742310e+02	 750.01	 733.34	 44.00	 48	 0.39	 
MRI_faces_134	 2	 6	 2240.jpg	 1.762144e+02	 24	 999000	 240	 999000	 999	 1.772310e+02	 750.01	 733.34	 47.00	 59	 0.31	 
MRI_faces_134	 2	 6	 2015.jpg	 1.802145e+02	 22	 9.681088e+02	 220	 7.336049e+02	 98	 1.812311e+02	 750.01	 750.00	 43.00	 33	 0.39	 
MRI_faces_134	 2	 6	 1080.jpg	 1.832145e+02	 24	 999000	 240	 999000	 999	 1.842313e+02	 750.01	 750.00	 56.00	 12	 0.14	 
MRI_faces_134	 2	 6	 2006.jpg	 1.872146e+02	 24	 999000	 240	 999000	 999	 1.882312e+02	 750.01	 750.00	 52.00	 31	 0.22	 
MRI_faces_134	 2	 6	 1052.jpg	 1.922146e+02	 24	 999000	 240	 999000	 999	 1.932312e+02	 750.01	 750.00	 45.00	 9	 0.32	 
MRI_faces_134	 2	 6	 2118.jpg	 1.962147e+02	 12	 999000	 120	 999000	 999	 1.972314e+02	 750.01	 750.00	 4.00	 46	 0.87	 
MRI_faces_134	 2	 6	 1035.jpg	 1.992148e+02	 11	 1.041801e+03	 1100	 7.502735e+02	 98	 2.002315e+02	 700.01	 750.00	 14.00	 7	 0.68	 
MRI_faces_134	 2	 6	 2010.jpg	 2.012149e+02	 12	 999000	 120	 999000	 999	 2.022318e+02	 700.01	 750.00	 10.00	 32	 0.76	 
MRI_faces_134	 2	 6	 1060.jpg	 2.032153e+02	 24	 999000	 240	 999000	 999	 2.042322e+02	 700.01	 750.00	 40.00	 10	 0.42	 
MRI_faces_134	 2	 6	 2218.jpg	 2.102165e+02	 12	 5.370493e+02	 12	 999000	 98	 2.112333e+02	 700.01	 750.00	 12.00	 57	 0.70	 
MRI_faces_134	 2	 6	 1127.jpg	 2.132171e+02	 24	 999000	 240	 999000	 999	 2.142339e+02	 700.01	 750.00	 42.00	 14	 0.39	 
MRI_faces_134	 2	 6	 1013.jpg	 2.152174e+02	 24	 999000	 240	 999000	 999	 2.162343e+02	 700.01	 750.00	 41.00	 2	 0.42	 
MRI_faces_134	 2	 6	 1017.jpg	 2.192182e+02	 12	 999000	 120	 999000	 999	 2.202350e+02	 700.01	 750.00	 7.00	 3	 0.81	 
MRI_faces_134	 2	 6	 2248.jpg	 2.212184e+02	 12	 999000	 120	 999000	 999	 2.222354e+02	 700.01	 750.00	 18.00	 60	 0.63	 
MRI_faces_134	 2	 6	 1007.jpg	 2.242190e+02	 11	 1.131543e+03	 1100	 7.002627e+02	 98	 2.252359e+02	 650.01	 750.00	 8.00	 1	 0.77	 
MRI_faces_134	 2	 6	 2041.jpg	 2.262193e+02	 12	 999000	 120	 999000	 999	 2.272362e+02	 650.01	 750.00	 6.00	 36	 0.82	 
MRI_faces_134	 2	 6	 2212.jpg	 2.302152e+02	 12	 999000	 120	 999000	 999	 2.312319e+02	 650.01	 750.00	 20.00	 56	 0.61	 
MRI_faces_134	 2	 6	 2039.jpg	 2.322153e+02	 12	 999000	 120	 999000	 999	 2.332319e+02	 650.01	 750.00	 5.00	 35	 0.84	 
MRI_faces_134	 2	 6	 2089.jpg	 2.362153e+02	 11	 9.263049e+02	 110	 6.502679e+02	 98	 2.372320e+02	 666.67	 750.00	 9.00	 42	 0.77	 
MRI_faces_134	 2	 6	 2110.jpg	 2.392154e+02	 24	 999000	 240	 999000	 999	 2.402321e+02	 666.67	 750.00	 55.00	 44	 0.17	 
MRI_faces_134	 2	 6	 1226.jpg	 2.412154e+02	 11	 9.331586e+02	 110	 6.669518e+02	 98	 2.422320e+02	 683.34	 750.00	 16.00	 27	 0.66	 
MRI_faces_134	 2	 6	 1246.jpg	 2.442154e+02	 12	 999000	 120	 999000	 999	 2.452322e+02	 683.34	 750.00	 21.00	 28	 0.59	 
