subjectID	 order	 runNum	 itemName	 onsetTime	 shuff_trialType	 RT	 respInTime	 AudioTime	 response	 fixationTime	 ladder1	 ladder2	 bidIndex	 itemNameIndex	 bidValue	 
MRI_faces_133	 1	 3	 2041.jpg	 2.412257e+00	 12	 999000	 120	 999000	 999	 3.429387e+00	 750.00	 683.34	 21.00	 36	 0.62	 
MRI_faces_133	 1	 3	 1080.jpg	 7.395365e+00	 24	 999000	 240	 999000	 999	 8.412058e+00	 750.00	 683.34	 55.00	 12	 0.21	 
MRI_faces_133	 1	 3	 2112.jpg	 9.395395e+00	 12	 999000	 120	 999000	 999	 1.041317e+01	 750.00	 683.34	 3.00	 45	 0.89	 
MRI_faces_133	 1	 3	 2149.jpg	 1.239552e+01	 22	 9.346635e+02	 220	 6.852212e+02	 98	 1.341216e+01	 750.00	 700.01	 53.00	 49	 0.21	 
MRI_faces_133	 1	 3	 1210.jpg	 1.539551e+01	 24	 999000	 240	 999000	 999	 1.641213e+01	 750.00	 700.01	 43.00	 25	 0.30	 
MRI_faces_133	 1	 3	 2128.jpg	 2.239564e+01	 12	 999000	 120	 999000	 999	 2.341233e+01	 750.00	 700.01	 20.00	 48	 0.64	 
MRI_faces_133	 1	 3	 2094.jpg	 2.439578e+01	 12	 999000	 120	 999000	 999	 2.541262e+01	 750.00	 700.01	 22.00	 43	 0.61	 
MRI_faces_133	 1	 3	 2153.jpg	 2.839651e+01	 11	 1.067659e+03	 1100	 7.517579e+02	 98	 2.941323e+01	 700.00	 700.01	 12.00	 50	 0.73	 
MRI_faces_133	 1	 3	 2194.jpg	 3.039676e+01	 11	 1.041414e+03	 1100	 7.002855e+02	 98	 3.141368e+01	 650.00	 700.01	 18.00	 54	 0.68	 
MRI_faces_133	 1	 3	 1246.jpg	 3.539772e+01	 24	 999000	 240	 999000	 999	 3.641449e+01	 650.00	 700.01	 40.00	 28	 0.36	 
MRI_faces_133	 1	 3	 1073.jpg	 3.939817e+01	 22	 9.149998e+02	 220	 7.002949e+02	 98	 4.041519e+01	 650.00	 716.67	 50.00	 11	 0.23	 
MRI_faces_133	 1	 3	 1013.jpg	 4.139878e+01	 24	 999000	 240	 999000	 999	 4.241555e+01	 650.00	 716.67	 39.00	 2	 0.38	 
MRI_faces_133	 1	 3	 1173.jpg	 4.439927e+01	 22	 1.026906e+03	 2200	 7.169331e+02	 98	 4.541614e+01	 650.00	 666.67	 45.00	 19	 0.28	 
MRI_faces_133	 1	 3	 1150.jpg	 4.739985e+01	 24	 999000	 240	 999000	 999	 4.841663e+01	 650.00	 666.67	 54.00	 18	 0.21	 
MRI_faces_133	 1	 3	 2209.jpg	 5.140028e+01	 11	 8.718867e+02	 110	 6.502673e+02	 98	 5.241741e+01	 666.67	 666.67	 13.00	 55	 0.73	 
MRI_faces_133	 1	 3	 2089.jpg	 5.540122e+01	 12	 999000	 120	 999000	 999	 5.641808e+01	 666.67	 666.67	 4.00	 42	 0.88	 
MRI_faces_133	 1	 3	 2024.jpg	 5.940193e+01	 12	 999000	 120	 999000	 999	 6.041872e+01	 666.67	 666.67	 19.00	 34	 0.65	 
MRI_faces_133	 1	 3	 1202.jpg	 6.240249e+01	 12	 999000	 120	 999000	 999	 6.341925e+01	 666.67	 666.67	 11.00	 23	 0.73	 
MRI_faces_133	 1	 3	 1127.jpg	 6.540296e+01	 24	 999000	 240	 999000	 999	 6.641985e+01	 666.67	 666.67	 42.00	 14	 0.32	 
MRI_faces_133	 1	 3	 2125.jpg	 6.840353e+01	 12	 999000	 120	 999000	 999	 6.942040e+01	 666.67	 666.67	 9.00	 47	 0.76	 
MRI_faces_133	 1	 3	 1019.jpg	 7.040390e+01	 24	 999000	 240	 999000	 999	 7.142065e+01	 666.67	 666.67	 57.00	 4	 0.18	 
MRI_faces_133	 1	 3	 2212.jpg	 7.340420e+01	 12	 999000	 120	 999000	 999	 7.442117e+01	 666.67	 666.67	 17.00	 56	 0.68	 
MRI_faces_133	 1	 3	 2248.jpg	 7.540476e+01	 12	 999000	 120	 999000	 999	 7.642155e+01	 666.67	 666.67	 5.00	 60	 0.85	 
MRI_faces_133	 1	 3	 1146.jpg	 7.740519e+01	 24	 999000	 240	 999000	 999	 7.842194e+01	 666.67	 666.67	 46.00	 17	 0.27	 
MRI_faces_133	 1	 3	 1191.jpg	 7.940549e+01	 24	 999000	 240	 999000	 999	 8.042223e+01	 666.67	 666.67	 51.00	 21	 0.22	 
MRI_faces_133	 1	 3	 1017.jpg	 8.240596e+01	 22	 9.842016e+02	 220	 6.669249e+02	 98	 8.342286e+01	 666.67	 683.34	 52.00	 3	 0.22	 
MRI_faces_133	 1	 3	 2006.jpg	 8.640666e+01	 11	 9.415161e+02	 110	 6.669124e+02	 98	 8.742355e+01	 683.33	 683.34	 15.00	 31	 0.72	 
MRI_faces_133	 1	 3	 1226.jpg	 8.839661e+01	 24	 999000	 240	 999000	 999	 8.941337e+01	 683.33	 683.34	 56.00	 27	 0.19	 
MRI_faces_133	 1	 3	 2240.jpg	 9.040744e+01	 11	 9.707399e+02	 110	 6.836350e+02	 98	 9.142424e+01	 700.00	 683.34	 10.00	 59	 0.74	 
MRI_faces_133	 1	 3	 1050.jpg	 9.439682e+01	 24	 999000	 240	 999000	 999	 9.541348e+01	 700.00	 683.34	 41.00	 8	 0.33	 
MRI_faces_133	 1	 3	 1060.jpg	 9.639686e+01	 22	 9.173139e+02	 220	 6.835960e+02	 98	 9.741350e+01	 700.00	 700.01	 44.00	 10	 0.30	 
MRI_faces_133	 1	 3	 2010.jpg	 9.839680e+01	 12	 999000	 120	 999000	 999	 9.941345e+01	 700.00	 700.01	 6.00	 32	 0.80	 
MRI_faces_133	 1	 3	 2043.jpg	 1.023969e+02	 12	 999000	 120	 999000	 999	 1.034135e+02	 700.00	 700.01	 8.00	 37	 0.77	 
MRI_faces_133	 1	 3	 1192.jpg	 1.063970e+02	 24	 999000	 240	 999000	 999	 1.074136e+02	 700.00	 700.01	 48.00	 22	 0.26	 
MRI_faces_133	 1	 3	 2118.jpg	 1.083969e+02	 11	 9.722776e+02	 110	 7.002587e+02	 98	 1.094136e+02	 716.67	 700.01	 7.00	 46	 0.77	 
MRI_faces_133	 1	 3	 2058.jpg	 1.103970e+02	 12	 999000	 120	 999000	 999	 1.114137e+02	 716.67	 700.01	 16.00	 40	 0.69	 
MRI_faces_133	 1	 3	 1204.jpg	 1.123970e+02	 22	 1.032144e+03	 2200	 7.002828e+02	 98	 1.134137e+02	 716.67	 650.01	 47.00	 24	 0.26	 
MRI_faces_133	 1	 3	 1027.jpg	 1.143971e+02	 24	 999000	 240	 999000	 999	 1.154138e+02	 716.67	 650.01	 58.00	 5	 0.17	 
MRI_faces_133	 1	 3	 1052.jpg	 1.203971e+02	 24	 999000	 240	 999000	 999	 1.214138e+02	 716.67	 650.01	 49.00	 9	 0.23	 
MRI_faces_133	 1	 3	 2218.jpg	 1.223972e+02	 12	 999000	 120	 999000	 999	 1.234138e+02	 716.67	 650.01	 14.00	 57	 0.72	 
