subjectID	 order	 runNum	 itemName	 onsetTime	 shuff_trialType	 RT	 respInTime	 AudioTime	 response	 fixationTime	 ladder1	 ladder2	 bidIndex	 itemNameIndex	 bidValue	 
MRI_faces_151	 1	 11	 1052.jpg	 2.310504e+00	 22	 1.038119e+03	 2200	 7.534932e+02	 98	 3.326772e+00	 750.00	 700.00	 53.00	 9	 0.27	 
MRI_faces_151	 1	 11	 2045.jpg	 6.299685e+00	 24	 999000	 240	 999000	 999	 7.316338e+00	 750.00	 700.00	 40.00	 38	 0.42	 
MRI_faces_151	 1	 11	 1150.jpg	 8.299762e+00	 22	 9.388526e+02	 220	 7.024626e+02	 98	 9.316430e+00	 750.00	 716.67	 50.00	 18	 0.35	 
MRI_faces_151	 1	 11	 2248.jpg	 1.330006e+01	 24	 999000	 240	 999000	 999	 1.431657e+01	 750.00	 716.67	 49.00	 60	 0.36	 
MRI_faces_151	 1	 11	 1255.jpg	 1.529984e+01	 12	 999000	 120	 999000	 999	 1.631650e+01	 750.00	 716.67	 21.00	 29	 0.55	 
MRI_faces_151	 1	 11	 2010.jpg	 1.729988e+01	 12	 999000	 120	 999000	 999	 1.831653e+01	 750.00	 716.67	 4.00	 32	 0.75	 
MRI_faces_151	 1	 11	 2089.jpg	 2.130009e+01	 12	 999000	 120	 999000	 999	 2.231666e+01	 750.00	 716.67	 17.00	 42	 0.59	 
MRI_faces_151	 1	 11	 2043.jpg	 2.329998e+01	 22	 9.526468e+02	 220	 7.169209e+02	 98	 2.431668e+01	 750.00	 733.33	 44.00	 37	 0.40	 
MRI_faces_151	 1	 11	 1146.jpg	 2.530008e+01	 12	 999000	 120	 999000	 999	 2.631673e+01	 750.00	 733.33	 8.00	 17	 0.72	 
MRI_faces_151	 1	 11	 1226.jpg	 2.830013e+01	 22	 9.494949e+02	 220	 7.336006e+02	 98	 2.931671e+01	 750.00	 750.00	 47.00	 27	 0.39	 
MRI_faces_151	 1	 11	 2063.jpg	 3.030015e+01	 12	 999000	 120	 999000	 999	 3.131684e+01	 750.00	 750.00	 16.00	 41	 0.60	 
MRI_faces_151	 1	 11	 1246.jpg	 3.430015e+01	 11	 9.774680e+02	 110	 7.528486e+02	 98	 3.531690e+01	 766.67	 750.00	 7.00	 28	 0.73	 
MRI_faces_151	 1	 11	 1035.jpg	 4.030031e+01	 24	 999000	 240	 999000	 999	 4.131698e+01	 766.67	 750.00	 41.00	 7	 0.42	 
MRI_faces_151	 1	 11	 2229.jpg	 4.330065e+01	 12	 999000	 120	 999000	 999	 4.431740e+01	 766.67	 750.00	 19.00	 58	 0.59	 
MRI_faces_151	 1	 11	 1262.jpg	 4.530098e+01	 11	 1.035647e+03	 1100	 7.669291e+02	 98	 4.631789e+01	 716.67	 750.00	 13.00	 30	 0.64	 
MRI_faces_151	 1	 11	 1114.jpg	 4.730130e+01	 12	 999000	 120	 999000	 999	 4.831820e+01	 716.67	 750.00	 9.00	 13	 0.72	 
MRI_faces_151	 1	 11	 2181.jpg	 4.930162e+01	 24	 999000	 240	 999000	 999	 5.031850e+01	 716.67	 750.00	 57.00	 53	 0.21	 
MRI_faces_151	 1	 11	 2128.jpg	 5.130197e+01	 12	 999000	 120	 999000	 999	 5.231883e+01	 716.67	 750.00	 14.00	 48	 0.63	 
MRI_faces_151	 1	 11	 2058.jpg	 5.430265e+01	 11	 1.031977e+03	 1100	 7.169425e+02	 98	 5.531932e+01	 666.67	 750.00	 15.00	 40	 0.63	 
MRI_faces_151	 1	 11	 2125.jpg	 5.830324e+01	 24	 999000	 240	 999000	 999	 5.932009e+01	 666.67	 750.00	 55.00	 47	 0.25	 
MRI_faces_151	 1	 11	 2218.jpg	 6.130383e+01	 24	 999000	 240	 999000	 999	 6.232060e+01	 666.67	 750.00	 42.00	 57	 0.41	 
MRI_faces_151	 1	 11	 2155.jpg	 6.530452e+01	 24	 999000	 240	 999000	 999	 6.632135e+01	 666.67	 750.00	 46.00	 51	 0.39	 
MRI_faces_151	 1	 11	 2209.jpg	 7.030548e+01	 11	 8.801673e+02	 110	 6.669792e+02	 98	 7.132219e+01	 683.33	 750.00	 10.00	 55	 0.71	 
MRI_faces_151	 1	 11	 2164.jpg	 7.430617e+01	 24	 999000	 240	 999000	 999	 7.532290e+01	 683.33	 750.00	 43.00	 52	 0.40	 
MRI_faces_151	 1	 11	 1191.jpg	 7.730083e+01	 11	 8.998072e+02	 110	 6.836004e+02	 98	 7.831745e+01	 700.00	 750.00	 18.00	 21	 0.59	 
MRI_faces_151	 1	 11	 1050.jpg	 7.930695e+01	 12	 999000	 120	 999000	 999	 8.032373e+01	 700.00	 750.00	 5.00	 8	 0.74	 
MRI_faces_151	 1	 11	 1210.jpg	 8.130093e+01	 12	 999000	 120	 999000	 999	 8.231772e+01	 700.00	 750.00	 3.00	 25	 0.76	 
MRI_faces_151	 1	 11	 1145.jpg	 8.830100e+01	 12	 999000	 120	 999000	 999	 8.931765e+01	 700.00	 750.00	 6.00	 16	 0.74	 
MRI_faces_151	 1	 11	 2094.jpg	 9.130106e+01	 24	 999000	 240	 999000	 999	 9.231767e+01	 700.00	 750.00	 39.00	 43	 0.44	 
MRI_faces_151	 1	 11	 2006.jpg	 9.330106e+01	 24	 999000	 240	 999000	 999	 9.431777e+01	 700.00	 750.00	 48.00	 31	 0.37	 
MRI_faces_151	 1	 11	 1017.jpg	 9.730109e+01	 22	 1.000528e+03	 2200	 7.502930e+02	 98	 9.831780e+01	 700.00	 700.00	 45.00	 3	 0.40	 
MRI_faces_151	 1	 11	 2153.jpg	 9.930124e+01	 22	 9.503852e+02	 220	 7.002714e+02	 98	 1.003178e+02	 700.00	 716.67	 52.00	 50	 0.28	 
MRI_faces_151	 1	 11	 2024.jpg	 1.023012e+02	 24	 999000	 240	 999000	 999	 1.033178e+02	 700.00	 716.67	 51.00	 34	 0.35	 
MRI_faces_151	 1	 11	 1031.jpg	 1.043013e+02	 11	 8.883420e+02	 110	 7.002649e+02	 98	 1.053180e+02	 716.67	 716.67	 12.00	 6	 0.68	 
MRI_faces_151	 1	 11	 1202.jpg	 1.083013e+02	 12	 999000	 120	 999000	 999	 1.093179e+02	 716.67	 716.67	 22.00	 23	 0.54	 
MRI_faces_151	 1	 11	 2110.jpg	 1.103014e+02	 24	 999000	 240	 999000	 999	 1.113179e+02	 716.67	 716.67	 54.00	 44	 0.26	 
MRI_faces_151	 1	 11	 1127.jpg	 1.143014e+02	 12	 999000	 120	 999000	 999	 1.153181e+02	 716.67	 716.67	 20.00	 14	 0.59	 
MRI_faces_151	 1	 11	 2194.jpg	 1.173015e+02	 24	 999000	 240	 999000	 999	 1.183181e+02	 716.67	 716.67	 58.00	 54	 0.18	 
MRI_faces_151	 1	 11	 1216.jpg	 1.193014e+02	 12	 999000	 120	 999000	 999	 1.203181e+02	 716.67	 716.67	 11.00	 26	 0.70	 
MRI_faces_151	 1	 11	 2118.jpg	 1.223016e+02	 24	 999000	 240	 999000	 999	 1.233181e+02	 716.67	 716.67	 56.00	 46	 0.22	 
