subjectID	 order	 runNum	 itemName	 onsetTime	 shuff_trialType	 RT	 respInTime	 AudioTime	 response	 fixationTime	 ladder1	 ladder2	 bidIndex	 itemNameIndex	 bidValue	 
MRI_faces_135	 1	 14	 1246.jpg	 1.242041e+02	 24	 999000	 240	 999000	 999	 1.252209e+02	 783.34	 783.34	 40.00	 28	 0.39	 
MRI_faces_135	 1	 14	 1073.jpg	 1.271976e+02	 11	 9.770577e+02	 110	 7.836605e+02	 98	 1.282143e+02	 800.01	 783.34	 7.00	 11	 0.78	 
MRI_faces_135	 1	 14	 2229.jpg	 1.311978e+02	 22	 9.259005e+02	 220	 7.836162e+02	 98	 1.322144e+02	 800.01	 800.01	 47.00	 58	 0.34	 
MRI_faces_135	 1	 14	 2149.jpg	 1.341978e+02	 24	 999000	 240	 999000	 999	 1.352144e+02	 800.01	 800.01	 48.00	 49	 0.31	 
MRI_faces_135	 1	 14	 1216.jpg	 1.381979e+02	 12	 999000	 120	 999000	 999	 1.392145e+02	 800.01	 800.01	 19.00	 26	 0.65	 
MRI_faces_135	 1	 14	 2006.jpg	 1.411979e+02	 22	 1.059724e+03	 2200	 8.002858e+02	 98	 1.422145e+02	 800.01	 750.01	 45.00	 31	 0.36	 
MRI_faces_135	 1	 14	 2112.jpg	 1.431981e+02	 12	 999000	 120	 999000	 999	 1.442146e+02	 800.01	 750.01	 21.00	 45	 0.58	 
MRI_faces_135	 1	 14	 1007.jpg	 1.461979e+02	 12	 999000	 120	 999000	 999	 1.472146e+02	 800.01	 750.01	 20.00	 1	 0.59	 
MRI_faces_135	 1	 14	 1127.jpg	 1.491980e+02	 24	 999000	 240	 999000	 999	 1.502146e+02	 800.01	 750.01	 46.00	 14	 0.35	 
MRI_faces_135	 1	 14	 2153.jpg	 1.541981e+02	 11	 1.057584e+03	 1100	 8.002789e+02	 98	 1.552148e+02	 750.01	 750.01	 15.00	 50	 0.67	 
MRI_faces_135	 1	 14	 2240.jpg	 1.561981e+02	 24	 999000	 240	 999000	 999	 1.572145e+02	 750.01	 750.01	 56.00	 59	 0.19	 
MRI_faces_135	 1	 14	 1226.jpg	 1.581981e+02	 11	 9.625515e+02	 110	 7.502638e+02	 98	 1.592148e+02	 766.67	 750.01	 13.00	 27	 0.69	 
MRI_faces_135	 1	 14	 1146.jpg	 1.621982e+02	 12	 999000	 120	 999000	 999	 1.632149e+02	 766.67	 750.01	 22.00	 17	 0.57	 
MRI_faces_135	 1	 14	 1060.jpg	 1.691983e+02	 24	 999000	 240	 999000	 999	 1.702149e+02	 766.67	 750.01	 57.00	 10	 0.14	 
MRI_faces_135	 1	 14	 2063.jpg	 1.711981e+02	 24	 999000	 240	 999000	 999	 1.722150e+02	 766.67	 750.01	 42.00	 41	 0.39	 
MRI_faces_135	 1	 14	 1202.jpg	 1.731982e+02	 12	 999000	 120	 999000	 999	 1.742151e+02	 766.67	 750.01	 11.00	 23	 0.70	 
MRI_faces_135	 1	 14	 2128.jpg	 1.751982e+02	 24	 999000	 240	 999000	 999	 1.762151e+02	 766.67	 750.01	 51.00	 48	 0.26	 
MRI_faces_135	 1	 14	 2010.jpg	 1.771983e+02	 22	 1.045410e+03	 2200	 7.502787e+02	 98	 1.782151e+02	 766.67	 700.01	 52.00	 32	 0.25	 
MRI_faces_135	 1	 14	 2024.jpg	 1.791982e+02	 24	 999000	 240	 999000	 999	 1.802151e+02	 766.67	 700.01	 54.00	 34	 0.24	 
MRI_faces_135	 1	 14	 2212.jpg	 1.821983e+02	 24	 999000	 240	 999000	 999	 1.832149e+02	 766.67	 700.01	 39.00	 56	 0.40	 
MRI_faces_135	 1	 14	 2058.jpg	 1.841985e+02	 22	 9.501946e+02	 220	 7.002726e+02	 98	 1.852152e+02	 766.67	 716.67	 50.00	 40	 0.26	 
MRI_faces_135	 1	 14	 1114.jpg	 1.861985e+02	 12	 999000	 120	 999000	 999	 1.872149e+02	 766.67	 716.67	 16.00	 13	 0.66	 
MRI_faces_135	 1	 14	 1017.jpg	 1.901989e+02	 12	 999000	 120	 999000	 999	 1.912157e+02	 766.67	 716.67	 3.00	 3	 0.85	 
MRI_faces_135	 1	 14	 1052.jpg	 1.941996e+02	 12	 999000	 120	 999000	 999	 1.952164e+02	 766.67	 716.67	 17.00	 9	 0.66	 
MRI_faces_135	 1	 14	 2110.jpg	 2.002007e+02	 24	 999000	 240	 999000	 999	 2.012174e+02	 766.67	 716.67	 58.00	 44	 0.13	 
MRI_faces_135	 1	 14	 2089.jpg	 2.022012e+02	 24	 999000	 240	 999000	 999	 2.032180e+02	 766.67	 716.67	 49.00	 42	 0.30	 
MRI_faces_135	 1	 14	 2118.jpg	 2.042016e+02	 11	 9.960685e+02	 110	 7.669221e+02	 98	 2.052183e+02	 783.34	 716.67	 12.00	 46	 0.69	 
MRI_faces_135	 1	 14	 2094.jpg	 2.062019e+02	 12	 999000	 120	 999000	 999	 2.072187e+02	 783.34	 716.67	 8.00	 43	 0.78	 
MRI_faces_135	 1	 14	 1255.jpg	 2.101989e+02	 12	 999000	 120	 999000	 999	 2.112158e+02	 783.34	 716.67	 5.00	 29	 0.80	 
MRI_faces_135	 1	 14	 2248.jpg	 2.122028e+02	 24	 999000	 240	 999000	 999	 2.132195e+02	 783.34	 716.67	 43.00	 60	 0.37	 
MRI_faces_135	 1	 14	 1019.jpg	 2.141987e+02	 11	 9.759346e+02	 110	 7.836747e+02	 98	 2.152156e+02	 800.01	 716.67	 10.00	 4	 0.72	 
MRI_faces_135	 1	 14	 1027.jpg	 2.161989e+02	 12	 999000	 120	 999000	 999	 2.172156e+02	 800.01	 716.67	 6.00	 5	 0.80	 
MRI_faces_135	 1	 14	 1050.jpg	 2.201991e+02	 11	 1.006567e+03	 1100	 8.002588e+02	 98	 2.212189e+02	 750.01	 716.67	 18.00	 8	 0.66	 
MRI_faces_135	 1	 14	 2053.jpg	 2.241991e+02	 12	 999000	 120	 999000	 999	 2.252158e+02	 750.01	 716.67	 4.00	 39	 0.83	 
MRI_faces_135	 1	 14	 2194.jpg	 2.271992e+02	 22	 8.844896e+02	 220	 7.169405e+02	 98	 2.282158e+02	 750.01	 733.34	 44.00	 54	 0.37	 
MRI_faces_135	 1	 14	 2041.jpg	 2.321992e+02	 24	 999000	 240	 999000	 999	 2.332157e+02	 750.01	 733.34	 41.00	 36	 0.39	 
MRI_faces_135	 1	 14	 2015.jpg	 2.341992e+02	 24	 999000	 240	 999000	 999	 2.352159e+02	 750.01	 733.34	 55.00	 33	 0.19	 
MRI_faces_135	 1	 14	 2045.jpg	 2.371992e+02	 22	 9.764323e+02	 220	 7.336544e+02	 98	 2.382160e+02	 750.01	 750.01	 53.00	 38	 0.24	 
MRI_faces_135	 1	 14	 1210.jpg	 2.411993e+02	 12	 999000	 120	 999000	 999	 2.422157e+02	 750.01	 750.01	 14.00	 25	 0.69	 
MRI_faces_135	 1	 14	 1035.jpg	 2.441995e+02	 12	 999000	 120	 999000	 999	 2.452161e+02	 750.01	 750.01	 9.00	 7	 0.76	 
