subjectID	 order	 runNum	 itemName	 onsetTime	 shuff_trialType	 RT	 respInTime	 AudioTime	 response	 fixationTime	 ladder1	 ladder2	 bidIndex	 itemNameIndex	 bidValue	 
MRI_faces_147	 1	 14	 2155.jpg	 1.240951e+02	 24	 999000	 240	 999000	 999	 1.251118e+02	 649.99	 649.98	 40.00	 51	 0.36	 
MRI_faces_147	 1	 14	 2153.jpg	 1.280955e+02	 12	 999000	 120	 999000	 999	 1.291123e+02	 649.99	 649.98	 16.00	 50	 0.70	 
MRI_faces_147	 1	 14	 2010.jpg	 1.300960e+02	 22	 9.290508e+02	 220	 6.502726e+02	 98	 1.311128e+02	 649.99	 666.65	 52.00	 32	 0.24	 
MRI_faces_147	 1	 14	 1019.jpg	 1.350966e+02	 12	 999000	 120	 999000	 999	 1.361133e+02	 649.99	 666.65	 11.00	 4	 0.74	 
MRI_faces_147	 1	 14	 1007.jpg	 1.370973e+02	 12	 999000	 120	 999000	 999	 1.381140e+02	 649.99	 666.65	 17.00	 1	 0.67	 
MRI_faces_147	 1	 14	 1150.jpg	 1.390975e+02	 24	 999000	 240	 999000	 999	 1.401145e+02	 649.99	 666.65	 48.00	 18	 0.29	 
MRI_faces_147	 1	 14	 2209.jpg	 1.430979e+02	 22	 9.420623e+02	 220	 6.669431e+02	 98	 1.441151e+02	 649.99	 683.31	 50.00	 55	 0.26	 
MRI_faces_147	 1	 14	 1255.jpg	 1.450987e+02	 11	 8.953703e+02	 110	 6.503139e+02	 98	 1.461153e+02	 666.66	 683.31	 7.00	 29	 0.81	 
MRI_faces_147	 1	 14	 2181.jpg	 1.470989e+02	 12	 999000	 120	 999000	 999	 1.481158e+02	 666.66	 683.31	 9.00	 53	 0.77	 
MRI_faces_147	 1	 14	 1183.jpg	 1.500995e+02	 24	 999000	 240	 999000	 999	 1.511162e+02	 666.66	 683.31	 43.00	 20	 0.33	 
MRI_faces_147	 1	 14	 1073.jpg	 1.520998e+02	 12	 999000	 120	 999000	 999	 1.531166e+02	 666.66	 683.31	 6.00	 11	 0.82	 
MRI_faces_147	 1	 14	 1216.jpg	 1.561004e+02	 11	 8.825795e+02	 110	 6.669383e+02	 98	 1.571173e+02	 683.32	 683.31	 10.00	 26	 0.76	 
MRI_faces_147	 1	 14	 2039.jpg	 1.621015e+02	 12	 999000	 120	 999000	 999	 1.631183e+02	 683.32	 683.31	 20.00	 35	 0.66	 
MRI_faces_147	 1	 14	 2128.jpg	 1.651021e+02	 24	 999000	 240	 999000	 999	 1.661191e+02	 683.32	 683.31	 41.00	 48	 0.36	 
MRI_faces_147	 1	 14	 2212.jpg	 1.671025e+02	 24	 999000	 240	 999000	 999	 1.681192e+02	 683.32	 683.31	 39.00	 56	 0.37	 
MRI_faces_147	 1	 14	 2125.jpg	 1.691029e+02	 11	 9.241132e+02	 110	 6.836094e+02	 98	 1.701196e+02	 699.99	 683.31	 18.00	 47	 0.67	 
MRI_faces_147	 1	 14	 1060.jpg	 1.711031e+02	 12	 999000	 120	 999000	 999	 1.721199e+02	 699.99	 683.31	 19.00	 10	 0.66	 
MRI_faces_147	 1	 14	 2058.jpg	 1.731037e+02	 24	 999000	 240	 999000	 999	 1.741203e+02	 699.99	 683.31	 51.00	 40	 0.26	 
MRI_faces_147	 1	 14	 1080.jpg	 1.761040e+02	 12	 999000	 120	 999000	 999	 1.771209e+02	 699.99	 683.31	 14.00	 12	 0.73	 
MRI_faces_147	 1	 14	 2218.jpg	 1.801047e+02	 22	 9.022933e+02	 220	 6.835775e+02	 98	 1.811215e+02	 699.99	 699.98	 45.00	 57	 0.30	 
MRI_faces_147	 1	 14	 1050.jpg	 1.831052e+02	 11	 9.988307e+02	 110	 7.002670e+02	 98	 1.841220e+02	 716.66	 699.98	 15.00	 8	 0.70	 
MRI_faces_147	 1	 14	 1226.jpg	 1.871059e+02	 22	 9.020926e+02	 220	 7.002689e+02	 98	 1.881228e+02	 716.66	 716.65	 47.00	 27	 0.29	 
MRI_faces_147	 1	 14	 2043.jpg	 1.920960e+02	 24	 999000	 240	 999000	 999	 1.931127e+02	 716.66	 716.65	 42.00	 37	 0.34	 
MRI_faces_147	 1	 14	 2112.jpg	 1.960961e+02	 12	 999000	 120	 999000	 999	 1.971128e+02	 716.66	 716.65	 4.00	 45	 0.84	 
MRI_faces_147	 1	 14	 1192.jpg	 1.990961e+02	 24	 999000	 240	 999000	 999	 2.001128e+02	 716.66	 716.65	 56.00	 22	 0.19	 
MRI_faces_147	 1	 14	 2164.jpg	 2.010962e+02	 24	 999000	 240	 999000	 999	 2.021128e+02	 716.66	 716.65	 58.00	 52	 0.18	 
MRI_faces_147	 1	 14	 1114.jpg	 2.030963e+02	 12	 999000	 120	 999000	 999	 2.041129e+02	 716.66	 716.65	 22.00	 13	 0.64	 
MRI_faces_147	 1	 14	 2248.jpg	 2.100961e+02	 12	 999000	 120	 999000	 999	 2.111126e+02	 716.66	 716.65	 21.00	 60	 0.65	 
MRI_faces_147	 1	 14	 2110.jpg	 2.130963e+02	 24	 999000	 240	 999000	 999	 2.141130e+02	 716.66	 716.65	 54.00	 44	 0.20	 
MRI_faces_147	 1	 14	 1013.jpg	 2.150962e+02	 11	 1.002897e+03	 1100	 7.169092e+02	 98	 2.161131e+02	 666.66	 716.65	 13.00	 2	 0.73	 
MRI_faces_147	 1	 14	 2094.jpg	 2.190963e+02	 24	 999000	 240	 999000	 999	 2.201131e+02	 666.66	 716.65	 49.00	 43	 0.27	 
MRI_faces_147	 1	 14	 2015.jpg	 2.210965e+02	 22	 1.006480e+03	 2200	 7.169071e+02	 98	 2.221131e+02	 666.66	 666.65	 44.00	 33	 0.31	 
MRI_faces_147	 1	 14	 2006.jpg	 2.240966e+02	 12	 999000	 120	 999000	 999	 2.251130e+02	 666.66	 666.65	 5.00	 31	 0.83	 
MRI_faces_147	 1	 14	 2089.jpg	 2.260964e+02	 24	 999000	 240	 999000	 999	 2.271133e+02	 666.66	 666.65	 46.00	 42	 0.30	 
MRI_faces_147	 1	 14	 2194.jpg	 2.300968e+02	 22	 9.791831e+02	 220	 6.669147e+02	 98	 2.311135e+02	 666.66	 683.31	 53.00	 54	 0.21	 
MRI_faces_147	 1	 14	 1204.jpg	 2.320974e+02	 24	 999000	 240	 999000	 999	 2.331140e+02	 666.66	 683.31	 57.00	 24	 0.18	 
MRI_faces_147	 1	 14	 1035.jpg	 2.360979e+02	 12	 999000	 120	 999000	 999	 2.371147e+02	 666.66	 683.31	 8.00	 7	 0.80	 
MRI_faces_147	 1	 14	 2149.jpg	 2.390984e+02	 24	 999000	 240	 999000	 999	 2.401152e+02	 666.66	 683.31	 55.00	 49	 0.19	 
MRI_faces_147	 1	 14	 1027.jpg	 2.410989e+02	 11	 1.060073e+03	 1100	 6.669377e+02	 98	 2.421158e+02	 616.66	 683.31	 12.00	 5	 0.73	 
MRI_faces_147	 1	 14	 1202.jpg	 2.440993e+02	 12	 999000	 120	 999000	 999	 2.451161e+02	 616.66	 683.31	 3.00	 23	 0.87	 
