subjectID	 order	 runNum	 itemName	 onsetTime	 shuff_trialType	 RT	 respInTime	 AudioTime	 response	 fixationTime	 ladder1	 ladder2	 bidIndex	 itemNameIndex	 bidValue	 
MRI_faces_146	 2	 8	 2248.jpg	 1.242474e+02	 12	 999000	 120	 999000	 999	 1.252641e+02	 450.02	 583.33	 7.00	 60	 0.81	 
MRI_faces_146	 2	 8	 2110.jpg	 1.262474e+02	 24	 999000	 240	 999000	 999	 1.272641e+02	 450.02	 583.33	 55.00	 44	 0.20	 
MRI_faces_146	 2	 8	 1204.jpg	 1.292474e+02	 24	 999000	 240	 999000	 999	 1.302641e+02	 450.02	 583.33	 42.00	 24	 0.36	 
MRI_faces_146	 2	 8	 2063.jpg	 1.322475e+02	 12	 999000	 120	 999000	 999	 1.332643e+02	 450.02	 583.33	 21.00	 41	 0.62	 
MRI_faces_146	 2	 8	 1060.jpg	 1.342475e+02	 24	 999000	 240	 999000	 999	 1.352642e+02	 450.02	 583.33	 41.00	 10	 0.36	 
MRI_faces_146	 2	 8	 2118.jpg	 1.382476e+02	 12	 999000	 120	 999000	 999	 1.392643e+02	 450.02	 583.33	 19.00	 46	 0.65	 
MRI_faces_146	 2	 8	 2153.jpg	 1.432477e+02	 11	 1.360267e+03	 1100	 4.503002e+02	 98	 1.442644e+02	 400.02	 583.33	 8.00	 50	 0.80	 
MRI_faces_146	 2	 8	 2053.jpg	 1.452478e+02	 12	 999000	 120	 999000	 999	 1.462644e+02	 400.02	 583.33	 20.00	 39	 0.62	 
MRI_faces_146	 2	 8	 1027.jpg	 1.482478e+02	 22	 8.871347e+02	 220	 5.836360e+02	 98	 1.492647e+02	 400.02	 600.00	 48.00	 5	 0.28	 
MRI_faces_146	 2	 8	 2229.jpg	 1.502481e+02	 12	 999000	 120	 999000	 999	 1.512650e+02	 400.02	 600.00	 5.00	 58	 0.82	 
MRI_faces_146	 2	 8	 2209.jpg	 1.562492e+02	 11	 6.698015e+02	 110	 4.002965e+02	 98	 1.572660e+02	 416.69	 600.00	 14.00	 55	 0.73	 
MRI_faces_146	 2	 8	 2045.jpg	 1.592479e+02	 22	 9.460259e+02	 220	 6.003168e+02	 98	 1.602667e+02	 416.69	 616.66	 49.00	 38	 0.28	 
MRI_faces_146	 2	 8	 2181.jpg	 1.642480e+02	 11	 6.899815e+02	 110	 4.169651e+02	 98	 1.652646e+02	 433.35	 616.66	 11.00	 53	 0.76	 
MRI_faces_146	 2	 8	 2010.jpg	 1.662480e+02	 12	 999000	 120	 999000	 999	 1.672646e+02	 433.35	 616.66	 10.00	 32	 0.78	 
MRI_faces_146	 2	 8	 2155.jpg	 1.682481e+02	 22	 1.219924e+03	 2200	 6.169414e+02	 98	 1.692647e+02	 433.35	 566.66	 43.00	 51	 0.36	 
MRI_faces_146	 2	 8	 2240.jpg	 1.722482e+02	 11	 7.197758e+02	 110	 4.336275e+02	 98	 1.732648e+02	 450.02	 566.66	 9.00	 59	 0.79	 
MRI_faces_146	 2	 8	 1150.jpg	 1.742482e+02	 24	 999000	 240	 999000	 999	 1.752649e+02	 450.02	 566.66	 56.00	 18	 0.17	 
MRI_faces_146	 2	 8	 2058.jpg	 1.772482e+02	 12	 999000	 120	 999000	 999	 1.782648e+02	 450.02	 566.66	 12.00	 40	 0.75	 
MRI_faces_146	 2	 8	 2128.jpg	 1.802483e+02	 12	 999000	 120	 999000	 999	 1.812650e+02	 450.02	 566.66	 15.00	 48	 0.72	 
MRI_faces_146	 2	 8	 2149.jpg	 1.832373e+02	 24	 999000	 240	 999000	 999	 1.842541e+02	 450.02	 566.66	 45.00	 49	 0.33	 
MRI_faces_146	 2	 8	 1127.jpg	 1.852483e+02	 24	 999000	 240	 999000	 999	 1.862651e+02	 450.02	 566.66	 50.00	 14	 0.26	 
MRI_faces_146	 2	 8	 2218.jpg	 1.892383e+02	 11	 1.187647e+03	 1100	 4.503333e+02	 98	 1.902552e+02	 400.02	 566.66	 16.00	 57	 0.72	 
MRI_faces_146	 2	 8	 1183.jpg	 1.912386e+02	 24	 999000	 240	 999000	 999	 1.922555e+02	 400.02	 566.66	 44.00	 20	 0.34	 
MRI_faces_146	 2	 8	 1146.jpg	 1.932484e+02	 24	 999000	 240	 999000	 999	 1.942651e+02	 400.02	 566.66	 39.00	 17	 0.39	 
MRI_faces_146	 2	 8	 1192.jpg	 1.952393e+02	 24	 999000	 240	 999000	 999	 1.962563e+02	 400.02	 566.66	 57.00	 22	 0.16	 
MRI_faces_146	 2	 8	 2089.jpg	 1.972397e+02	 12	 999000	 120	 999000	 999	 1.982567e+02	 400.02	 566.66	 6.00	 42	 0.82	 
MRI_faces_146	 2	 8	 1226.jpg	 2.012485e+02	 24	 999000	 240	 999000	 999	 2.022652e+02	 400.02	 566.66	 58.00	 27	 0.13	 
MRI_faces_146	 2	 8	 2041.jpg	 2.052487e+02	 11	 6.343303e+02	 110	 4.002746e+02	 98	 2.062653e+02	 416.69	 566.66	 17.00	 36	 0.70	 
MRI_faces_146	 2	 8	 2125.jpg	 2.092487e+02	 12	 999000	 120	 999000	 999	 2.102654e+02	 416.69	 566.66	 4.00	 47	 0.83	 
MRI_faces_146	 2	 8	 1210.jpg	 2.122487e+02	 22	 8.682298e+02	 220	 5.669587e+02	 98	 2.132654e+02	 416.69	 583.33	 46.00	 25	 0.30	 
MRI_faces_146	 2	 8	 1080.jpg	 2.142427e+02	 12	 999000	 120	 999000	 999	 2.152596e+02	 416.69	 583.33	 13.00	 12	 0.75	 
MRI_faces_146	 2	 8	 1130.jpg	 2.162488e+02	 24	 999000	 240	 999000	 999	 2.172655e+02	 416.69	 583.33	 40.00	 15	 0.38	 
MRI_faces_146	 2	 8	 1262.jpg	 2.182488e+02	 22	 1.033205e+03	 2200	 5.836076e+02	 98	 2.192655e+02	 416.69	 533.33	 51.00	 30	 0.25	 
MRI_faces_146	 2	 8	 1031.jpg	 2.202488e+02	 12	 999000	 120	 999000	 999	 2.212656e+02	 416.69	 533.33	 22.00	 6	 0.62	 
MRI_faces_146	 2	 8	 2194.jpg	 2.242447e+02	 24	 999000	 240	 999000	 999	 2.252613e+02	 416.69	 533.33	 53.00	 54	 0.23	 
MRI_faces_146	 2	 8	 1255.jpg	 2.262449e+02	 12	 999000	 120	 999000	 999	 2.272616e+02	 416.69	 533.33	 18.00	 29	 0.65	 
MRI_faces_146	 2	 8	 2094.jpg	 2.332461e+02	 24	 999000	 240	 999000	 999	 2.342629e+02	 416.69	 533.33	 52.00	 43	 0.23	 
MRI_faces_146	 2	 8	 1019.jpg	 2.372468e+02	 22	 7.601803e+02	 220	 5.336175e+02	 98	 2.382658e+02	 416.69	 550.00	 54.00	 4	 0.21	 
MRI_faces_146	 2	 8	 2006.jpg	 2.402491e+02	 12	 999000	 120	 999000	 999	 2.412659e+02	 416.69	 550.00	 3.00	 31	 0.85	 
MRI_faces_146	 2	 8	 1013.jpg	 2.442480e+02	 24	 999000	 240	 999000	 999	 2.452658e+02	 416.69	 550.00	 47.00	 2	 0.30	 
