subjectID	 order	 runNum	 itemName	 onsetTime	 shuff_trialType	 RT	 respInTime	 AudioTime	 response	 fixationTime	 ladder1	 ladder2	 bidIndex	 itemNameIndex	 bidValue	 
MRI_faces_125	 1	 13	 2043.jpg	 2.408271e+00	 22	 9.709176e+02	 220	 8.190239e+02	 98	 3.425606e+00	 816.67	 833.34	 47.00	 37	 0.30	 
MRI_faces_125	 1	 13	 1073.jpg	 5.396642e+00	 24	 999000	 240	 999000	 999	 6.413539e+00	 816.67	 833.34	 43.00	 11	 0.37	 
MRI_faces_125	 1	 13	 2015.jpg	 9.397450e+00	 12	 999000	 120	 999000	 999	 1.041424e+01	 816.67	 833.34	 5.00	 33	 0.83	 
MRI_faces_125	 1	 13	 2094.jpg	 1.239802e+01	 11	 9.961712e+02	 110	 8.189117e+02	 98	 1.341471e+01	 833.34	 833.34	 15.00	 43	 0.71	 
MRI_faces_125	 1	 13	 1027.jpg	 1.639863e+01	 22	 9.925607e+02	 220	 8.350467e+02	 98	 1.743209e+01	 833.34	 850.00	 52.00	 5	 0.25	 
MRI_faces_125	 1	 13	 2229.jpg	 1.939923e+01	 12	 999000	 120	 999000	 999	 2.041601e+01	 833.34	 850.00	 20.00	 58	 0.62	 
MRI_faces_125	 1	 13	 2010.jpg	 2.139955e+01	 12	 999000	 120	 999000	 999	 2.241630e+01	 833.34	 850.00	 19.00	 32	 0.63	 
MRI_faces_125	 1	 13	 1146.jpg	 2.440010e+01	 24	 999000	 240	 999000	 999	 2.541687e+01	 833.34	 850.00	 49.00	 17	 0.27	 
MRI_faces_125	 1	 13	 1019.jpg	 2.740057e+01	 24	 999000	 240	 999000	 999	 2.841738e+01	 833.34	 850.00	 42.00	 4	 0.38	 
MRI_faces_125	 1	 13	 1145.jpg	 3.240145e+01	 24	 999000	 240	 999000	 999	 3.341829e+01	 833.34	 850.00	 54.00	 16	 0.22	 
MRI_faces_125	 1	 13	 1202.jpg	 3.440186e+01	 11	 1.022385e+03	 1100	 8.336017e+02	 98	 3.543606e+01	 783.34	 850.00	 10.00	 23	 0.76	 
MRI_faces_125	 1	 13	 1150.jpg	 3.640216e+01	 24	 999000	 240	 999000	 999	 3.741899e+01	 783.34	 850.00	 58.00	 18	 0.18	 
MRI_faces_125	 1	 13	 2089.jpg	 4.039182e+01	 12	 999000	 120	 999000	 999	 4.140873e+01	 783.34	 850.00	 11.00	 42	 0.74	 
MRI_faces_125	 1	 13	 2118.jpg	 4.739199e+01	 12	 999000	 120	 999000	 999	 4.840857e+01	 783.34	 850.00	 9.00	 46	 0.78	 
MRI_faces_125	 1	 13	 2248.jpg	 4.939208e+01	 11	 9.341002e+02	 110	 7.836025e+02	 98	 5.040864e+01	 800.00	 850.00	 12.00	 60	 0.74	 
MRI_faces_125	 1	 13	 2039.jpg	 5.139205e+01	 22	 1.012284e+03	 2200	 8.502965e+02	 98	 5.243829e+01	 800.00	 800.00	 45.00	 35	 0.31	 
MRI_faces_125	 1	 13	 1204.jpg	 5.339209e+01	 24	 999000	 240	 999000	 999	 5.440868e+01	 800.00	 800.00	 57.00	 24	 0.19	 
MRI_faces_125	 1	 13	 1246.jpg	 5.539214e+01	 24	 999000	 240	 999000	 999	 5.640875e+01	 800.00	 800.00	 41.00	 28	 0.38	 
MRI_faces_125	 1	 13	 2006.jpg	 5.739219e+01	 12	 999000	 120	 999000	 999	 5.840876e+01	 800.00	 800.00	 3.00	 31	 0.88	 
MRI_faces_125	 1	 13	 2024.jpg	 6.039228e+01	 24	 999000	 240	 999000	 999	 6.140890e+01	 800.00	 800.00	 46.00	 34	 0.31	 
MRI_faces_125	 1	 13	 2240.jpg	 6.239222e+01	 12	 999000	 120	 999000	 999	 6.340892e+01	 800.00	 800.00	 17.00	 59	 0.66	 
MRI_faces_125	 1	 13	 1192.jpg	 6.439227e+01	 24	 999000	 240	 999000	 999	 6.540884e+01	 800.00	 800.00	 55.00	 22	 0.20	 
MRI_faces_125	 1	 13	 1035.jpg	 6.839225e+01	 11	 9.809367e+02	 110	 8.002571e+02	 98	 6.940899e+01	 816.67	 800.00	 7.00	 7	 0.80	 
MRI_faces_125	 1	 13	 2164.jpg	 7.239244e+01	 22	 9.357469e+02	 220	 8.003146e+02	 98	 7.340900e+01	 816.67	 816.67	 44.00	 52	 0.37	 
MRI_faces_125	 1	 13	 2110.jpg	 7.839291e+01	 24	 999000	 240	 999000	 999	 7.940974e+01	 816.67	 816.67	 48.00	 44	 0.28	 
MRI_faces_125	 1	 13	 1017.jpg	 8.039327e+01	 12	 999000	 120	 999000	 999	 8.141008e+01	 816.67	 816.67	 22.00	 3	 0.59	 
MRI_faces_125	 1	 13	 1114.jpg	 8.239365e+01	 12	 999000	 120	 999000	 999	 8.341040e+01	 816.67	 816.67	 14.00	 13	 0.71	 
MRI_faces_125	 1	 13	 1216.jpg	 8.439392e+01	 24	 999000	 240	 999000	 999	 8.541073e+01	 816.67	 816.67	 39.00	 26	 0.40	 
MRI_faces_125	 1	 13	 2125.jpg	 8.839460e+01	 24	 999000	 240	 999000	 999	 8.941144e+01	 816.67	 816.67	 40.00	 47	 0.38	 
MRI_faces_125	 1	 13	 2112.jpg	 9.039504e+01	 12	 999000	 120	 999000	 999	 9.141190e+01	 816.67	 816.67	 16.00	 45	 0.66	 
MRI_faces_125	 1	 13	 2155.jpg	 9.239558e+01	 12	 999000	 120	 999000	 999	 9.341215e+01	 816.67	 816.67	 6.00	 51	 0.80	 
MRI_faces_125	 1	 13	 1031.jpg	 9.439565e+01	 11	 1.079539e+03	 1100	 8.169304e+02	 98	 9.541256e+01	 766.67	 816.67	 18.00	 6	 0.66	 
MRI_faces_125	 1	 13	 1007.jpg	 9.839648e+01	 12	 999000	 120	 999000	 999	 9.941323e+01	 766.67	 816.67	 21.00	 1	 0.60	 
MRI_faces_125	 1	 13	 2045.jpg	 1.023971e+02	 24	 999000	 240	 999000	 999	 1.034139e+02	 766.67	 816.67	 51.00	 38	 0.26	 
MRI_faces_125	 1	 13	 1173.jpg	 1.053976e+02	 22	 9.675462e+02	 220	 8.169234e+02	 98	 1.064144e+02	 766.67	 833.34	 53.00	 19	 0.23	 
MRI_faces_125	 1	 13	 1060.jpg	 1.103985e+02	 22	 9.807733e+02	 220	 8.336706e+02	 98	 1.114263e+02	 766.67	 850.00	 50.00	 10	 0.26	 
MRI_faces_125	 1	 13	 2212.jpg	 1.123989e+02	 12	 999000	 120	 999000	 999	 1.134157e+02	 766.67	 850.00	 4.00	 56	 0.83	 
MRI_faces_125	 1	 13	 2153.jpg	 1.153994e+02	 12	 999000	 120	 999000	 999	 1.164162e+02	 766.67	 850.00	 8.00	 50	 0.79	 
MRI_faces_125	 1	 13	 2041.jpg	 1.194001e+02	 11	 9.221275e+02	 110	 7.669387e+02	 98	 1.204169e+02	 783.34	 850.00	 13.00	 36	 0.73	 
MRI_faces_125	 1	 13	 1226.jpg	 1.224007e+02	 24	 999000	 240	 999000	 999	 1.234174e+02	 783.34	 850.00	 56.00	 27	 0.20	 
