subjectID	 order	 runNum	 itemName	 onsetTime	 shuff_trialType	 RT	 respInTime	 AudioTime	 response	 fixationTime	 ladder1	 ladder2	 bidIndex	 itemNameIndex	 bidValue	 
MRI_faces_147	 1	 4	 1073.jpg	 1.241087e+02	 12	 999000	 120	 999000	 999	 1.251254e+02	 583.33	 649.99	 6.00	 11	 0.82	 
MRI_faces_147	 1	 4	 2149.jpg	 1.271087e+02	 24	 999000	 240	 999000	 999	 1.281253e+02	 583.33	 649.99	 55.00	 49	 0.19	 
MRI_faces_147	 1	 4	 2209.jpg	 1.311088e+02	 22	 1.057759e+03	 2200	 6.503189e+02	 98	 1.321255e+02	 583.33	 599.99	 50.00	 55	 0.26	 
MRI_faces_147	 1	 4	 1150.jpg	 1.341088e+02	 24	 999000	 240	 999000	 999	 1.351255e+02	 583.33	 599.99	 48.00	 18	 0.29	 
MRI_faces_147	 1	 4	 2015.jpg	 1.381007e+02	 22	 8.639192e+02	 220	 6.002499e+02	 98	 1.391175e+02	 583.33	 616.66	 44.00	 33	 0.31	 
MRI_faces_147	 1	 4	 1204.jpg	 1.411011e+02	 24	 999000	 240	 999000	 999	 1.421180e+02	 583.33	 616.66	 57.00	 24	 0.18	 
MRI_faces_147	 1	 4	 1050.jpg	 1.431089e+02	 11	 9.026492e+02	 110	 5.836290e+02	 98	 1.441256e+02	 600.00	 616.66	 15.00	 8	 0.70	 
MRI_faces_147	 1	 4	 2039.jpg	 1.461090e+02	 12	 999000	 120	 999000	 999	 1.471257e+02	 600.00	 616.66	 20.00	 35	 0.66	 
MRI_faces_147	 1	 4	 2006.jpg	 1.491090e+02	 12	 999000	 120	 999000	 999	 1.501257e+02	 600.00	 616.66	 5.00	 31	 0.83	 
MRI_faces_147	 1	 4	 1060.jpg	 1.541035e+02	 12	 999000	 120	 999000	 999	 1.551202e+02	 600.00	 616.66	 19.00	 10	 0.66	 
MRI_faces_147	 1	 4	 2010.jpg	 1.561038e+02	 22	 8.368241e+02	 220	 6.169376e+02	 98	 1.571206e+02	 600.00	 633.32	 52.00	 32	 0.24	 
MRI_faces_147	 1	 4	 2155.jpg	 1.581093e+02	 24	 999000	 240	 999000	 999	 1.591259e+02	 600.00	 633.32	 40.00	 51	 0.36	 
MRI_faces_147	 1	 4	 1183.jpg	 1.621048e+02	 24	 999000	 240	 999000	 999	 1.631217e+02	 600.00	 633.32	 43.00	 20	 0.33	 
MRI_faces_147	 1	 4	 1080.jpg	 1.691061e+02	 12	 999000	 120	 999000	 999	 1.701229e+02	 600.00	 633.32	 14.00	 12	 0.73	 
MRI_faces_147	 1	 4	 1226.jpg	 1.711064e+02	 22	 1.051183e+03	 2200	 6.336042e+02	 98	 1.721233e+02	 600.00	 583.32	 47.00	 27	 0.29	 
MRI_faces_147	 1	 4	 2043.jpg	 1.731068e+02	 24	 999000	 240	 999000	 999	 1.741238e+02	 600.00	 583.32	 42.00	 37	 0.34	 
MRI_faces_147	 1	 4	 1202.jpg	 1.751071e+02	 12	 999000	 120	 999000	 999	 1.761240e+02	 600.00	 583.32	 3.00	 23	 0.87	 
MRI_faces_147	 1	 4	 1013.jpg	 1.771076e+02	 11	 8.630231e+02	 110	 6.002595e+02	 98	 1.781262e+02	 616.66	 583.32	 13.00	 2	 0.73	 
MRI_faces_147	 1	 4	 2110.jpg	 1.791079e+02	 24	 999000	 240	 999000	 999	 1.801261e+02	 616.66	 583.32	 54.00	 44	 0.20	 
MRI_faces_147	 1	 4	 2094.jpg	 1.821083e+02	 24	 999000	 240	 999000	 999	 1.831262e+02	 616.66	 583.32	 49.00	 43	 0.27	 
MRI_faces_147	 1	 4	 1019.jpg	 1.841096e+02	 12	 999000	 120	 999000	 999	 1.851262e+02	 616.66	 583.32	 11.00	 4	 0.74	 
MRI_faces_147	 1	 4	 1255.jpg	 1.860927e+02	 11	 8.758360e+02	 110	 6.169465e+02	 98	 1.871096e+02	 633.33	 583.32	 7.00	 29	 0.81	 
MRI_faces_147	 1	 4	 2089.jpg	 1.900931e+02	 24	 999000	 240	 999000	 999	 1.911099e+02	 633.33	 583.32	 46.00	 42	 0.30	 
MRI_faces_147	 1	 4	 1035.jpg	 1.940936e+02	 12	 999000	 120	 999000	 999	 1.951106e+02	 633.33	 583.32	 8.00	 7	 0.80	 
MRI_faces_147	 1	 4	 2218.jpg	 2.000949e+02	 22	 9.127069e+02	 220	 5.836081e+02	 98	 2.011117e+02	 633.33	 599.99	 45.00	 57	 0.30	 
MRI_faces_147	 1	 4	 2212.jpg	 2.020952e+02	 24	 999000	 240	 999000	 999	 2.031120e+02	 633.33	 599.99	 39.00	 56	 0.37	 
MRI_faces_147	 1	 4	 1216.jpg	 2.040956e+02	 11	 1.095982e+03	 1100	 6.336141e+02	 98	 2.051123e+02	 583.33	 599.99	 10.00	 26	 0.76	 
MRI_faces_147	 1	 4	 2164.jpg	 2.060959e+02	 24	 999000	 240	 999000	 999	 2.071128e+02	 583.33	 599.99	 58.00	 52	 0.18	 
MRI_faces_147	 1	 4	 1192.jpg	 2.100967e+02	 24	 999000	 240	 999000	 999	 2.111134e+02	 583.33	 599.99	 56.00	 22	 0.19	 
MRI_faces_147	 1	 4	 2153.jpg	 2.120971e+02	 12	 999000	 120	 999000	 999	 2.131137e+02	 583.33	 599.99	 16.00	 50	 0.70	 
MRI_faces_147	 1	 4	 2248.jpg	 2.140973e+02	 12	 999000	 120	 999000	 999	 2.151142e+02	 583.33	 599.99	 21.00	 60	 0.65	 
MRI_faces_147	 1	 4	 2058.jpg	 2.160976e+02	 24	 999000	 240	 999000	 999	 2.171145e+02	 583.33	 599.99	 51.00	 40	 0.26	 
MRI_faces_147	 1	 4	 2112.jpg	 2.200984e+02	 12	 999000	 120	 999000	 999	 2.211151e+02	 583.33	 599.99	 4.00	 45	 0.84	 
MRI_faces_147	 1	 4	 2125.jpg	 2.240993e+02	 11	 9.372929e+02	 110	 5.835873e+02	 98	 2.251158e+02	 600.00	 599.99	 18.00	 47	 0.67	 
MRI_faces_147	 1	 4	 1114.jpg	 2.270997e+02	 12	 999000	 120	 999000	 999	 2.281165e+02	 600.00	 599.99	 22.00	 13	 0.64	 
MRI_faces_147	 1	 4	 2194.jpg	 2.321005e+02	 22	 9.180743e+02	 220	 6.002606e+02	 98	 2.331173e+02	 600.00	 616.66	 53.00	 54	 0.21	 
MRI_faces_147	 1	 4	 1027.jpg	 2.341009e+02	 11	 8.897511e+02	 110	 6.002579e+02	 98	 2.351177e+02	 616.66	 616.66	 12.00	 5	 0.73	 
MRI_faces_147	 1	 4	 2128.jpg	 2.371014e+02	 24	 999000	 240	 999000	 999	 2.381181e+02	 616.66	 616.66	 41.00	 48	 0.36	 
MRI_faces_147	 1	 4	 2181.jpg	 2.411020e+02	 12	 999000	 120	 999000	 999	 2.421188e+02	 616.66	 616.66	 9.00	 53	 0.77	 
MRI_faces_147	 1	 4	 1007.jpg	 2.441026e+02	 12	 999000	 120	 999000	 999	 2.451194e+02	 616.66	 616.66	 17.00	 1	 0.67	 
