subjectID	 order	 runNum	 itemName	 onsetTime	 shuff_trialType	 RT	 respInTime	 AudioTime	 response	 fixationTime	 ladder1	 ladder2	 bidIndex	 itemNameIndex	 bidValue	 
MRI_faces_148	 2	 3	 1035.jpg	 2.429584e+00	 12	 999000	 120	 999000	 999	 3.447019e+00	 750.00	 816.66	 7.00	 7	 0.82	 
MRI_faces_148	 2	 3	 1246.jpg	 5.412597e+00	 24	 999000	 240	 999000	 999	 6.429284e+00	 750.00	 816.66	 42.00	 28	 0.33	 
MRI_faces_148	 2	 3	 2041.jpg	 9.413049e+00	 24	 999000	 240	 999000	 999	 1.043074e+01	 750.00	 816.66	 50.00	 36	 0.24	 
MRI_faces_148	 2	 3	 1127.jpg	 1.241359e+01	 24	 999000	 240	 999000	 999	 1.343035e+01	 750.00	 816.66	 57.00	 14	 0.15	 
MRI_faces_148	 2	 3	 2058.jpg	 1.641441e+01	 22	 1.092852e+03	 2200	 8.184428e+02	 98	 1.743116e+01	 750.00	 766.66	 54.00	 40	 0.22	 
MRI_faces_148	 2	 3	 2240.jpg	 1.941484e+01	 22	 9.984202e+02	 220	 7.669319e+02	 98	 2.043365e+01	 750.00	 783.33	 49.00	 59	 0.25	 
MRI_faces_148	 2	 3	 1150.jpg	 2.141519e+01	 22	 9.490747e+02	 220	 7.835808e+02	 98	 2.243193e+01	 750.00	 799.99	 48.00	 18	 0.27	 
MRI_faces_148	 2	 3	 1146.jpg	 2.441582e+01	 24	 999000	 240	 999000	 999	 2.543250e+01	 750.00	 799.99	 40.00	 17	 0.35	 
MRI_faces_148	 2	 3	 2128.jpg	 2.741630e+01	 24	 999000	 240	 999000	 999	 2.843311e+01	 750.00	 799.99	 47.00	 48	 0.27	 
MRI_faces_148	 2	 3	 2149.jpg	 3.241718e+01	 24	 999000	 240	 999000	 999	 3.343394e+01	 750.00	 799.99	 41.00	 49	 0.34	 
MRI_faces_148	 2	 3	 1031.jpg	 3.441742e+01	 12	 999000	 120	 999000	 999	 3.543447e+01	 750.00	 799.99	 13.00	 6	 0.76	 
MRI_faces_148	 2	 3	 2045.jpg	 3.641787e+01	 12	 999000	 120	 999000	 999	 3.743459e+01	 750.00	 799.99	 5.00	 38	 0.84	 
MRI_faces_148	 2	 3	 1262.jpg	 4.041852e+01	 11	 9.977417e+02	 110	 7.516993e+02	 98	 4.143534e+01	 766.67	 799.99	 9.00	 30	 0.81	 
MRI_faces_148	 2	 3	 2218.jpg	 4.741974e+01	 24	 999000	 240	 999000	 999	 4.843661e+01	 766.67	 799.99	 55.00	 57	 0.19	 
MRI_faces_148	 2	 3	 2194.jpg	 4.942014e+01	 24	 999000	 240	 999000	 999	 5.043699e+01	 766.67	 799.99	 56.00	 54	 0.18	 
MRI_faces_148	 2	 3	 2212.jpg	 5.142043e+01	 11	 9.528189e+02	 110	 7.669357e+02	 98	 5.243726e+01	 783.33	 799.99	 14.00	 56	 0.74	 
MRI_faces_148	 2	 3	 2010.jpg	 5.342086e+01	 24	 999000	 240	 999000	 999	 5.443763e+01	 783.33	 799.99	 39.00	 32	 0.40	 
MRI_faces_148	 2	 3	 1226.jpg	 5.542122e+01	 24	 999000	 240	 999000	 999	 5.643806e+01	 783.33	 799.99	 58.00	 27	 0.06	 
MRI_faces_148	 2	 3	 1080.jpg	 5.742159e+01	 12	 999000	 120	 999000	 999	 5.843830e+01	 783.33	 799.99	 15.00	 12	 0.73	 
MRI_faces_148	 2	 3	 2118.jpg	 6.042211e+01	 11	 1.038169e+03	 1100	 7.836028e+02	 98	 6.143892e+01	 733.33	 799.99	 16.00	 46	 0.72	 
MRI_faces_148	 2	 3	 2039.jpg	 6.242248e+01	 12	 999000	 120	 999000	 999	 6.343922e+01	 733.33	 799.99	 3.00	 35	 0.88	 
MRI_faces_148	 2	 3	 1183.jpg	 6.442273e+01	 24	 999000	 240	 999000	 999	 6.543966e+01	 733.33	 799.99	 53.00	 20	 0.24	 
MRI_faces_148	 2	 3	 2006.jpg	 6.842351e+01	 12	 999000	 120	 999000	 999	 6.944029e+01	 733.33	 799.99	 10.00	 31	 0.81	 
MRI_faces_148	 2	 3	 2164.jpg	 7.242419e+01	 24	 999000	 240	 999000	 999	 7.344099e+01	 733.33	 799.99	 44.00	 52	 0.30	 
MRI_faces_148	 2	 3	 2089.jpg	 7.842519e+01	 12	 999000	 120	 999000	 999	 7.944202e+01	 733.33	 799.99	 19.00	 42	 0.68	 
MRI_faces_148	 2	 3	 2063.jpg	 8.042563e+01	 12	 999000	 120	 999000	 999	 8.144238e+01	 733.33	 799.99	 20.00	 41	 0.63	 
MRI_faces_148	 2	 3	 1210.jpg	 8.242603e+01	 24	 999000	 240	 999000	 999	 8.344271e+01	 733.33	 799.99	 45.00	 25	 0.30	 
MRI_faces_148	 2	 3	 2043.jpg	 8.442632e+01	 12	 999000	 120	 999000	 999	 8.544308e+01	 733.33	 799.99	 22.00	 37	 0.58	 
MRI_faces_148	 2	 3	 2112.jpg	 8.841398e+01	 11	 9.933344e+02	 110	 7.335953e+02	 98	 8.943066e+01	 750.00	 799.99	 8.00	 45	 0.82	 
MRI_faces_148	 2	 3	 2181.jpg	 9.041395e+01	 12	 999000	 120	 999000	 999	 9.143071e+01	 750.00	 799.99	 6.00	 53	 0.84	 
MRI_faces_148	 2	 3	 2229.jpg	 9.241406e+01	 12	 999000	 120	 999000	 999	 9.343064e+01	 750.00	 799.99	 12.00	 58	 0.76	 
MRI_faces_148	 2	 3	 2155.jpg	 9.441407e+01	 22	 1.080193e+03	 2200	 8.002711e+02	 98	 9.543071e+01	 750.00	 749.99	 46.00	 51	 0.28	 
MRI_faces_148	 2	 3	 2125.jpg	 9.841417e+01	 12	 999000	 120	 999000	 999	 9.943049e+01	 750.00	 749.99	 4.00	 47	 0.87	 
MRI_faces_148	 2	 3	 1073.jpg	 1.024139e+02	 12	 999000	 120	 999000	 999	 1.034308e+02	 750.00	 749.99	 21.00	 11	 0.59	 
MRI_faces_148	 2	 3	 1027.jpg	 1.054142e+02	 12	 999000	 120	 999000	 999	 1.064309e+02	 750.00	 749.99	 18.00	 5	 0.69	 
MRI_faces_148	 2	 3	 1204.jpg	 1.104140e+02	 24	 999000	 240	 999000	 999	 1.114307e+02	 750.00	 749.99	 52.00	 24	 0.24	 
MRI_faces_148	 2	 3	 1173.jpg	 1.124142e+02	 22	 9.940274e+02	 220	 7.502817e+02	 98	 1.134316e+02	 750.00	 766.66	 51.00	 19	 0.24	 
MRI_faces_148	 2	 3	 2024.jpg	 1.154151e+02	 22	 1.080204e+03	 2200	 7.669352e+02	 98	 1.164320e+02	 750.00	 716.66	 43.00	 34	 0.32	 
MRI_faces_148	 2	 3	 2153.jpg	 1.194158e+02	 11	 9.444913e+02	 110	 7.502543e+02	 98	 1.204325e+02	 766.67	 716.66	 11.00	 50	 0.79	 
MRI_faces_148	 2	 3	 1050.jpg	 1.224164e+02	 11	 9.818768e+02	 110	 7.669908e+02	 98	 1.234332e+02	 783.33	 716.66	 17.00	 8	 0.71	 
