subjectID	 order	 runNum	 itemName	 onsetTime	 shuff_trialType	 RT	 respInTime	 AudioTime	 response	 fixationTime	 ladder1	 ladder2	 bidIndex	 itemNameIndex	 bidValue	 
MRI_faces_112	 2	 10	 1017.jpg	 1.241627e+02	 11	 8.736859e+02	 110	 7.169494e+02	 98	 1.251793e+02	 733.33	 716.66	 8.00	 3	 0.79	 
MRI_faces_112	 2	 10	 2006.jpg	 1.271516e+02	 12	 999000	 120	 999000	 999	 1.281684e+02	 733.33	 716.66	 10.00	 31	 0.72	 
MRI_faces_112	 2	 10	 2248.jpg	 1.311524e+02	 12	 999000	 120	 999000	 999	 1.321691e+02	 733.33	 716.66	 21.00	 60	 0.59	 
MRI_faces_112	 2	 10	 1060.jpg	 1.341528e+02	 24	 999000	 240	 999000	 999	 1.351697e+02	 733.33	 716.66	 57.00	 10	 0.15	 
MRI_faces_112	 2	 10	 2181.jpg	 1.381535e+02	 12	 999000	 120	 999000	 999	 1.391703e+02	 733.33	 716.66	 5.00	 53	 0.83	 
MRI_faces_112	 2	 10	 2024.jpg	 1.411540e+02	 12	 999000	 120	 999000	 999	 1.421708e+02	 733.33	 716.66	 19.00	 34	 0.60	 
MRI_faces_112	 2	 10	 1146.jpg	 1.431544e+02	 24	 999000	 240	 999000	 999	 1.441712e+02	 733.33	 716.66	 53.00	 17	 0.19	 
MRI_faces_112	 2	 10	 2155.jpg	 1.461549e+02	 24	 999000	 240	 999000	 999	 1.471717e+02	 733.33	 716.66	 39.00	 51	 0.40	 
MRI_faces_112	 2	 10	 2015.jpg	 1.491554e+02	 11	 9.249763e+02	 110	 7.335808e+02	 98	 1.501723e+02	 749.99	 716.66	 9.00	 33	 0.74	 
MRI_faces_112	 2	 10	 1246.jpg	 1.541563e+02	 22	 9.530982e+02	 220	 7.169680e+02	 98	 1.551733e+02	 749.99	 733.33	 54.00	 28	 0.18	 
MRI_faces_112	 2	 10	 1127.jpg	 1.561567e+02	 24	 999000	 240	 999000	 999	 1.571735e+02	 749.99	 733.33	 44.00	 14	 0.33	 
MRI_faces_112	 2	 10	 1210.jpg	 1.581570e+02	 24	 999000	 240	 999000	 999	 1.591738e+02	 749.99	 733.33	 42.00	 25	 0.38	 
MRI_faces_112	 2	 10	 1050.jpg	 1.621577e+02	 24	 999000	 240	 999000	 999	 1.631745e+02	 749.99	 733.33	 52.00	 8	 0.22	 
MRI_faces_112	 2	 10	 2212.jpg	 1.691591e+02	 11	 1.035262e+03	 1100	 7.502770e+02	 98	 1.701757e+02	 699.99	 733.33	 11.00	 56	 0.69	 
MRI_faces_112	 2	 10	 2153.jpg	 1.711593e+02	 24	 999000	 240	 999000	 999	 1.721761e+02	 699.99	 733.33	 45.00	 50	 0.33	 
MRI_faces_112	 2	 10	 2118.jpg	 1.731467e+02	 12	 999000	 120	 999000	 999	 1.741634e+02	 699.99	 733.33	 20.00	 46	 0.59	 
MRI_faces_112	 2	 10	 1204.jpg	 1.751467e+02	 22	 9.666467e+02	 220	 7.335922e+02	 98	 1.761635e+02	 699.99	 749.99	 46.00	 24	 0.33	 
MRI_faces_112	 2	 10	 1202.jpg	 1.771468e+02	 12	 999000	 120	 999000	 999	 1.781635e+02	 699.99	 749.99	 15.00	 23	 0.64	 
MRI_faces_112	 2	 10	 2112.jpg	 1.791469e+02	 12	 999000	 120	 999000	 999	 1.801635e+02	 699.99	 749.99	 12.00	 45	 0.68	 
MRI_faces_112	 2	 10	 2058.jpg	 1.821471e+02	 24	 999000	 240	 999000	 999	 1.831636e+02	 699.99	 749.99	 40.00	 40	 0.40	 
MRI_faces_112	 2	 10	 2125.jpg	 1.841470e+02	 24	 999000	 240	 999000	 999	 1.851636e+02	 699.99	 749.99	 41.00	 47	 0.40	 
MRI_faces_112	 2	 10	 2209.jpg	 1.861470e+02	 11	 9.323840e+02	 110	 7.002904e+02	 98	 1.871637e+02	 716.66	 749.99	 14.00	 55	 0.66	 
MRI_faces_112	 2	 10	 2089.jpg	 1.901472e+02	 12	 999000	 120	 999000	 999	 1.911636e+02	 716.66	 749.99	 6.00	 42	 0.81	 
MRI_faces_112	 2	 10	 1035.jpg	 1.941471e+02	 12	 999000	 120	 999000	 999	 1.951637e+02	 716.66	 749.99	 3.00	 7	 0.92	 
MRI_faces_112	 2	 10	 2194.jpg	 2.001477e+02	 24	 999000	 240	 999000	 999	 2.011645e+02	 716.66	 749.99	 55.00	 54	 0.17	 
MRI_faces_112	 2	 10	 1183.jpg	 2.021480e+02	 24	 999000	 240	 999000	 999	 2.031649e+02	 716.66	 749.99	 47.00	 20	 0.30	 
MRI_faces_112	 2	 10	 1145.jpg	 2.041484e+02	 12	 999000	 120	 999000	 999	 2.051652e+02	 716.66	 749.99	 7.00	 16	 0.80	 
MRI_faces_112	 2	 10	 2043.jpg	 2.061488e+02	 11	 1.013637e+03	 1100	 7.169536e+02	 98	 2.071682e+02	 666.66	 749.99	 16.00	 37	 0.63	 
MRI_faces_112	 2	 10	 2053.jpg	 2.101495e+02	 12	 999000	 120	 999000	 999	 2.111662e+02	 666.66	 749.99	 4.00	 39	 0.88	 
MRI_faces_112	 2	 10	 2063.jpg	 2.121498e+02	 12	 999000	 120	 999000	 999	 2.131666e+02	 666.66	 749.99	 13.00	 41	 0.67	 
MRI_faces_112	 2	 10	 2010.jpg	 2.141502e+02	 12	 999000	 120	 999000	 999	 2.151669e+02	 666.66	 749.99	 22.00	 32	 0.59	 
MRI_faces_112	 2	 10	 2110.jpg	 2.161505e+02	 22	 1.054883e+03	 2200	 7.502827e+02	 98	 2.171674e+02	 666.66	 699.99	 43.00	 44	 0.33	 
MRI_faces_112	 2	 10	 2039.jpg	 2.201514e+02	 12	 999000	 120	 999000	 999	 2.211680e+02	 666.66	 699.99	 18.00	 35	 0.61	 
MRI_faces_112	 2	 10	 1013.jpg	 2.241519e+02	 24	 999000	 240	 999000	 999	 2.251687e+02	 666.66	 699.99	 56.00	 2	 0.16	 
MRI_faces_112	 2	 10	 1255.jpg	 2.271525e+02	 11	 999000	 1	 6.669364e+02	 999	 2.281692e+02	 616.66	 699.99	 17.00	 29	 0.63	 
MRI_faces_112	 2	 10	 1192.jpg	 2.321534e+02	 22	 8.670246e+02	 220	 7.002748e+02	 98	 2.331701e+02	 616.66	 716.66	 51.00	 22	 0.22	 
MRI_faces_112	 2	 10	 1073.jpg	 2.341537e+02	 22	 8.796815e+02	 220	 7.169254e+02	 98	 2.351706e+02	 616.66	 733.33	 49.00	 11	 0.27	 
MRI_faces_112	 2	 10	 2128.jpg	 2.371541e+02	 22	 9.002565e+02	 220	 7.336224e+02	 98	 2.381710e+02	 616.66	 749.99	 48.00	 48	 0.28	 
MRI_faces_112	 2	 10	 1150.jpg	 2.411549e+02	 24	 999000	 240	 999000	 999	 2.421718e+02	 616.66	 749.99	 58.00	 18	 0.15	 
MRI_faces_112	 2	 10	 1019.jpg	 2.441554e+02	 24	 999000	 240	 999000	 999	 2.451722e+02	 616.66	 749.99	 50.00	 4	 0.27	 
