subjectID	 order	 runNum	 itemName	 onsetTime	 shuff_trialType	 RT	 respInTime	 AudioTime	 response	 fixationTime	 ladder1	 ladder2	 bidIndex	 itemNameIndex	 bidValue	 
MRI_faces_148	 2	 6	 1127.jpg	 1.242507e+02	 24	 999000	 240	 999000	 999	 1.252677e+02	 716.67	 716.66	 57.00	 14	 0.15	 
MRI_faces_148	 2	 6	 1146.jpg	 1.272512e+02	 24	 999000	 240	 999000	 999	 1.282680e+02	 716.67	 716.66	 40.00	 17	 0.35	 
MRI_faces_148	 2	 6	 1210.jpg	 1.312520e+02	 24	 999000	 240	 999000	 999	 1.322687e+02	 716.67	 716.66	 45.00	 25	 0.30	 
MRI_faces_148	 2	 6	 2118.jpg	 1.342525e+02	 11	 9.434513e+02	 110	 7.169484e+02	 98	 1.352693e+02	 733.34	 716.66	 16.00	 46	 0.72	 
MRI_faces_148	 2	 6	 1150.jpg	 1.382462e+02	 22	 8.988108e+02	 220	 7.169499e+02	 98	 1.392627e+02	 733.34	 733.33	 48.00	 18	 0.27	 
MRI_faces_148	 2	 6	 1027.jpg	 1.412461e+02	 12	 999000	 120	 999000	 999	 1.422628e+02	 733.34	 733.33	 18.00	 5	 0.69	 
MRI_faces_148	 2	 6	 1226.jpg	 1.432462e+02	 24	 999000	 240	 999000	 999	 1.442628e+02	 733.34	 733.33	 58.00	 27	 0.06	 
MRI_faces_148	 2	 6	 2212.jpg	 1.462462e+02	 11	 1.145751e+03	 1100	 7.336275e+02	 98	 1.472628e+02	 683.34	 733.33	 14.00	 56	 0.74	 
MRI_faces_148	 2	 6	 1031.jpg	 1.492463e+02	 12	 999000	 120	 999000	 999	 1.502629e+02	 683.34	 733.33	 13.00	 6	 0.76	 
MRI_faces_148	 2	 6	 1173.jpg	 1.542464e+02	 22	 9.306361e+02	 220	 7.336067e+02	 98	 1.552630e+02	 683.34	 749.99	 51.00	 19	 0.24	 
MRI_faces_148	 2	 6	 2112.jpg	 1.562464e+02	 11	 9.805909e+02	 110	 6.835990e+02	 98	 1.572633e+02	 700.00	 749.99	 8.00	 45	 0.82	 
MRI_faces_148	 2	 6	 1204.jpg	 1.582464e+02	 24	 999000	 240	 999000	 999	 1.592631e+02	 700.00	 749.99	 52.00	 24	 0.24	 
MRI_faces_148	 2	 6	 1262.jpg	 1.622464e+02	 11	 8.795665e+02	 110	 7.002665e+02	 98	 1.632631e+02	 716.67	 749.99	 9.00	 30	 0.81	 
MRI_faces_148	 2	 6	 2039.jpg	 1.692466e+02	 12	 999000	 120	 999000	 999	 1.702632e+02	 716.67	 749.99	 3.00	 35	 0.88	 
MRI_faces_148	 2	 6	 2024.jpg	 1.712466e+02	 22	 9.663467e+02	 220	 7.502660e+02	 98	 1.722632e+02	 716.67	 766.66	 43.00	 34	 0.32	 
MRI_faces_148	 2	 6	 2153.jpg	 1.732466e+02	 11	 8.963945e+02	 110	 7.169448e+02	 98	 1.742632e+02	 733.34	 766.66	 11.00	 50	 0.79	 
MRI_faces_148	 2	 6	 1183.jpg	 1.752466e+02	 24	 999000	 240	 999000	 999	 1.762634e+02	 733.34	 766.66	 53.00	 20	 0.24	 
MRI_faces_148	 2	 6	 2164.jpg	 1.772466e+02	 24	 999000	 240	 999000	 999	 1.782633e+02	 733.34	 766.66	 44.00	 52	 0.30	 
MRI_faces_148	 2	 6	 2041.jpg	 1.792467e+02	 24	 999000	 240	 999000	 999	 1.802634e+02	 733.34	 766.66	 50.00	 36	 0.24	 
MRI_faces_148	 2	 6	 1080.jpg	 1.822468e+02	 12	 999000	 120	 999000	 999	 1.832634e+02	 733.34	 766.66	 15.00	 12	 0.73	 
MRI_faces_148	 2	 6	 2006.jpg	 1.842467e+02	 12	 999000	 120	 999000	 999	 1.852634e+02	 733.34	 766.66	 10.00	 31	 0.81	 
MRI_faces_148	 2	 6	 2125.jpg	 1.862468e+02	 12	 999000	 120	 999000	 999	 1.872635e+02	 733.34	 766.66	 4.00	 47	 0.87	 
MRI_faces_148	 2	 6	 2043.jpg	 1.902469e+02	 12	 999000	 120	 999000	 999	 1.912635e+02	 733.34	 766.66	 22.00	 37	 0.58	 
MRI_faces_148	 2	 6	 1246.jpg	 1.942469e+02	 24	 999000	 240	 999000	 999	 1.952636e+02	 733.34	 766.66	 42.00	 28	 0.33	 
MRI_faces_148	 2	 6	 2010.jpg	 2.002475e+02	 24	 999000	 240	 999000	 999	 2.012643e+02	 733.34	 766.66	 39.00	 32	 0.40	 
MRI_faces_148	 2	 6	 2149.jpg	 2.022478e+02	 24	 999000	 240	 999000	 999	 2.032646e+02	 733.34	 766.66	 41.00	 49	 0.34	 
MRI_faces_148	 2	 6	 2181.jpg	 2.042481e+02	 12	 999000	 120	 999000	 999	 2.052649e+02	 733.34	 766.66	 6.00	 53	 0.84	 
MRI_faces_148	 2	 6	 2240.jpg	 2.062484e+02	 22	 1.006523e+03	 2200	 7.669143e+02	 98	 2.072654e+02	 733.34	 716.66	 49.00	 59	 0.25	 
MRI_faces_148	 2	 6	 2058.jpg	 2.102492e+02	 22	 9.168185e+02	 220	 7.169609e+02	 98	 2.112660e+02	 733.34	 733.33	 54.00	 40	 0.22	 
MRI_faces_148	 2	 6	 1073.jpg	 2.122495e+02	 12	 999000	 120	 999000	 999	 2.132663e+02	 733.34	 733.33	 21.00	 11	 0.59	 
MRI_faces_148	 2	 6	 2128.jpg	 2.142499e+02	 24	 999000	 240	 999000	 999	 2.152667e+02	 733.34	 733.33	 47.00	 48	 0.27	 
MRI_faces_148	 2	 6	 2045.jpg	 2.162503e+02	 12	 999000	 120	 999000	 999	 2.172673e+02	 733.34	 733.33	 5.00	 38	 0.84	 
MRI_faces_148	 2	 6	 2063.jpg	 2.202510e+02	 12	 999000	 120	 999000	 999	 2.212679e+02	 733.34	 733.33	 20.00	 41	 0.63	 
MRI_faces_148	 2	 6	 2089.jpg	 2.242516e+02	 12	 999000	 120	 999000	 999	 2.252684e+02	 733.34	 733.33	 19.00	 42	 0.68	 
MRI_faces_148	 2	 6	 1050.jpg	 2.272522e+02	 11	 1.042767e+03	 1100	 7.336074e+02	 98	 2.282690e+02	 683.34	 733.33	 17.00	 8	 0.71	 
MRI_faces_148	 2	 6	 1035.jpg	 2.322531e+02	 12	 999000	 120	 999000	 999	 2.332699e+02	 683.34	 733.33	 7.00	 7	 0.82	 
MRI_faces_148	 2	 6	 2218.jpg	 2.342534e+02	 24	 999000	 240	 999000	 999	 2.352703e+02	 683.34	 733.33	 55.00	 57	 0.19	 
MRI_faces_148	 2	 6	 2229.jpg	 2.372476e+02	 12	 999000	 120	 999000	 999	 2.382642e+02	 683.34	 733.33	 12.00	 58	 0.76	 
MRI_faces_148	 2	 6	 2194.jpg	 2.412477e+02	 24	 999000	 240	 999000	 999	 2.422643e+02	 683.34	 733.33	 56.00	 54	 0.18	 
MRI_faces_148	 2	 6	 2155.jpg	 2.442478e+02	 22	 9.632504e+02	 220	 7.336436e+02	 98	 2.452643e+02	 683.34	 749.99	 46.00	 51	 0.28	 
