subjectID	 order	 runNum	 itemName	 onsetTime	 shuff_trialType	 RT	 respInTime	 AudioTime	 response	 fixationTime	 ladder1	 ladder2	 bidIndex	 itemNameIndex	 bidValue	 
MRI_faces_144	 2	 1	 2212.jpg	 2.415984e+00	 12	 999000	 120	 999000	 999	 3.432893e+00	 750.00	 750.00	 6.00	 56	 0.81	 
MRI_faces_144	 2	 1	 1183.jpg	 6.397422e+00	 24	 999000	 240	 999000	 999	 7.414275e+00	 750.00	 750.00	 52.00	 20	 0.23	 
MRI_faces_144	 2	 1	 2089.jpg	 8.398146e+00	 12	 999000	 120	 999000	 999	 9.414632e+00	 750.00	 750.00	 21.00	 42	 0.63	 
MRI_faces_144	 2	 1	 1007.jpg	 1.339870e+01	 24	 999000	 240	 999000	 999	 1.441555e+01	 750.00	 750.00	 40.00	 1	 0.38	 
MRI_faces_144	 2	 1	 1013.jpg	 1.539901e+01	 24	 999000	 240	 999000	 999	 1.641581e+01	 750.00	 750.00	 55.00	 2	 0.16	 
MRI_faces_144	 2	 1	 2015.jpg	 1.739935e+01	 12	 999000	 120	 999000	 999	 1.841617e+01	 750.00	 750.00	 5.00	 33	 0.86	 
MRI_faces_144	 2	 1	 1145.jpg	 2.140006e+01	 24	 999000	 240	 999000	 999	 2.241685e+01	 750.00	 750.00	 45.00	 16	 0.32	 
MRI_faces_144	 2	 1	 2229.jpg	 2.340041e+01	 11	 1.036058e+03	 1100	 7.537287e+02	 98	 2.441723e+01	 700.00	 750.00	 9.00	 58	 0.80	 
MRI_faces_144	 2	 1	 1150.jpg	 2.540082e+01	 22	 1.076669e+03	 2200	 7.526745e+02	 98	 2.641762e+01	 700.00	 700.00	 48.00	 18	 0.28	 
MRI_faces_144	 2	 1	 2039.jpg	 2.840144e+01	 12	 999000	 120	 999000	 999	 2.941824e+01	 700.00	 700.00	 4.00	 35	 0.86	 
MRI_faces_144	 2	 1	 2006.jpg	 3.040189e+01	 11	 8.955666e+02	 110	 7.002752e+02	 98	 3.141848e+01	 716.67	 700.00	 8.00	 31	 0.80	 
MRI_faces_144	 2	 1	 2045.jpg	 3.440238e+01	 12	 6.680828e+02	 12	 999000	 98	 3.541919e+01	 716.67	 700.00	 13.00	 38	 0.73	 
MRI_faces_144	 2	 1	 2164.jpg	 4.040355e+01	 24	 999000	 240	 999000	 999	 4.142039e+01	 716.67	 700.00	 41.00	 52	 0.35	 
MRI_faces_144	 2	 1	 2128.jpg	 4.340405e+01	 12	 999000	 120	 999000	 999	 4.442081e+01	 716.67	 700.00	 18.00	 48	 0.65	 
MRI_faces_144	 2	 1	 1114.jpg	 4.540434e+01	 22	 9.381354e+02	 220	 7.002823e+02	 98	 4.642122e+01	 716.67	 716.67	 51.00	 13	 0.23	 
MRI_faces_144	 2	 1	 1255.jpg	 4.740473e+01	 24	 999000	 240	 999000	 999	 4.842165e+01	 716.67	 716.67	 39.00	 29	 0.39	 
MRI_faces_144	 2	 1	 2153.jpg	 4.940502e+01	 12	 999000	 120	 999000	 999	 5.042182e+01	 716.67	 716.67	 10.00	 50	 0.79	 
MRI_faces_144	 2	 1	 2194.jpg	 5.140547e+01	 12	 999000	 120	 999000	 999	 5.242231e+01	 716.67	 716.67	 7.00	 54	 0.81	 
MRI_faces_144	 2	 1	 2053.jpg	 5.440595e+01	 11	 9.244896e+02	 110	 7.169357e+02	 98	 5.542273e+01	 733.33	 716.67	 16.00	 39	 0.69	 
MRI_faces_144	 2	 1	 2218.jpg	 5.840670e+01	 12	 999000	 120	 999000	 999	 5.942352e+01	 733.33	 716.67	 19.00	 57	 0.64	 
MRI_faces_144	 2	 1	 1192.jpg	 6.139616e+01	 24	 999000	 240	 999000	 999	 6.241278e+01	 733.33	 716.67	 57.00	 22	 0.14	 
MRI_faces_144	 2	 1	 1204.jpg	 6.539596e+01	 24	 999000	 240	 999000	 999	 6.641253e+01	 733.33	 716.67	 44.00	 24	 0.34	 
MRI_faces_144	 2	 1	 2058.jpg	 7.039600e+01	 12	 999000	 120	 999000	 999	 7.141292e+01	 733.33	 716.67	 15.00	 40	 0.70	 
MRI_faces_144	 2	 1	 2024.jpg	 7.439642e+01	 11	 9.460542e+02	 110	 7.336446e+02	 98	 7.541294e+01	 750.00	 716.67	 14.00	 34	 0.73	 
MRI_faces_144	 2	 1	 1060.jpg	 7.739648e+01	 22	 9.659735e+02	 220	 7.169532e+02	 98	 7.841306e+01	 750.00	 733.33	 49.00	 10	 0.27	 
MRI_faces_144	 2	 1	 1019.jpg	 7.939644e+01	 22	 9.140204e+02	 220	 7.336291e+02	 98	 8.041302e+01	 750.00	 750.00	 43.00	 4	 0.35	 
MRI_faces_144	 2	 1	 1246.jpg	 8.139641e+01	 24	 999000	 240	 999000	 999	 8.241308e+01	 750.00	 750.00	 42.00	 28	 0.35	 
MRI_faces_144	 2	 1	 2063.jpg	 8.839657e+01	 12	 999000	 120	 999000	 999	 8.941325e+01	 750.00	 750.00	 12.00	 41	 0.77	 
MRI_faces_144	 2	 1	 2125.jpg	 9.139666e+01	 11	 9.257860e+02	 110	 7.502940e+02	 98	 9.241321e+01	 766.67	 750.00	 11.00	 47	 0.77	 
MRI_faces_144	 2	 1	 1191.jpg	 9.339661e+01	 24	 999000	 240	 999000	 999	 9.441328e+01	 766.67	 750.00	 50.00	 21	 0.25	 
MRI_faces_144	 2	 1	 2010.jpg	 9.739663e+01	 12	 999000	 120	 999000	 999	 9.841369e+01	 766.67	 750.00	 20.00	 32	 0.64	 
MRI_faces_144	 2	 1	 1216.jpg	 9.939722e+01	 24	 999000	 240	 999000	 999	 1.004141e+02	 766.67	 750.00	 47.00	 26	 0.30	 
MRI_faces_144	 2	 1	 1035.jpg	 1.023977e+02	 22	 9.697442e+02	 220	 7.502706e+02	 98	 1.034145e+02	 766.67	 766.67	 46.00	 7	 0.31	 
MRI_faces_144	 2	 1	 2043.jpg	 1.043981e+02	 12	 999000	 120	 999000	 999	 1.054149e+02	 766.67	 766.67	 22.00	 37	 0.60	 
MRI_faces_144	 2	 1	 1146.jpg	 1.083988e+02	 24	 999000	 240	 999000	 999	 1.094156e+02	 766.67	 766.67	 53.00	 17	 0.19	 
MRI_faces_144	 2	 1	 1073.jpg	 1.103992e+02	 24	 999000	 240	 999000	 999	 1.114160e+02	 766.67	 766.67	 56.00	 11	 0.15	 
MRI_faces_144	 2	 1	 2112.jpg	 1.143999e+02	 12	 999000	 120	 999000	 999	 1.154166e+02	 766.67	 766.67	 3.00	 45	 0.88	 
MRI_faces_144	 2	 1	 1080.jpg	 1.174004e+02	 24	 999000	 240	 999000	 999	 1.184172e+02	 766.67	 766.67	 58.00	 12	 0.13	 
MRI_faces_144	 2	 1	 1127.jpg	 1.194007e+02	 22	 9.847788e+02	 220	 7.669655e+02	 98	 1.204175e+02	 766.67	 783.33	 54.00	 14	 0.17	 
MRI_faces_144	 2	 1	 2041.jpg	 1.224012e+02	 11	 9.522183e+02	 110	 7.669392e+02	 98	 1.234181e+02	 783.33	 783.33	 17.00	 36	 0.67	 
