subjectID	 order	 runNum	 itemName	 onsetTime	 shuff_trialType	 RT	 respInTime	 AudioTime	 response	 fixationTime	 ladder1	 ladder2	 bidIndex	 itemNameIndex	 bidValue	 
MRI_faces_133	 1	 1	 1073.jpg	 2.396905e+00	 22	 1.066911e+03	 2200	 7.542369e+02	 98	 3.416149e+00	 750.00	 700.00	 50.00	 11	 0.23	 
MRI_faces_133	 1	 1	 1050.jpg	 4.379820e+00	 24	 999000	 240	 999000	 999	 5.396655e+00	 750.00	 700.00	 41.00	 8	 0.33	 
MRI_faces_133	 1	 1	 1060.jpg	 7.380601e+00	 22	 9.752102e+02	 220	 7.026620e+02	 98	 8.397196e+00	 750.00	 716.67	 44.00	 10	 0.30	 
MRI_faces_133	 1	 1	 2128.jpg	 1.038088e+01	 12	 999000	 120	 999000	 999	 1.139768e+01	 750.00	 716.67	 20.00	 48	 0.64	 
MRI_faces_133	 1	 1	 1204.jpg	 1.238130e+01	 22	 9.805118e+02	 220	 7.170758e+02	 98	 1.339800e+01	 750.00	 733.33	 47.00	 24	 0.26	 
MRI_faces_133	 1	 1	 2089.jpg	 1.638196e+01	 12	 999000	 120	 999000	 999	 1.739881e+01	 750.00	 733.33	 4.00	 42	 0.88	 
MRI_faces_133	 1	 1	 1146.jpg	 2.138279e+01	 24	 999000	 240	 999000	 999	 2.239959e+01	 750.00	 733.33	 46.00	 17	 0.27	 
MRI_faces_133	 1	 1	 2209.jpg	 2.338312e+01	 11	 1.095718e+03	 1100	 7.526323e+02	 98	 2.439995e+01	 700.00	 733.33	 13.00	 55	 0.73	 
MRI_faces_133	 1	 1	 2024.jpg	 2.638370e+01	 12	 999000	 120	 999000	 999	 2.740060e+01	 700.00	 733.33	 19.00	 34	 0.65	 
MRI_faces_133	 1	 1	 1192.jpg	 2.838404e+01	 24	 999000	 240	 999000	 999	 2.940086e+01	 700.00	 733.33	 48.00	 22	 0.26	 
MRI_faces_133	 1	 1	 2043.jpg	 3.438512e+01	 12	 999000	 120	 999000	 999	 3.540201e+01	 700.00	 733.33	 8.00	 37	 0.77	 
MRI_faces_133	 1	 1	 1017.jpg	 3.738566e+01	 22	 1.024157e+03	 2200	 7.336246e+02	 98	 3.840252e+01	 700.00	 683.33	 52.00	 3	 0.22	 
MRI_faces_133	 1	 1	 2006.jpg	 4.238658e+01	 11	 1.000236e+03	 1100	 7.002966e+02	 98	 4.340331e+01	 650.00	 683.33	 15.00	 31	 0.72	 
MRI_faces_133	 1	 1	 1202.jpg	 4.438684e+01	 12	 999000	 120	 999000	 999	 4.540369e+01	 650.00	 683.33	 11.00	 23	 0.73	 
MRI_faces_133	 1	 1	 2240.jpg	 4.638718e+01	 11	 9.556269e+02	 110	 6.502809e+02	 98	 4.740411e+01	 666.67	 683.33	 10.00	 59	 0.74	 
MRI_faces_133	 1	 1	 2149.jpg	 5.038798e+01	 22	 9.578574e+02	 220	 6.836377e+02	 98	 5.140480e+01	 666.67	 700.00	 53.00	 49	 0.21	 
MRI_faces_133	 1	 1	 2248.jpg	 5.238830e+01	 12	 999000	 120	 999000	 999	 5.340505e+01	 666.67	 700.00	 5.00	 60	 0.85	 
MRI_faces_133	 1	 1	 1210.jpg	 5.538885e+01	 24	 999000	 240	 999000	 999	 5.640566e+01	 666.67	 700.00	 43.00	 25	 0.30	 
MRI_faces_133	 1	 1	 1019.jpg	 5.838931e+01	 24	 999000	 240	 999000	 999	 5.940623e+01	 666.67	 700.00	 57.00	 4	 0.18	 
MRI_faces_133	 1	 1	 2153.jpg	 6.138988e+01	 11	 1.115966e+03	 1100	 6.669438e+02	 98	 6.240667e+01	 616.67	 700.00	 12.00	 50	 0.73	 
MRI_faces_133	 1	 1	 2194.jpg	 6.339025e+01	 11	 8.975662e+02	 110	 6.169353e+02	 98	 6.440716e+01	 633.33	 700.00	 18.00	 54	 0.68	 
MRI_faces_133	 1	 1	 2058.jpg	 6.737796e+01	 12	 999000	 120	 999000	 999	 6.839458e+01	 633.33	 700.00	 16.00	 40	 0.69	 
MRI_faces_133	 1	 1	 1191.jpg	 6.937799e+01	 24	 999000	 240	 999000	 999	 7.039467e+01	 633.33	 700.00	 51.00	 21	 0.22	 
MRI_faces_133	 1	 1	 2218.jpg	 7.137802e+01	 12	 999000	 120	 999000	 999	 7.239471e+01	 633.33	 700.00	 14.00	 57	 0.72	 
MRI_faces_133	 1	 1	 2094.jpg	 7.337805e+01	 12	 999000	 120	 999000	 999	 7.439466e+01	 633.33	 700.00	 22.00	 43	 0.61	 
MRI_faces_133	 1	 1	 1173.jpg	 7.537809e+01	 22	 9.437714e+02	 220	 7.002750e+02	 98	 7.639471e+01	 633.33	 716.67	 45.00	 19	 0.28	 
MRI_faces_133	 1	 1	 2212.jpg	 7.937823e+01	 12	 999000	 120	 999000	 999	 8.039485e+01	 633.33	 716.67	 17.00	 56	 0.68	 
MRI_faces_133	 1	 1	 2118.jpg	 8.337821e+01	 11	 8.856045e+02	 110	 6.337138e+02	 98	 8.439485e+01	 650.00	 716.67	 7.00	 46	 0.77	 
MRI_faces_133	 1	 1	 2112.jpg	 8.737837e+01	 12	 999000	 120	 999000	 999	 8.839495e+01	 650.00	 716.67	 3.00	 45	 0.89	 
MRI_faces_133	 1	 1	 1226.jpg	 9.037838e+01	 24	 999000	 240	 999000	 999	 9.139517e+01	 650.00	 716.67	 56.00	 27	 0.19	 
MRI_faces_133	 1	 1	 2010.jpg	 9.237870e+01	 12	 999000	 120	 999000	 999	 9.339550e+01	 650.00	 716.67	 6.00	 32	 0.80	 
MRI_faces_133	 1	 1	 1127.jpg	 9.437907e+01	 24	 999000	 240	 999000	 999	 9.539587e+01	 650.00	 716.67	 42.00	 14	 0.32	 
MRI_faces_133	 1	 1	 1150.jpg	 9.637935e+01	 24	 999000	 240	 999000	 999	 9.739616e+01	 650.00	 716.67	 54.00	 18	 0.21	 
MRI_faces_133	 1	 1	 1027.jpg	 9.837968e+01	 24	 999000	 240	 999000	 999	 9.939652e+01	 650.00	 716.67	 58.00	 5	 0.17	 
MRI_faces_133	 1	 1	 2125.jpg	 1.023804e+02	 12	 999000	 120	 999000	 999	 1.033972e+02	 650.00	 716.67	 9.00	 47	 0.76	 
MRI_faces_133	 1	 1	 1246.jpg	 1.043808e+02	 24	 999000	 240	 999000	 999	 1.053976e+02	 650.00	 716.67	 40.00	 28	 0.36	 
MRI_faces_133	 1	 1	 1013.jpg	 1.113820e+02	 24	 999000	 240	 999000	 999	 1.123989e+02	 650.00	 716.67	 39.00	 2	 0.38	 
MRI_faces_133	 1	 1	 2041.jpg	 1.153828e+02	 12	 999000	 120	 999000	 999	 1.163996e+02	 650.00	 716.67	 21.00	 36	 0.62	 
MRI_faces_133	 1	 1	 1052.jpg	 1.183833e+02	 24	 999000	 240	 999000	 999	 1.194000e+02	 650.00	 716.67	 49.00	 9	 0.23	 
MRI_faces_133	 1	 1	 1080.jpg	 1.223839e+02	 24	 999000	 240	 999000	 999	 1.234008e+02	 650.00	 716.67	 55.00	 12	 0.21	 
