subjectID	 order	 runNum	 itemName	 onsetTime	 shuff_trialType	 RT	 respInTime	 AudioTime	 response	 fixationTime	 ladder1	 ladder2	 bidIndex	 itemNameIndex	 bidValue	 
MRI_faces_127	 1	 13	 1060.jpg	 2.412501e+00	 24	 999000	 240	 999000	 999	 3.429660e+00	 683.34	 750.00	 39.00	 10	 0.41	 
MRI_faces_127	 1	 13	 1050.jpg	 7.412310e+00	 12	 999000	 120	 999000	 999	 8.429093e+00	 683.34	 750.00	 17.00	 8	 0.65	 
MRI_faces_127	 1	 13	 2125.jpg	 9.412366e+00	 12	 999000	 120	 999000	 999	 1.042901e+01	 683.34	 750.00	 5.00	 47	 0.83	 
MRI_faces_127	 1	 13	 2194.jpg	 1.241246e+01	 24	 999000	 240	 999000	 999	 1.342911e+01	 683.34	 750.00	 58.00	 54	 0.14	 
MRI_faces_127	 1	 13	 1246.jpg	 1.541251e+01	 24	 999000	 240	 999000	 999	 1.642913e+01	 683.34	 750.00	 54.00	 28	 0.19	 
MRI_faces_127	 1	 13	 1262.jpg	 2.241264e+01	 24	 999000	 240	 999000	 999	 2.342927e+01	 683.34	 750.00	 56.00	 30	 0.17	 
MRI_faces_127	 1	 13	 1226.jpg	 2.441256e+01	 24	 999000	 240	 999000	 999	 2.542925e+01	 683.34	 750.00	 48.00	 27	 0.26	 
MRI_faces_127	 1	 13	 2015.jpg	 2.841274e+01	 24	 999000	 240	 999000	 999	 2.942934e+01	 683.34	 750.00	 46.00	 33	 0.28	 
MRI_faces_127	 1	 13	 1035.jpg	 3.041273e+01	 12	 999000	 120	 999000	 999	 3.142942e+01	 683.34	 750.00	 8.00	 7	 0.78	 
MRI_faces_127	 1	 13	 2128.jpg	 3.541285e+01	 22	 1.006438e+03	 2200	 7.519546e+02	 98	 3.643052e+01	 683.34	 700.00	 52.00	 48	 0.22	 
MRI_faces_127	 1	 13	 1031.jpg	 3.941285e+01	 11	 8.694406e+02	 110	 6.851911e+02	 98	 4.042967e+01	 700.01	 700.00	 13.00	 6	 0.71	 
MRI_faces_127	 1	 13	 1114.jpg	 4.141314e+01	 12	 999000	 120	 999000	 999	 4.243003e+01	 700.01	 700.00	 16.00	 13	 0.65	 
MRI_faces_127	 1	 13	 1013.jpg	 4.441374e+01	 22	 8.765690e+02	 220	 7.002801e+02	 98	 4.543051e+01	 700.01	 716.67	 44.00	 2	 0.31	 
MRI_faces_127	 1	 13	 2153.jpg	 4.741300e+01	 12	 999000	 120	 999000	 999	 4.843107e+01	 700.01	 716.67	 3.00	 50	 0.85	 
MRI_faces_127	 1	 13	 1183.jpg	 5.141305e+01	 24	 999000	 240	 999000	 999	 5.243182e+01	 700.01	 716.67	 40.00	 20	 0.40	 
MRI_faces_127	 1	 13	 2155.jpg	 5.541305e+01	 12	 999000	 120	 999000	 999	 5.642979e+01	 700.01	 716.67	 6.00	 51	 0.81	 
MRI_faces_127	 1	 13	 1145.jpg	 5.941329e+01	 22	 9.089859e+02	 220	 7.169244e+02	 98	 6.042979e+01	 700.01	 733.33	 45.00	 16	 0.31	 
MRI_faces_127	 1	 13	 2218.jpg	 6.241324e+01	 12	 999000	 120	 999000	 999	 6.342982e+01	 700.01	 733.33	 20.00	 57	 0.63	 
MRI_faces_127	 1	 13	 2181.jpg	 6.541340e+01	 12	 999000	 120	 999000	 999	 6.642993e+01	 700.01	 733.33	 4.00	 53	 0.84	 
MRI_faces_127	 1	 13	 2089.jpg	 6.841330e+01	 11	 9.279897e+02	 110	 7.002885e+02	 98	 6.942991e+01	 716.67	 733.33	 15.00	 42	 0.67	 
MRI_faces_127	 1	 13	 1052.jpg	 7.041336e+01	 22	 9.189216e+02	 220	 7.336097e+02	 98	 7.142999e+01	 716.67	 750.00	 53.00	 9	 0.21	 
MRI_faces_127	 1	 13	 1007.jpg	 7.340221e+01	 11	 9.091216e+02	 110	 7.169384e+02	 98	 7.441904e+01	 733.34	 750.00	 7.00	 1	 0.80	 
MRI_faces_127	 1	 13	 2112.jpg	 7.541346e+01	 12	 999000	 120	 999000	 999	 7.643010e+01	 733.34	 750.00	 14.00	 45	 0.70	 
MRI_faces_127	 1	 13	 1191.jpg	 7.741347e+01	 24	 999000	 240	 999000	 999	 7.843008e+01	 733.34	 750.00	 41.00	 21	 0.38	 
MRI_faces_127	 1	 13	 1073.jpg	 7.941342e+01	 11	 9.118738e+02	 110	 7.336371e+02	 98	 8.043025e+01	 750.01	 750.00	 18.00	 11	 0.65	 
MRI_faces_127	 1	 13	 2043.jpg	 8.241353e+01	 22	 1.077751e+03	 2200	 7.502825e+02	 98	 8.343021e+01	 750.01	 700.00	 47.00	 37	 0.28	 
MRI_faces_127	 1	 13	 1210.jpg	 8.641358e+01	 24	 999000	 240	 999000	 999	 8.743018e+01	 750.01	 700.00	 42.00	 25	 0.38	 
MRI_faces_127	 1	 13	 1150.jpg	 8.840486e+01	 24	 999000	 240	 999000	 999	 8.942156e+01	 750.01	 700.00	 49.00	 18	 0.25	 
MRI_faces_127	 1	 13	 2053.jpg	 9.041365e+01	 11	 1.118639e+03	 1100	 7.502682e+02	 98	 9.143030e+01	 700.01	 700.00	 12.00	 39	 0.72	 
MRI_faces_127	 1	 13	 1173.jpg	 9.441346e+01	 22	 9.248172e+02	 220	 7.003389e+02	 98	 9.543010e+01	 700.01	 716.67	 50.00	 19	 0.24	 
MRI_faces_127	 1	 13	 1204.jpg	 9.640633e+01	 24	 999000	 240	 999000	 999	 9.742302e+01	 700.01	 716.67	 55.00	 24	 0.19	 
MRI_faces_127	 1	 13	 2058.jpg	 9.840664e+01	 24	 999000	 240	 999000	 999	 9.942334e+01	 700.01	 716.67	 51.00	 40	 0.22	 
MRI_faces_127	 1	 13	 1216.jpg	 1.024072e+02	 12	 999000	 120	 999000	 999	 1.034241e+02	 700.01	 716.67	 21.00	 26	 0.62	 
MRI_faces_127	 1	 13	 2010.jpg	 1.064139e+02	 12	 999000	 120	 999000	 999	 1.074305e+02	 700.01	 716.67	 19.00	 32	 0.65	 
MRI_faces_127	 1	 13	 2118.jpg	 1.084139e+02	 11	 9.153753e+02	 110	 7.003066e+02	 98	 1.094306e+02	 716.67	 716.67	 10.00	 46	 0.75	 
MRI_faces_127	 1	 13	 2045.jpg	 1.104140e+02	 24	 999000	 240	 999000	 999	 1.114306e+02	 716.67	 716.67	 43.00	 38	 0.35	 
MRI_faces_127	 1	 13	 2240.jpg	 1.124140e+02	 12	 999000	 120	 999000	 999	 1.134307e+02	 716.67	 716.67	 9.00	 59	 0.76	 
MRI_faces_127	 1	 13	 1080.jpg	 1.144140e+02	 24	 999000	 240	 999000	 999	 1.154306e+02	 716.67	 716.67	 57.00	 12	 0.15	 
MRI_faces_127	 1	 13	 2212.jpg	 1.204104e+02	 12	 999000	 120	 999000	 999	 1.214273e+02	 716.67	 716.67	 11.00	 56	 0.75	 
MRI_faces_127	 1	 13	 2248.jpg	 1.224141e+02	 12	 999000	 120	 999000	 999	 1.234308e+02	 716.67	 716.67	 22.00	 60	 0.62	 
