subjectID	 order	 runNum	 itemName	 onsetTime	 shuff_trialType	 RT	 respInTime	 AudioTime	 response	 fixationTime	 ladder1	 ladder2	 bidIndex	 itemNameIndex	 bidValue	 
MRI_faces_139	 1	 15	 2181.jpg	 2.413933e+00	 24	 999000	 240	 999000	 999	 3.431324e+00	 816.66	 750.00	 51.00	 53	 0.25	 
MRI_faces_139	 1	 15	 2118.jpg	 5.414092e+00	 12	 999000	 120	 999000	 999	 6.430977e+00	 816.66	 750.00	 3.00	 46	 0.88	 
MRI_faces_139	 1	 15	 2125.jpg	 9.414847e+00	 12	 999000	 120	 999000	 999	 1.043169e+01	 816.66	 750.00	 16.00	 47	 0.69	 
MRI_faces_139	 1	 15	 2006.jpg	 1.241531e+01	 12	 999000	 120	 999000	 999	 1.343223e+01	 816.66	 750.00	 5.00	 31	 0.83	 
MRI_faces_139	 1	 15	 1191.jpg	 1.641125e+01	 22	 9.163630e+02	 220	 7.518282e+02	 98	 1.742797e+01	 816.66	 766.67	 44.00	 21	 0.31	 
MRI_faces_139	 1	 15	 1027.jpg	 1.941137e+01	 24	 999000	 240	 999000	 999	 2.042802e+01	 816.66	 766.67	 39.00	 5	 0.36	 
MRI_faces_139	 1	 15	 1017.jpg	 2.141131e+01	 11	 9.633079e+02	 110	 8.184262e+02	 98	 2.242800e+01	 833.33	 766.67	 10.00	 3	 0.77	 
MRI_faces_139	 1	 15	 2209.jpg	 2.441134e+01	 11	 1.031255e+03	 1100	 8.336379e+02	 98	 2.544478e+01	 783.33	 766.67	 7.00	 55	 0.82	 
MRI_faces_139	 1	 15	 1210.jpg	 2.741142e+01	 12	 999000	 120	 999000	 999	 2.842805e+01	 783.33	 766.67	 22.00	 25	 0.63	 
MRI_faces_139	 1	 15	 1050.jpg	 3.241151e+01	 24	 999000	 240	 999000	 999	 3.342818e+01	 783.33	 766.67	 42.00	 8	 0.32	 
MRI_faces_139	 1	 15	 2089.jpg	 3.441153e+01	 11	 9.000643e+02	 110	 7.836008e+02	 98	 3.542828e+01	 799.99	 766.67	 18.00	 42	 0.68	 
MRI_faces_139	 1	 15	 2094.jpg	 3.641161e+01	 12	 999000	 120	 999000	 999	 3.742823e+01	 799.99	 766.67	 11.00	 43	 0.72	 
MRI_faces_139	 1	 15	 2194.jpg	 4.041171e+01	 24	 999000	 240	 999000	 999	 4.142831e+01	 799.99	 766.67	 58.00	 54	 0.16	 
MRI_faces_139	 1	 15	 2155.jpg	 4.741174e+01	 24	 999000	 240	 999000	 999	 4.842843e+01	 799.99	 766.67	 54.00	 51	 0.21	 
MRI_faces_139	 1	 15	 2039.jpg	 4.941179e+01	 22	 1.134821e+03	 2200	 7.670047e+02	 98	 5.042847e+01	 799.99	 716.67	 47.00	 35	 0.29	 
MRI_faces_139	 1	 15	 2149.jpg	 5.141178e+01	 24	 999000	 240	 999000	 999	 5.242849e+01	 799.99	 716.67	 49.00	 49	 0.26	 
MRI_faces_139	 1	 15	 1255.jpg	 5.341181e+01	 12	 999000	 120	 999000	 999	 5.442843e+01	 799.99	 716.67	 6.00	 29	 0.83	 
MRI_faces_139	 1	 15	 1073.jpg	 5.541192e+01	 11	 7.836917e+02	 11	 8.002638e+02	 98	 5.642851e+01	 816.66	 716.67	 13.00	 11	 0.70	 
MRI_faces_139	 1	 15	 2043.jpg	 5.741191e+01	 24	 999000	 240	 999000	 999	 5.842851e+01	 816.66	 716.67	 56.00	 37	 0.17	 
MRI_faces_139	 1	 15	 2063.jpg	 6.041196e+01	 12	 999000	 120	 999000	 999	 6.142854e+01	 816.66	 716.67	 14.00	 41	 0.69	 
MRI_faces_139	 1	 15	 1262.jpg	 6.241194e+01	 12	 999000	 120	 999000	 999	 6.342862e+01	 816.66	 716.67	 19.00	 30	 0.67	 
MRI_faces_139	 1	 15	 2229.jpg	 6.441200e+01	 24	 999000	 240	 999000	 999	 6.542872e+01	 816.66	 716.67	 40.00	 58	 0.34	 
MRI_faces_139	 1	 15	 1173.jpg	 6.841202e+01	 24	 999000	 240	 999000	 999	 6.942872e+01	 816.66	 716.67	 48.00	 19	 0.28	 
MRI_faces_139	 1	 15	 1226.jpg	 7.241206e+01	 12	 999000	 120	 999000	 999	 7.342879e+01	 816.66	 716.67	 17.00	 27	 0.68	 
MRI_faces_139	 1	 15	 1216.jpg	 7.841220e+01	 24	 999000	 240	 999000	 999	 7.942880e+01	 816.66	 716.67	 43.00	 26	 0.32	 
MRI_faces_139	 1	 15	 1204.jpg	 8.041225e+01	 22	 9.083626e+02	 220	 7.169347e+02	 98	 8.142890e+01	 816.66	 733.33	 50.00	 24	 0.25	 
MRI_faces_139	 1	 15	 2053.jpg	 8.241223e+01	 12	 999000	 120	 999000	 999	 8.342895e+01	 816.66	 733.33	 20.00	 39	 0.65	 
MRI_faces_139	 1	 15	 2153.jpg	 8.441236e+01	 12	 999000	 120	 999000	 999	 8.542905e+01	 816.66	 733.33	 4.00	 50	 0.84	 
MRI_faces_139	 1	 15	 1130.jpg	 8.841241e+01	 22	 9.342079e+02	 220	 7.336179e+02	 98	 8.942903e+01	 816.66	 750.00	 53.00	 15	 0.21	 
MRI_faces_139	 1	 15	 1146.jpg	 9.041247e+01	 11	 9.461465e+02	 110	 8.169395e+02	 98	 9.142930e+01	 833.33	 750.00	 15.00	 17	 0.69	 
MRI_faces_139	 1	 15	 2024.jpg	 9.241284e+01	 24	 999000	 240	 999000	 999	 9.342963e+01	 833.33	 750.00	 46.00	 34	 0.30	 
MRI_faces_139	 1	 15	 2058.jpg	 9.441309e+01	 24	 999000	 240	 999000	 999	 9.542996e+01	 833.33	 750.00	 55.00	 40	 0.19	 
MRI_faces_139	 1	 15	 2128.jpg	 9.841384e+01	 12	 999000	 120	 999000	 999	 9.943066e+01	 833.33	 750.00	 9.00	 48	 0.79	 
MRI_faces_139	 1	 15	 1060.jpg	 1.024145e+02	 24	 999000	 240	 999000	 999	 1.034313e+02	 833.33	 750.00	 41.00	 10	 0.32	 
MRI_faces_139	 1	 15	 2110.jpg	 1.054150e+02	 12	 999000	 120	 999000	 999	 1.064319e+02	 833.33	 750.00	 21.00	 44	 0.64	 
MRI_faces_139	 1	 15	 2164.jpg	 1.104159e+02	 22	 1.030692e+03	 2200	 7.502908e+02	 98	 1.114328e+02	 833.33	 700.00	 52.00	 52	 0.24	 
MRI_faces_139	 1	 15	 1007.jpg	 1.124127e+02	 22	 8.638550e+02	 220	 7.002858e+02	 98	 1.134293e+02	 833.33	 716.67	 45.00	 1	 0.31	 
MRI_faces_139	 1	 15	 2240.jpg	 1.154127e+02	 12	 999000	 120	 999000	 999	 1.164294e+02	 833.33	 716.67	 8.00	 59	 0.80	 
MRI_faces_139	 1	 15	 2045.jpg	 1.194128e+02	 11	 9.907886e+02	 110	 8.336085e+02	 98	 1.204343e+02	 849.99	 716.67	 12.00	 38	 0.72	 
MRI_faces_139	 1	 15	 1246.jpg	 1.224128e+02	 24	 999000	 240	 999000	 999	 1.234295e+02	 849.99	 716.67	 57.00	 28	 0.17	 
