subjectID	 order	 runNum	 itemName	 onsetTime	 shuff_trialType	 RT	 respInTime	 AudioTime	 response	 fixationTime	 ladder1	 ladder2	 bidIndex	 itemNameIndex	 bidValue	 
MRI_faces_146	 2	 11	 1080.jpg	 2.430056e+00	 12	 999000	 120	 999000	 999	 3.447442e+00	 616.69	 550.00	 13.00	 12	 0.75	 
MRI_faces_146	 2	 11	 2118.jpg	 7.430645e+00	 12	 999000	 120	 999000	 999	 8.447442e+00	 616.69	 550.00	 19.00	 46	 0.65	 
MRI_faces_146	 2	 11	 2006.jpg	 9.430997e+00	 12	 999000	 120	 999000	 999	 1.044774e+01	 616.69	 550.00	 3.00	 31	 0.85	 
MRI_faces_146	 2	 11	 2045.jpg	 1.243158e+01	 22	 9.497007e+02	 220	 5.518642e+02	 98	 1.344831e+01	 616.69	 566.67	 49.00	 38	 0.28	 
MRI_faces_146	 2	 11	 1013.jpg	 1.543214e+01	 24	 999000	 240	 999000	 999	 1.644890e+01	 616.69	 566.67	 47.00	 2	 0.30	 
MRI_faces_146	 2	 11	 2194.jpg	 2.243327e+01	 24	 999000	 240	 999000	 999	 2.345013e+01	 616.69	 566.67	 53.00	 54	 0.23	 
MRI_faces_146	 2	 11	 1262.jpg	 2.443371e+01	 22	 9.065821e+02	 220	 5.669539e+02	 98	 2.545044e+01	 616.69	 583.33	 51.00	 30	 0.25	 
MRI_faces_146	 2	 11	 1255.jpg	 2.843431e+01	 12	 999000	 120	 999000	 999	 2.945110e+01	 616.69	 583.33	 18.00	 29	 0.65	 
MRI_faces_146	 2	 11	 1192.jpg	 3.043477e+01	 24	 999000	 240	 999000	 999	 3.145152e+01	 616.69	 583.33	 57.00	 22	 0.16	 
MRI_faces_146	 2	 11	 1226.jpg	 3.543557e+01	 24	 999000	 240	 999000	 999	 3.645244e+01	 616.69	 583.33	 58.00	 27	 0.13	 
MRI_faces_146	 2	 11	 2149.jpg	 3.943006e+01	 24	 999000	 240	 999000	 999	 4.044663e+01	 616.69	 583.33	 45.00	 49	 0.33	 
MRI_faces_146	 2	 11	 2063.jpg	 4.143002e+01	 12	 999000	 120	 999000	 999	 4.244668e+01	 616.69	 583.33	 21.00	 41	 0.62	 
MRI_faces_146	 2	 11	 1130.jpg	 4.443011e+01	 24	 999000	 240	 999000	 999	 4.544676e+01	 616.69	 583.33	 40.00	 15	 0.38	 
MRI_faces_146	 2	 11	 1027.jpg	 4.743008e+01	 22	 9.542017e+02	 220	 5.835927e+02	 98	 4.844674e+01	 616.69	 600.00	 48.00	 5	 0.28	 
MRI_faces_146	 2	 11	 2125.jpg	 5.143024e+01	 12	 999000	 120	 999000	 999	 5.244687e+01	 616.69	 600.00	 4.00	 47	 0.83	 
MRI_faces_146	 2	 11	 2089.jpg	 5.543020e+01	 12	 999000	 120	 999000	 999	 5.644685e+01	 616.69	 600.00	 6.00	 42	 0.82	 
MRI_faces_146	 2	 11	 1031.jpg	 5.943027e+01	 12	 999000	 120	 999000	 999	 6.044701e+01	 616.69	 600.00	 22.00	 6	 0.62	 
MRI_faces_146	 2	 11	 1183.jpg	 6.243038e+01	 24	 999000	 240	 999000	 999	 6.344706e+01	 616.69	 600.00	 44.00	 20	 0.34	 
MRI_faces_146	 2	 11	 2248.jpg	 6.543049e+01	 12	 999000	 120	 999000	 999	 6.644703e+01	 616.69	 600.00	 7.00	 60	 0.81	 
MRI_faces_146	 2	 11	 2110.jpg	 6.843043e+01	 24	 999000	 240	 999000	 999	 6.944712e+01	 616.69	 600.00	 55.00	 44	 0.20	 
MRI_faces_146	 2	 11	 2218.jpg	 7.043044e+01	 11	 9.488388e+02	 110	 6.184384e+02	 98	 7.144716e+01	 633.36	 600.00	 16.00	 57	 0.72	 
MRI_faces_146	 2	 11	 1127.jpg	 7.343074e+01	 24	 999000	 240	 999000	 999	 7.444716e+01	 633.36	 600.00	 50.00	 14	 0.26	 
MRI_faces_146	 2	 11	 2155.jpg	 7.543056e+01	 22	 9.757239e+02	 220	 6.002632e+02	 98	 7.644715e+01	 633.36	 616.67	 43.00	 51	 0.36	 
MRI_faces_146	 2	 11	 2010.jpg	 7.743055e+01	 12	 999000	 120	 999000	 999	 7.844730e+01	 633.36	 616.67	 10.00	 32	 0.78	 
MRI_faces_146	 2	 11	 2229.jpg	 7.943066e+01	 12	 999000	 120	 999000	 999	 8.044722e+01	 633.36	 616.67	 5.00	 58	 0.82	 
MRI_faces_146	 2	 11	 1210.jpg	 8.243063e+01	 22	 9.276714e+02	 220	 6.169407e+02	 98	 8.344735e+01	 633.36	 633.33	 46.00	 25	 0.30	 
MRI_faces_146	 2	 11	 2240.jpg	 8.643079e+01	 11	 9.635081e+02	 110	 6.336424e+02	 98	 8.744741e+01	 650.02	 633.33	 9.00	 59	 0.79	 
MRI_faces_146	 2	 11	 2041.jpg	 8.843080e+01	 11	 1.037481e+03	 1100	 6.503122e+02	 98	 8.944739e+01	 600.02	 633.33	 17.00	 36	 0.70	 
MRI_faces_146	 2	 11	 1019.jpg	 9.043079e+01	 22	 1.128539e+03	 2200	 6.335966e+02	 98	 9.144746e+01	 600.02	 583.33	 54.00	 4	 0.21	 
MRI_faces_146	 2	 11	 2209.jpg	 9.443084e+01	 11	 9.624561e+02	 110	 6.002989e+02	 98	 9.544751e+01	 616.69	 583.33	 14.00	 55	 0.73	 
MRI_faces_146	 2	 11	 1150.jpg	 9.643083e+01	 24	 999000	 240	 999000	 999	 9.744754e+01	 616.69	 583.33	 56.00	 18	 0.17	 
MRI_faces_146	 2	 11	 2128.jpg	 9.843097e+01	 12	 999000	 120	 999000	 999	 9.944763e+01	 616.69	 583.33	 15.00	 48	 0.72	 
MRI_faces_146	 2	 11	 2094.jpg	 1.024310e+02	 24	 999000	 240	 999000	 999	 1.034476e+02	 616.69	 583.33	 52.00	 43	 0.23	 
MRI_faces_146	 2	 11	 1060.jpg	 1.064314e+02	 24	 999000	 240	 999000	 999	 1.074482e+02	 616.69	 583.33	 41.00	 10	 0.36	 
MRI_faces_146	 2	 11	 1204.jpg	 1.084318e+02	 24	 999000	 240	 999000	 999	 1.094486e+02	 616.69	 583.33	 42.00	 24	 0.36	 
MRI_faces_146	 2	 11	 1146.jpg	 1.104321e+02	 24	 999000	 240	 999000	 999	 1.114489e+02	 616.69	 583.33	 39.00	 17	 0.39	 
MRI_faces_146	 2	 11	 2058.jpg	 1.124325e+02	 12	 999000	 120	 999000	 999	 1.134493e+02	 616.69	 583.33	 12.00	 40	 0.75	 
MRI_faces_146	 2	 11	 2053.jpg	 1.144328e+02	 12	 999000	 120	 999000	 999	 1.154497e+02	 616.69	 583.33	 20.00	 39	 0.62	 
MRI_faces_146	 2	 11	 2181.jpg	 1.204339e+02	 11	 8.913661e+02	 110	 6.169537e+02	 98	 1.214507e+02	 633.36	 583.33	 11.00	 53	 0.76	 
MRI_faces_146	 2	 11	 2153.jpg	 1.224342e+02	 11	 1.115050e+03	 1100	 6.336688e+02	 98	 1.234511e+02	 583.36	 583.33	 8.00	 50	 0.80	 
