subjectID	 order	 runNum	 itemName	 onsetTime	 shuff_trialType	 RT	 respInTime	 AudioTime	 response	 fixationTime	 ladder1	 ladder2	 bidIndex	 itemNameIndex	 bidValue	 
MRI_faces_151	 1	 12	 1035.jpg	 1.241182e+02	 24	 999000	 240	 999000	 999	 1.251351e+02	 716.67	 716.67	 41.00	 7	 0.42	 
MRI_faces_151	 1	 12	 2218.jpg	 1.291183e+02	 24	 999000	 240	 999000	 999	 1.301350e+02	 716.67	 716.67	 42.00	 57	 0.41	 
MRI_faces_151	 1	 12	 1146.jpg	 1.311184e+02	 12	 999000	 120	 999000	 999	 1.321350e+02	 716.67	 716.67	 8.00	 17	 0.72	 
MRI_faces_151	 1	 12	 2043.jpg	 1.341184e+02	 22	 9.192037e+02	 220	 7.169687e+02	 98	 1.351350e+02	 716.67	 733.34	 44.00	 37	 0.40	 
MRI_faces_151	 1	 12	 2209.jpg	 1.371185e+02	 11	 9.390927e+02	 110	 7.169676e+02	 98	 1.381350e+02	 733.34	 733.34	 10.00	 55	 0.71	 
MRI_faces_151	 1	 12	 1246.jpg	 1.441185e+02	 11	 9.330847e+02	 110	 7.336254e+02	 98	 1.451351e+02	 750.00	 733.34	 7.00	 28	 0.73	 
MRI_faces_151	 1	 12	 2194.jpg	 1.461187e+02	 24	 999000	 240	 999000	 999	 1.471357e+02	 750.00	 733.34	 58.00	 54	 0.18	 
MRI_faces_151	 1	 12	 2229.jpg	 1.501194e+02	 12	 999000	 120	 999000	 999	 1.511362e+02	 750.00	 733.34	 19.00	 58	 0.59	 
MRI_faces_151	 1	 12	 2010.jpg	 1.521198e+02	 12	 999000	 120	 999000	 999	 1.531365e+02	 750.00	 733.34	 4.00	 32	 0.75	 
MRI_faces_151	 1	 12	 2164.jpg	 1.571207e+02	 24	 999000	 240	 999000	 999	 1.581375e+02	 750.00	 733.34	 43.00	 52	 0.40	 
MRI_faces_151	 1	 12	 1052.jpg	 1.611214e+02	 22	 9.382521e+02	 220	 7.335993e+02	 98	 1.621382e+02	 750.00	 750.00	 53.00	 9	 0.27	 
MRI_faces_151	 1	 12	 2094.jpg	 1.631217e+02	 24	 999000	 240	 999000	 999	 1.641385e+02	 750.00	 750.00	 39.00	 43	 0.44	 
MRI_faces_151	 1	 12	 1262.jpg	 1.661222e+02	 11	 9.564032e+02	 110	 7.502827e+02	 98	 1.671391e+02	 766.67	 750.00	 13.00	 30	 0.64	 
MRI_faces_151	 1	 12	 2063.jpg	 1.691228e+02	 12	 999000	 120	 999000	 999	 1.701396e+02	 766.67	 750.00	 16.00	 41	 0.60	 
MRI_faces_151	 1	 12	 1031.jpg	 1.731191e+02	 11	 9.495462e+02	 110	 7.669295e+02	 98	 1.741357e+02	 783.34	 750.00	 12.00	 6	 0.68	 
MRI_faces_151	 1	 12	 1191.jpg	 1.771192e+02	 11	 1.013463e+03	 1100	 7.836421e+02	 98	 1.781374e+02	 733.34	 750.00	 18.00	 21	 0.59	 
MRI_faces_151	 1	 12	 2045.jpg	 1.811191e+02	 24	 999000	 240	 999000	 999	 1.821358e+02	 733.34	 750.00	 40.00	 38	 0.42	 
MRI_faces_151	 1	 12	 2181.jpg	 1.841192e+02	 24	 999000	 240	 999000	 999	 1.851357e+02	 733.34	 750.00	 57.00	 53	 0.21	 
MRI_faces_151	 1	 12	 2248.jpg	 1.871191e+02	 24	 999000	 240	 999000	 999	 1.881357e+02	 733.34	 750.00	 49.00	 60	 0.36	 
MRI_faces_151	 1	 12	 1202.jpg	 1.901192e+02	 12	 999000	 120	 999000	 999	 1.911358e+02	 733.34	 750.00	 22.00	 23	 0.54	 
MRI_faces_151	 1	 12	 1114.jpg	 1.921192e+02	 12	 999000	 120	 999000	 999	 1.931359e+02	 733.34	 750.00	 9.00	 13	 0.72	 
MRI_faces_151	 1	 12	 1017.jpg	 1.951193e+02	 22	 1.027293e+03	 2200	 7.502992e+02	 98	 1.961360e+02	 733.34	 700.00	 45.00	 3	 0.40	 
MRI_faces_151	 1	 12	 1050.jpg	 1.971193e+02	 12	 999000	 120	 999000	 999	 1.981360e+02	 733.34	 700.00	 5.00	 8	 0.74	 
MRI_faces_151	 1	 12	 1145.jpg	 1.991194e+02	 12	 999000	 120	 999000	 999	 2.001360e+02	 733.34	 700.00	 6.00	 16	 0.74	 
MRI_faces_151	 1	 12	 2024.jpg	 2.011193e+02	 24	 999000	 240	 999000	 999	 2.021360e+02	 733.34	 700.00	 51.00	 34	 0.35	 
MRI_faces_151	 1	 12	 2058.jpg	 2.041194e+02	 11	 9.352686e+02	 110	 7.336534e+02	 98	 2.051361e+02	 750.00	 700.00	 15.00	 40	 0.63	 
MRI_faces_151	 1	 12	 1255.jpg	 2.081196e+02	 12	 999000	 120	 999000	 999	 2.091361e+02	 750.00	 700.00	 21.00	 29	 0.55	 
MRI_faces_151	 1	 12	 2128.jpg	 2.101197e+02	 12	 999000	 120	 999000	 999	 2.111361e+02	 750.00	 700.00	 14.00	 48	 0.63	 
MRI_faces_151	 1	 12	 2006.jpg	 2.121196e+02	 24	 999000	 240	 999000	 999	 2.131361e+02	 750.00	 700.00	 48.00	 31	 0.37	 
MRI_faces_151	 1	 12	 2155.jpg	 2.161196e+02	 24	 999000	 240	 999000	 999	 2.171364e+02	 750.00	 700.00	 46.00	 51	 0.39	 
MRI_faces_151	 1	 12	 2153.jpg	 2.181196e+02	 22	 9.409934e+02	 220	 7.002669e+02	 98	 2.191363e+02	 750.00	 716.67	 52.00	 50	 0.28	 
MRI_faces_151	 1	 12	 1216.jpg	 2.201196e+02	 12	 999000	 120	 999000	 999	 2.211362e+02	 750.00	 716.67	 11.00	 26	 0.70	 
MRI_faces_151	 1	 12	 2125.jpg	 2.241197e+02	 24	 999000	 240	 999000	 999	 2.251364e+02	 750.00	 716.67	 55.00	 47	 0.25	 
MRI_faces_151	 1	 12	 2118.jpg	 2.281197e+02	 24	 999000	 240	 999000	 999	 2.291364e+02	 750.00	 716.67	 56.00	 46	 0.22	 
MRI_faces_151	 1	 12	 1127.jpg	 2.301198e+02	 12	 999000	 120	 999000	 999	 2.311366e+02	 750.00	 716.67	 20.00	 14	 0.59	 
MRI_faces_151	 1	 12	 2110.jpg	 2.321198e+02	 24	 999000	 240	 999000	 999	 2.331365e+02	 750.00	 716.67	 54.00	 44	 0.26	 
MRI_faces_151	 1	 12	 1210.jpg	 2.341200e+02	 12	 999000	 120	 999000	 999	 2.351365e+02	 750.00	 716.67	 3.00	 25	 0.76	 
MRI_faces_151	 1	 12	 1226.jpg	 2.361199e+02	 22	 9.976822e+02	 220	 7.169509e+02	 98	 2.371366e+02	 750.00	 733.34	 47.00	 27	 0.39	 
MRI_faces_151	 1	 12	 2089.jpg	 2.421200e+02	 12	 999000	 120	 999000	 999	 2.431366e+02	 750.00	 733.34	 17.00	 42	 0.59	 
MRI_faces_151	 1	 12	 1150.jpg	 2.441200e+02	 22	 9.626158e+02	 220	 7.336713e+02	 98	 2.451366e+02	 750.00	 750.00	 50.00	 18	 0.35	 
