subjectID	 order	 runNum	 itemName	 onsetTime	 shuff_trialType	 RT	 respInTime	 AudioTime	 response	 fixationTime	 ladder1	 ladder2	 bidIndex	 itemNameIndex	 bidValue	 
MRI_faces_132	 2	 3	 2015.jpg	 2.428937e+00	 12	 999000	 120	 999000	 999	 3.446038e+00	 750.00	 683.34	 7.00	 33	 0.74	 
MRI_faces_132	 2	 3	 1127.jpg	 4.411953e+00	 24	 999000	 240	 999000	 999	 5.428829e+00	 750.00	 683.34	 57.00	 14	 0.15	 
MRI_faces_132	 2	 3	 2024.jpg	 7.412533e+00	 11	 1.090543e+03	 1100	 7.518637e+02	 98	 8.430304e+00	 700.00	 683.34	 17.00	 34	 0.67	 
MRI_faces_132	 2	 3	 1027.jpg	 1.041302e+01	 12	 999000	 120	 999000	 999	 1.142990e+01	 700.00	 683.34	 4.00	 5	 0.77	 
MRI_faces_132	 2	 3	 1255.jpg	 1.241341e+01	 24	 999000	 240	 999000	 999	 1.343020e+01	 700.00	 683.34	 39.00	 29	 0.44	 
MRI_faces_132	 2	 3	 1191.jpg	 1.641410e+01	 22	 1.016971e+03	 2200	 6.850084e+02	 98	 1.743100e+01	 700.00	 633.34	 48.00	 21	 0.31	 
MRI_faces_132	 2	 3	 1226.jpg	 2.141506e+01	 22	 8.670067e+02	 220	 6.336055e+02	 98	 2.243191e+01	 700.00	 650.01	 49.00	 27	 0.31	 
MRI_faces_132	 2	 3	 2041.jpg	 2.341533e+01	 22	 9.937579e+02	 220	 6.502822e+02	 98	 2.443220e+01	 700.00	 666.67	 51.00	 36	 0.30	 
MRI_faces_132	 2	 3	 2218.jpg	 2.641591e+01	 24	 999000	 240	 999000	 999	 2.743275e+01	 700.00	 666.67	 53.00	 57	 0.27	 
MRI_faces_132	 2	 3	 1246.jpg	 2.841629e+01	 12	 999000	 120	 999000	 999	 2.943310e+01	 700.00	 666.67	 15.00	 28	 0.68	 
MRI_faces_132	 2	 3	 1183.jpg	 3.441712e+01	 24	 999000	 240	 999000	 999	 3.543387e+01	 700.00	 666.67	 50.00	 20	 0.30	 
MRI_faces_132	 2	 3	 1145.jpg	 3.741785e+01	 12	 999000	 120	 999000	 999	 3.843464e+01	 700.00	 666.67	 13.00	 16	 0.69	 
MRI_faces_132	 2	 3	 2110.jpg	 4.241876e+01	 24	 999000	 240	 999000	 999	 4.343550e+01	 700.00	 666.67	 56.00	 44	 0.16	 
MRI_faces_132	 2	 3	 1073.jpg	 4.441911e+01	 12	 999000	 120	 999000	 999	 4.543590e+01	 700.00	 666.67	 18.00	 11	 0.65	 
MRI_faces_132	 2	 3	 2181.jpg	 4.641943e+01	 11	 9.146388e+02	 110	 7.002654e+02	 98	 4.743625e+01	 716.67	 666.67	 14.00	 53	 0.69	 
MRI_faces_132	 2	 3	 2125.jpg	 5.042019e+01	 11	 9.258819e+02	 110	 7.169785e+02	 98	 5.143695e+01	 733.33	 666.67	 9.00	 47	 0.72	 
MRI_faces_132	 2	 3	 2128.jpg	 5.242047e+01	 22	 8.366112e+02	 220	 6.670022e+02	 98	 5.343731e+01	 733.33	 683.34	 54.00	 48	 0.19	 
MRI_faces_132	 2	 3	 1210.jpg	 5.542104e+01	 24	 999000	 240	 999000	 999	 5.643782e+01	 733.33	 683.34	 40.00	 25	 0.43	 
MRI_faces_132	 2	 3	 2045.jpg	 5.842150e+01	 12	 999000	 120	 999000	 999	 5.943837e+01	 733.33	 683.34	 20.00	 38	 0.60	 
MRI_faces_132	 2	 3	 1080.jpg	 6.142210e+01	 24	 999000	 240	 999000	 999	 6.243888e+01	 733.33	 683.34	 58.00	 12	 0.14	 
MRI_faces_132	 2	 3	 2112.jpg	 6.342249e+01	 12	 999000	 120	 999000	 999	 6.443919e+01	 733.33	 683.34	 10.00	 45	 0.72	 
MRI_faces_132	 2	 3	 1019.jpg	 6.741289e+01	 24	 999000	 240	 999000	 999	 6.842956e+01	 733.33	 683.34	 52.00	 4	 0.30	 
MRI_faces_132	 2	 3	 2039.jpg	 6.942345e+01	 12	 999000	 120	 999000	 999	 7.044033e+01	 733.33	 683.34	 22.00	 35	 0.58	 
MRI_faces_132	 2	 3	 1007.jpg	 7.142390e+01	 12	 999000	 120	 999000	 999	 7.244065e+01	 733.33	 683.34	 6.00	 1	 0.74	 
MRI_faces_132	 2	 3	 2089.jpg	 7.341307e+01	 12	 999000	 120	 999000	 999	 7.442966e+01	 733.33	 683.34	 12.00	 42	 0.71	 
MRI_faces_132	 2	 3	 1060.jpg	 7.541301e+01	 22	 9.740473e+02	 220	 6.835937e+02	 98	 7.642966e+01	 733.33	 700.01	 43.00	 10	 0.41	 
MRI_faces_132	 2	 3	 2248.jpg	 7.941311e+01	 12	 999000	 120	 999000	 999	 8.042974e+01	 733.33	 700.01	 5.00	 60	 0.76	 
MRI_faces_132	 2	 3	 1017.jpg	 8.341317e+01	 24	 999000	 240	 999000	 999	 8.442986e+01	 733.33	 700.01	 41.00	 3	 0.42	 
MRI_faces_132	 2	 3	 1216.jpg	 8.741323e+01	 12	 999000	 120	 999000	 999	 8.842984e+01	 733.33	 700.01	 3.00	 26	 0.80	 
MRI_faces_132	 2	 3	 2058.jpg	 9.041333e+01	 24	 999000	 240	 999000	 999	 9.142999e+01	 733.33	 700.01	 47.00	 40	 0.32	 
MRI_faces_132	 2	 3	 2194.jpg	 9.241338e+01	 22	 1.076699e+03	 2200	 7.002872e+02	 98	 9.342991e+01	 733.33	 650.01	 46.00	 54	 0.35	 
MRI_faces_132	 2	 3	 1146.jpg	 9.441332e+01	 24	 999000	 240	 999000	 999	 9.543000e+01	 733.33	 650.01	 45.00	 17	 0.37	 
MRI_faces_132	 2	 3	 2043.jpg	 9.641333e+01	 24	 999000	 240	 999000	 999	 9.743006e+01	 733.33	 650.01	 44.00	 37	 0.41	 
MRI_faces_132	 2	 3	 2229.jpg	 9.841358e+01	 12	 999000	 120	 999000	 999	 9.943002e+01	 733.33	 650.01	 21.00	 58	 0.60	 
MRI_faces_132	 2	 3	 1204.jpg	 1.024134e+02	 24	 999000	 240	 999000	 999	 1.034301e+02	 733.33	 650.01	 55.00	 24	 0.16	 
MRI_faces_132	 2	 3	 2240.jpg	 1.044135e+02	 11	 1.003658e+03	 1100	 7.336402e+02	 98	 1.054302e+02	 683.33	 650.01	 16.00	 59	 0.68	 
MRI_faces_132	 2	 3	 2155.jpg	 1.114142e+02	 24	 999000	 240	 999000	 999	 1.124310e+02	 683.33	 650.01	 42.00	 51	 0.42	 
MRI_faces_132	 2	 3	 2212.jpg	 1.154149e+02	 11	 9.631884e+02	 110	 6.836020e+02	 98	 1.164317e+02	 700.00	 650.01	 11.00	 56	 0.72	 
MRI_faces_132	 2	 3	 2063.jpg	 1.184156e+02	 12	 999000	 120	 999000	 999	 1.194323e+02	 700.00	 650.01	 19.00	 41	 0.61	 
MRI_faces_132	 2	 3	 2010.jpg	 1.224161e+02	 11	 9.229740e+02	 110	 7.002800e+02	 98	 1.234329e+02	 716.67	 650.01	 8.00	 32	 0.72	 
