subjectID	 order	 runNum	 itemName	 onsetTime	 shuff_trialType	 RT	 respInTime	 AudioTime	 response	 fixationTime	 ladder1	 ladder2	 bidIndex	 itemNameIndex	 bidValue	 
MRI_faces_151	 1	 6	 2010.jpg	 1.241279e+02	 12	 999000	 120	 999000	 999	 1.251446e+02	 716.67	 716.67	 4.00	 32	 0.75	 
MRI_faces_151	 1	 6	 2024.jpg	 1.261281e+02	 24	 999000	 240	 999000	 999	 1.271449e+02	 716.67	 716.67	 51.00	 34	 0.35	 
MRI_faces_151	 1	 6	 2006.jpg	 1.291287e+02	 24	 999000	 240	 999000	 999	 1.301455e+02	 716.67	 716.67	 48.00	 31	 0.37	 
MRI_faces_151	 1	 6	 2089.jpg	 1.321292e+02	 12	 999000	 120	 999000	 999	 1.331460e+02	 716.67	 716.67	 17.00	 42	 0.59	 
MRI_faces_151	 1	 6	 2128.jpg	 1.341295e+02	 12	 999000	 120	 999000	 999	 1.351463e+02	 716.67	 716.67	 14.00	 48	 0.63	 
MRI_faces_151	 1	 6	 1255.jpg	 1.381281e+02	 12	 999000	 120	 999000	 999	 1.391470e+02	 716.67	 716.67	 21.00	 29	 0.55	 
MRI_faces_151	 1	 6	 2229.jpg	 1.431282e+02	 12	 999000	 120	 999000	 999	 1.441448e+02	 716.67	 716.67	 19.00	 58	 0.59	 
MRI_faces_151	 1	 6	 1262.jpg	 1.451282e+02	 11	 9.366652e+02	 110	 7.169706e+02	 98	 1.461448e+02	 733.34	 716.67	 13.00	 30	 0.64	 
MRI_faces_151	 1	 6	 1150.jpg	 1.481282e+02	 22	 9.906144e+02	 220	 7.169801e+02	 98	 1.491488e+02	 733.34	 733.34	 50.00	 18	 0.35	 
MRI_faces_151	 1	 6	 2045.jpg	 1.501282e+02	 24	 999000	 240	 999000	 999	 1.511449e+02	 733.34	 733.34	 40.00	 38	 0.42	 
MRI_faces_151	 1	 6	 1191.jpg	 1.561284e+02	 11	 9.483916e+02	 110	 7.336289e+02	 98	 1.571451e+02	 750.00	 733.34	 18.00	 21	 0.59	 
MRI_faces_151	 1	 6	 1031.jpg	 1.591284e+02	 11	 9.784141e+02	 110	 7.502840e+02	 98	 1.601451e+02	 766.67	 733.34	 12.00	 6	 0.68	 
MRI_faces_151	 1	 6	 1145.jpg	 1.641285e+02	 12	 999000	 120	 999000	 999	 1.651453e+02	 766.67	 733.34	 6.00	 16	 0.74	 
MRI_faces_151	 1	 6	 2063.jpg	 1.661285e+02	 12	 999000	 120	 999000	 999	 1.671451e+02	 766.67	 733.34	 16.00	 41	 0.60	 
MRI_faces_151	 1	 6	 2153.jpg	 1.681286e+02	 22	 9.892844e+02	 220	 7.336234e+02	 98	 1.691454e+02	 766.67	 750.00	 52.00	 50	 0.28	 
MRI_faces_151	 1	 6	 1017.jpg	 1.721286e+02	 22	 9.752404e+02	 220	 7.502602e+02	 98	 1.731452e+02	 766.67	 766.67	 45.00	 3	 0.40	 
MRI_faces_151	 1	 6	 1114.jpg	 1.741286e+02	 12	 999000	 120	 999000	 999	 1.751455e+02	 766.67	 766.67	 9.00	 13	 0.72	 
MRI_faces_151	 1	 6	 2155.jpg	 1.771287e+02	 24	 999000	 240	 999000	 999	 1.781454e+02	 766.67	 766.67	 46.00	 51	 0.39	 
MRI_faces_151	 1	 6	 1202.jpg	 1.801289e+02	 12	 999000	 120	 999000	 999	 1.811454e+02	 766.67	 766.67	 22.00	 23	 0.54	 
MRI_faces_151	 1	 6	 2248.jpg	 1.831287e+02	 24	 999000	 240	 999000	 999	 1.841454e+02	 766.67	 766.67	 49.00	 60	 0.36	 
MRI_faces_151	 1	 6	 2118.jpg	 1.851288e+02	 24	 999000	 240	 999000	 999	 1.861454e+02	 766.67	 766.67	 56.00	 46	 0.22	 
MRI_faces_151	 1	 6	 2125.jpg	 1.891289e+02	 24	 999000	 240	 999000	 999	 1.901455e+02	 766.67	 766.67	 55.00	 47	 0.25	 
MRI_faces_151	 1	 6	 2218.jpg	 1.911289e+02	 24	 999000	 240	 999000	 999	 1.921455e+02	 766.67	 766.67	 42.00	 57	 0.41	 
MRI_faces_151	 1	 6	 1146.jpg	 1.931290e+02	 12	 999000	 120	 999000	 999	 1.941456e+02	 766.67	 766.67	 8.00	 17	 0.72	 
MRI_faces_151	 1	 6	 2110.jpg	 1.951289e+02	 24	 999000	 240	 999000	 999	 1.961458e+02	 766.67	 766.67	 54.00	 44	 0.26	 
MRI_faces_151	 1	 6	 2094.jpg	 1.971291e+02	 24	 999000	 240	 999000	 999	 1.981457e+02	 766.67	 766.67	 39.00	 43	 0.44	 
MRI_faces_151	 1	 6	 2043.jpg	 2.011291e+02	 22	 1.014810e+03	 2200	 7.669382e+02	 98	 2.021457e+02	 766.67	 716.67	 44.00	 37	 0.40	 
MRI_faces_151	 1	 6	 2209.jpg	 2.051291e+02	 11	 1.027684e+03	 1100	 7.669325e+02	 98	 2.061457e+02	 716.67	 716.67	 10.00	 55	 0.71	 
MRI_faces_151	 1	 6	 1210.jpg	 2.091292e+02	 12	 999000	 120	 999000	 999	 2.101458e+02	 716.67	 716.67	 3.00	 25	 0.76	 
MRI_faces_151	 1	 6	 1246.jpg	 2.121292e+02	 11	 9.496716e+02	 110	 7.169484e+02	 98	 2.131459e+02	 733.34	 716.67	 7.00	 28	 0.73	 
MRI_faces_151	 1	 6	 1226.jpg	 2.141292e+02	 22	 9.796326e+02	 220	 7.169528e+02	 98	 2.151459e+02	 733.34	 733.34	 47.00	 27	 0.39	 
MRI_faces_151	 1	 6	 1035.jpg	 2.161292e+02	 24	 999000	 240	 999000	 999	 2.171460e+02	 733.34	 733.34	 41.00	 7	 0.42	 
MRI_faces_151	 1	 6	 2181.jpg	 2.181294e+02	 24	 999000	 240	 999000	 999	 2.191459e+02	 733.34	 733.34	 57.00	 53	 0.21	 
MRI_faces_151	 1	 6	 1127.jpg	 2.201293e+02	 12	 999000	 120	 999000	 999	 2.211460e+02	 733.34	 733.34	 20.00	 14	 0.59	 
MRI_faces_151	 1	 6	 1050.jpg	 2.241287e+02	 12	 999000	 120	 999000	 999	 2.251461e+02	 733.34	 733.34	 5.00	 8	 0.74	 
MRI_faces_151	 1	 6	 2194.jpg	 2.261294e+02	 24	 999000	 240	 999000	 999	 2.271463e+02	 733.34	 733.34	 58.00	 54	 0.18	 
MRI_faces_151	 1	 6	 1216.jpg	 2.331134e+02	 12	 999000	 120	 999000	 999	 2.341304e+02	 733.34	 733.34	 11.00	 26	 0.70	 
MRI_faces_151	 1	 6	 2058.jpg	 2.371145e+02	 11	 9.852970e+02	 110	 7.336106e+02	 98	 2.381312e+02	 750.00	 733.34	 15.00	 40	 0.63	 
MRI_faces_151	 1	 6	 2164.jpg	 2.401149e+02	 24	 999000	 240	 999000	 999	 2.411317e+02	 750.00	 733.34	 43.00	 52	 0.40	 
MRI_faces_151	 1	 6	 1052.jpg	 2.441297e+02	 22	 9.791220e+02	 220	 7.336220e+02	 98	 2.451464e+02	 750.00	 750.00	 53.00	 9	 0.27	 
