subjectID	 order	 runNum	 itemName	 onsetTime	 shuff_trialType	 RT	 respInTime	 AudioTime	 response	 fixationTime	 ladder1	 ladder2	 bidIndex	 itemNameIndex	 bidValue	 
MRI_faces_126	 2	 6	 2209.jpg	 1.242007e+02	 12	 999000	 120	 999000	 999	 1.252175e+02	 783.33	 849.99	 10.00	 55	 0.72	 
MRI_faces_126	 2	 6	 2218.jpg	 1.281898e+02	 24	 999000	 240	 999000	 999	 1.292064e+02	 783.33	 849.99	 40.00	 57	 0.43	 
MRI_faces_126	 2	 6	 1226.jpg	 1.301898e+02	 24	 999000	 240	 999000	 999	 1.312064e+02	 783.33	 849.99	 56.00	 27	 0.16	 
MRI_faces_126	 2	 6	 2063.jpg	 1.351899e+02	 12	 999000	 120	 999000	 999	 1.362066e+02	 783.33	 849.99	 5.00	 41	 0.81	 
MRI_faces_126	 2	 6	 1080.jpg	 1.371899e+02	 24	 999000	 240	 999000	 999	 1.382065e+02	 783.33	 849.99	 58.00	 12	 0.16	 
MRI_faces_126	 2	 6	 2039.jpg	 1.391900e+02	 22	 9.835422e+02	 220	 8.503111e+02	 98	 1.402399e+02	 783.33	 866.66	 46.00	 35	 0.40	 
MRI_faces_126	 2	 6	 1052.jpg	 1.431899e+02	 24	 999000	 240	 999000	 999	 1.442066e+02	 783.33	 866.66	 41.00	 9	 0.43	 
MRI_faces_126	 2	 6	 2181.jpg	 1.451899e+02	 12	 999000	 120	 999000	 999	 1.462067e+02	 783.33	 866.66	 3.00	 53	 0.88	 
MRI_faces_126	 2	 6	 2164.jpg	 1.471900e+02	 24	 999000	 240	 999000	 999	 1.482066e+02	 783.33	 866.66	 45.00	 52	 0.41	 
MRI_faces_126	 2	 6	 1019.jpg	 1.501900e+02	 24	 999000	 240	 999000	 999	 1.512067e+02	 783.33	 866.66	 55.00	 4	 0.18	 
MRI_faces_126	 2	 6	 2089.jpg	 1.521901e+02	 12	 999000	 120	 999000	 999	 1.532067e+02	 783.33	 866.66	 21.00	 42	 0.57	 
MRI_faces_126	 2	 6	 1013.jpg	 1.561901e+02	 24	 999000	 240	 999000	 999	 1.572069e+02	 783.33	 866.66	 42.00	 2	 0.42	 
MRI_faces_126	 2	 6	 2229.jpg	 1.621908e+02	 12	 999000	 120	 999000	 999	 1.632075e+02	 783.33	 866.66	 4.00	 58	 0.83	 
MRI_faces_126	 2	 6	 1031.jpg	 1.651913e+02	 11	 9.461642e+02	 110	 7.835837e+02	 98	 1.662080e+02	 800.00	 866.66	 14.00	 6	 0.70	 
MRI_faces_126	 2	 6	 2045.jpg	 1.671917e+02	 24	 999000	 240	 999000	 999	 1.682086e+02	 800.00	 866.66	 57.00	 38	 0.16	 
MRI_faces_126	 2	 6	 2094.jpg	 1.691919e+02	 12	 999000	 120	 999000	 999	 1.702087e+02	 800.00	 866.66	 12.00	 43	 0.71	 
MRI_faces_126	 2	 6	 2110.jpg	 1.711923e+02	 22	 9.931913e+02	 220	 8.669211e+02	 98	 1.722570e+02	 800.00	 883.32	 54.00	 44	 0.18	 
MRI_faces_126	 2	 6	 2125.jpg	 1.731928e+02	 12	 999000	 120	 999000	 999	 1.742094e+02	 800.00	 883.32	 6.00	 47	 0.81	 
MRI_faces_126	 2	 6	 2248.jpg	 1.761929e+02	 12	 999000	 120	 999000	 999	 1.772100e+02	 800.00	 883.32	 19.00	 60	 0.58	 
MRI_faces_126	 2	 6	 2155.jpg	 1.801938e+02	 24	 999000	 240	 999000	 999	 1.812107e+02	 800.00	 883.32	 39.00	 51	 0.44	 
MRI_faces_126	 2	 6	 1073.jpg	 1.831944e+02	 12	 999000	 120	 999000	 999	 1.842112e+02	 800.00	 883.32	 15.00	 11	 0.67	 
MRI_faces_126	 2	 6	 2153.jpg	 1.871951e+02	 12	 999000	 120	 999000	 999	 1.882120e+02	 800.00	 883.32	 7.00	 50	 0.81	 
MRI_faces_126	 2	 6	 1127.jpg	 1.921960e+02	 24	 999000	 240	 999000	 999	 1.932128e+02	 800.00	 883.32	 52.00	 14	 0.20	 
MRI_faces_126	 2	 6	 1173.jpg	 1.961966e+02	 22	 1.112839e+03	 2200	 8.835978e+02	 98	 1.972802e+02	 800.00	 833.32	 43.00	 19	 0.42	 
MRI_faces_126	 2	 6	 1007.jpg	 1.991972e+02	 12	 999000	 120	 999000	 999	 2.002140e+02	 800.00	 833.32	 18.00	 1	 0.59	 
MRI_faces_126	 2	 6	 2058.jpg	 2.011976e+02	 24	 999000	 240	 999000	 999	 2.022144e+02	 800.00	 833.32	 53.00	 40	 0.19	 
MRI_faces_126	 2	 6	 2053.jpg	 2.031979e+02	 11	 8.815788e+02	 110	 8.003015e+02	 98	 2.042147e+02	 816.66	 833.32	 11.00	 39	 0.71	 
MRI_faces_126	 2	 6	 2015.jpg	 2.101992e+02	 12	 999000	 120	 999000	 999	 2.112159e+02	 816.66	 833.32	 22.00	 33	 0.57	 
MRI_faces_126	 2	 6	 1246.jpg	 2.131997e+02	 24	 999000	 240	 999000	 999	 2.142164e+02	 816.66	 833.32	 44.00	 28	 0.41	 
MRI_faces_126	 2	 6	 1191.jpg	 2.152000e+02	 24	 999000	 240	 999000	 999	 2.162168e+02	 816.66	 833.32	 50.00	 21	 0.25	 
MRI_faces_126	 2	 6	 1210.jpg	 2.191910e+02	 11	 7.605167e+02	 11	 8.169395e+02	 98	 2.202077e+02	 833.33	 833.32	 17.00	 25	 0.65	 
MRI_faces_126	 2	 6	 1035.jpg	 2.211911e+02	 11	 9.814010e+02	 110	 8.335976e+02	 98	 2.222179e+02	 850.00	 833.32	 9.00	 7	 0.72	 
MRI_faces_126	 2	 6	 1050.jpg	 2.241912e+02	 12	 999000	 120	 999000	 999	 2.252078e+02	 850.00	 833.32	 20.00	 8	 0.58	 
MRI_faces_126	 2	 6	 1255.jpg	 2.261912e+02	 24	 999000	 240	 999000	 999	 2.272078e+02	 850.00	 833.32	 47.00	 29	 0.39	 
MRI_faces_126	 2	 6	 1150.jpg	 2.301913e+02	 22	 1.001413e+03	 2200	 8.335874e+02	 98	 2.312245e+02	 850.00	 783.32	 51.00	 18	 0.20	 
MRI_faces_126	 2	 6	 1183.jpg	 2.321912e+02	 22	 9.792517e+02	 220	 7.835970e+02	 98	 2.332080e+02	 850.00	 799.99	 48.00	 20	 0.36	 
MRI_faces_126	 2	 6	 1027.jpg	 2.361913e+02	 11	 9.902175e+02	 110	 8.503075e+02	 98	 2.372413e+02	 866.66	 799.99	 16.00	 5	 0.65	 
MRI_faces_126	 2	 6	 1216.jpg	 2.391913e+02	 12	 999000	 120	 999000	 999	 2.402080e+02	 866.66	 799.99	 13.00	 26	 0.70	 
MRI_faces_126	 2	 6	 2112.jpg	 2.411915e+02	 11	 9.080223e+02	 110	 8.669715e+02	 98	 2.422547e+02	 883.33	 799.99	 8.00	 45	 0.74	 
MRI_faces_126	 2	 6	 1204.jpg	 2.441914e+02	 22	 1.018098e+03	 2200	 8.002655e+02	 98	 2.452081e+02	 883.33	 749.99	 49.00	 24	 0.25	 
