subjectID	 order	 runNum	 itemName	 onsetTime	 shuff_trialType	 RT	 respInTime	 AudioTime	 response	 fixationTime	 ladder1	 ladder2	 bidIndex	 itemNameIndex	 bidValue	 
MRI_faces_110	 2	 7	 1183.jpg	 2.391392e+00	 11	 9.670965e+02	 110	 7.524731e+02	 98	 3.408687e+00	 766.67	 750.00	 16.00	 20	 0.61	 
MRI_faces_110	 2	 7	 1050.jpg	 4.379598e+00	 12	 999000	 120	 999000	 999	 5.396372e+00	 766.67	 750.00	 12.00	 8	 0.74	 
MRI_faces_110	 2	 7	 2110.jpg	 7.380129e+00	 24	 999000	 240	 999000	 999	 8.397021e+00	 766.67	 750.00	 58.00	 44	 0.09	 
MRI_faces_110	 2	 7	 1060.jpg	 1.038070e+01	 12	 999000	 120	 999000	 999	 1.139748e+01	 766.67	 750.00	 13.00	 10	 0.73	 
MRI_faces_110	 2	 7	 2024.jpg	 1.238121e+01	 24	 999000	 240	 999000	 999	 1.339783e+01	 766.67	 750.00	 40.00	 34	 0.39	 
MRI_faces_110	 2	 7	 2240.jpg	 1.638172e+01	 24	 999000	 240	 999000	 999	 1.739857e+01	 766.67	 750.00	 44.00	 59	 0.36	 
MRI_faces_110	 2	 7	 1204.jpg	 2.138255e+01	 24	 999000	 240	 999000	 999	 2.239944e+01	 766.67	 750.00	 50.00	 24	 0.31	 
MRI_faces_110	 2	 7	 1145.jpg	 2.338297e+01	 12	 999000	 120	 999000	 999	 2.439977e+01	 766.67	 750.00	 7.00	 16	 0.79	 
MRI_faces_110	 2	 7	 1130.jpg	 2.638354e+01	 24	 999000	 240	 999000	 999	 2.740034e+01	 766.67	 750.00	 39.00	 15	 0.40	 
MRI_faces_110	 2	 7	 1017.jpg	 2.838381e+01	 11	 9.956980e+02	 110	 7.683785e+02	 98	 2.940066e+01	 783.33	 750.00	 11.00	 3	 0.74	 
MRI_faces_110	 2	 7	 2015.jpg	 3.438483e+01	 12	 999000	 120	 999000	 999	 3.540166e+01	 783.33	 750.00	 21.00	 33	 0.58	 
MRI_faces_110	 2	 7	 2118.jpg	 3.738537e+01	 12	 999000	 120	 999000	 999	 3.840220e+01	 783.33	 750.00	 19.00	 46	 0.58	 
MRI_faces_110	 2	 7	 2125.jpg	 4.238636e+01	 12	 999000	 120	 999000	 999	 4.340317e+01	 783.33	 750.00	 18.00	 47	 0.61	 
MRI_faces_110	 2	 7	 2041.jpg	 4.438673e+01	 22	 9.687487e+02	 220	 7.521710e+02	 98	 4.540352e+01	 783.33	 766.67	 51.00	 36	 0.31	 
MRI_faces_110	 2	 7	 2155.jpg	 4.638697e+01	 24	 999000	 240	 999000	 999	 4.740385e+01	 783.33	 766.67	 57.00	 51	 0.16	 
MRI_faces_110	 2	 7	 2010.jpg	 5.038771e+01	 12	 999000	 120	 999000	 999	 5.140453e+01	 783.33	 766.67	 5.00	 32	 0.81	 
MRI_faces_110	 2	 7	 2128.jpg	 5.238801e+01	 24	 999000	 240	 999000	 999	 5.340482e+01	 783.33	 766.67	 52.00	 48	 0.28	 
MRI_faces_110	 2	 7	 2248.jpg	 5.537528e+01	 12	 999000	 120	 999000	 999	 5.639183e+01	 783.33	 766.67	 4.00	 60	 0.82	 
MRI_faces_110	 2	 7	 1073.jpg	 5.837534e+01	 24	 999000	 240	 999000	 999	 5.939185e+01	 783.33	 766.67	 56.00	 11	 0.18	 
MRI_faces_110	 2	 7	 2112.jpg	 6.137528e+01	 12	 999000	 120	 999000	 999	 6.239204e+01	 783.33	 766.67	 3.00	 45	 0.82	 
MRI_faces_110	 2	 7	 1173.jpg	 6.337530e+01	 24	 999000	 240	 999000	 999	 6.439194e+01	 783.33	 766.67	 47.00	 19	 0.36	 
MRI_faces_110	 2	 7	 2229.jpg	 6.737531e+01	 12	 999000	 120	 999000	 999	 6.839203e+01	 783.33	 766.67	 22.00	 58	 0.57	 
MRI_faces_110	 2	 7	 2181.jpg	 6.937541e+01	 12	 999000	 120	 999000	 999	 7.039203e+01	 783.33	 766.67	 15.00	 53	 0.72	 
MRI_faces_110	 2	 7	 2149.jpg	 7.137557e+01	 24	 999000	 240	 999000	 999	 7.239206e+01	 783.33	 766.67	 53.00	 49	 0.25	 
MRI_faces_110	 2	 7	 1150.jpg	 7.337542e+01	 24	 999000	 240	 999000	 999	 7.439213e+01	 783.33	 766.67	 55.00	 18	 0.18	 
MRI_faces_110	 2	 7	 1019.jpg	 7.537545e+01	 24	 999000	 240	 999000	 999	 7.639222e+01	 783.33	 766.67	 45.00	 4	 0.36	 
MRI_faces_110	 2	 7	 2053.jpg	 7.937609e+01	 12	 999000	 120	 999000	 999	 8.039299e+01	 783.33	 766.67	 20.00	 39	 0.58	 
MRI_faces_110	 2	 7	 1035.jpg	 8.337688e+01	 12	 999000	 120	 999000	 999	 8.439365e+01	 783.33	 766.67	 10.00	 7	 0.74	 
MRI_faces_110	 2	 7	 2045.jpg	 8.737759e+01	 22	 9.708858e+02	 220	 7.669336e+02	 98	 8.839433e+01	 783.33	 783.33	 46.00	 38	 0.36	 
MRI_faces_110	 2	 7	 2063.jpg	 9.037801e+01	 11	 9.964745e+02	 110	 7.836046e+02	 98	 9.139537e+01	 800.00	 783.33	 17.00	 41	 0.61	 
MRI_faces_110	 2	 7	 2153.jpg	 9.237846e+01	 22	 9.900292e+02	 220	 7.836101e+02	 98	 9.339525e+01	 800.00	 800.00	 54.00	 50	 0.22	 
MRI_faces_110	 2	 7	 1052.jpg	 9.437876e+01	 22	 9.297531e+02	 220	 8.002980e+02	 98	 9.539559e+01	 800.00	 816.67	 43.00	 9	 0.37	 
MRI_faces_110	 2	 7	 2006.jpg	 9.637914e+01	 24	 999000	 240	 999000	 999	 9.739588e+01	 800.00	 816.67	 41.00	 31	 0.39	 
MRI_faces_110	 2	 7	 1226.jpg	 9.837949e+01	 22	 1.058001e+03	 2200	 8.169744e+02	 98	 9.939627e+01	 800.00	 766.67	 49.00	 27	 0.34	 
MRI_faces_110	 2	 7	 2039.jpg	 1.023802e+02	 24	 999000	 240	 999000	 999	 1.033970e+02	 800.00	 766.67	 42.00	 35	 0.38	 
MRI_faces_110	 2	 7	 1031.jpg	 1.043805e+02	 11	 9.560050e+02	 110	 8.002758e+02	 98	 1.053973e+02	 816.67	 766.67	 9.00	 6	 0.75	 
MRI_faces_110	 2	 7	 2218.jpg	 1.113817e+02	 11	 1.007764e+03	 1100	 8.169254e+02	 98	 1.124008e+02	 766.67	 766.67	 14.00	 57	 0.72	 
MRI_faces_110	 2	 7	 1146.jpg	 1.153824e+02	 22	 1.030051e+03	 2200	 7.669221e+02	 98	 1.163993e+02	 766.67	 716.67	 48.00	 17	 0.35	 
MRI_faces_110	 2	 7	 2209.jpg	 1.183830e+02	 11	 9.745063e+02	 110	 7.669423e+02	 98	 1.193998e+02	 783.33	 716.67	 8.00	 55	 0.77	 
MRI_faces_110	 2	 7	 1114.jpg	 1.223836e+02	 12	 999000	 120	 999000	 999	 1.234005e+02	 783.33	 716.67	 6.00	 13	 0.81	 
