subjectID	 order	 runNum	 itemName	 onsetTime	 shuff_trialType	 RT	 respInTime	 AudioTime	 response	 fixationTime	 ladder1	 ladder2	 bidIndex	 itemNameIndex	 bidValue	 
MRI_faces_132	 2	 10	 1017.jpg	 1.242095e+02	 24	 999000	 240	 999000	 999	 1.252262e+02	 650.01	 583.34	 41.00	 3	 0.42	 
MRI_faces_132	 2	 10	 2041.jpg	 1.272010e+02	 22	 9.236956e+02	 220	 5.836458e+02	 98	 1.282179e+02	 650.01	 600.01	 51.00	 36	 0.30	 
MRI_faces_132	 2	 10	 1255.jpg	 1.312018e+02	 24	 999000	 240	 999000	 999	 1.322186e+02	 650.01	 600.01	 39.00	 29	 0.44	 
MRI_faces_132	 2	 10	 1246.jpg	 1.342023e+02	 12	 999000	 120	 999000	 999	 1.352192e+02	 650.01	 600.01	 15.00	 28	 0.68	 
MRI_faces_132	 2	 10	 1127.jpg	 1.382030e+02	 24	 999000	 240	 999000	 999	 1.392198e+02	 650.01	 600.01	 57.00	 14	 0.15	 
MRI_faces_132	 2	 10	 2128.jpg	 1.412035e+02	 22	 9.992324e+02	 220	 6.002633e+02	 98	 1.422203e+02	 650.01	 616.67	 54.00	 48	 0.19	 
MRI_faces_132	 2	 10	 2229.jpg	 1.432039e+02	 12	 999000	 120	 999000	 999	 1.442207e+02	 650.01	 616.67	 21.00	 58	 0.60	 
MRI_faces_132	 2	 10	 1146.jpg	 1.462044e+02	 24	 999000	 240	 999000	 999	 1.472213e+02	 650.01	 616.67	 45.00	 17	 0.37	 
MRI_faces_132	 2	 10	 2089.jpg	 1.492050e+02	 12	 999000	 120	 999000	 999	 1.502218e+02	 650.01	 616.67	 12.00	 42	 0.71	 
MRI_faces_132	 2	 10	 1019.jpg	 1.542058e+02	 24	 999000	 240	 999000	 999	 1.552226e+02	 650.01	 616.67	 52.00	 4	 0.30	 
MRI_faces_132	 2	 10	 1060.jpg	 1.562062e+02	 22	 1.045588e+03	 2200	 6.169433e+02	 98	 1.572230e+02	 650.01	 566.67	 43.00	 10	 0.41	 
MRI_faces_132	 2	 10	 1080.jpg	 1.582066e+02	 24	 999000	 240	 999000	 999	 1.592234e+02	 650.01	 566.67	 58.00	 12	 0.14	 
MRI_faces_132	 2	 10	 2063.jpg	 1.622073e+02	 12	 999000	 120	 999000	 999	 1.632241e+02	 650.01	 566.67	 19.00	 41	 0.61	 
MRI_faces_132	 2	 10	 2212.jpg	 1.691937e+02	 11	 9.010981e+02	 110	 6.502927e+02	 98	 1.702102e+02	 666.68	 566.67	 11.00	 56	 0.72	 
MRI_faces_132	 2	 10	 2039.jpg	 1.711936e+02	 12	 999000	 120	 999000	 999	 1.722102e+02	 666.68	 566.67	 22.00	 35	 0.58	 
MRI_faces_132	 2	 10	 2043.jpg	 1.731937e+02	 24	 999000	 240	 999000	 999	 1.742103e+02	 666.68	 566.67	 44.00	 37	 0.41	 
MRI_faces_132	 2	 10	 2058.jpg	 1.751936e+02	 24	 999000	 240	 999000	 999	 1.762103e+02	 666.68	 566.67	 47.00	 40	 0.32	 
MRI_faces_132	 2	 10	 2181.jpg	 1.771937e+02	 11	 9.290449e+02	 110	 6.669898e+02	 98	 1.782104e+02	 683.34	 566.67	 14.00	 53	 0.69	 
MRI_faces_132	 2	 10	 1007.jpg	 1.791937e+02	 12	 999000	 120	 999000	 999	 1.802104e+02	 683.34	 566.67	 6.00	 1	 0.74	 
MRI_faces_132	 2	 10	 2125.jpg	 1.821940e+02	 11	 9.557235e+02	 110	 6.836165e+02	 98	 1.832109e+02	 700.01	 566.67	 9.00	 47	 0.72	 
MRI_faces_132	 2	 10	 1183.jpg	 1.841944e+02	 24	 999000	 240	 999000	 999	 1.852112e+02	 700.01	 566.67	 50.00	 20	 0.30	 
MRI_faces_132	 2	 10	 1216.jpg	 1.861948e+02	 12	 999000	 120	 999000	 999	 1.872116e+02	 700.01	 566.67	 3.00	 26	 0.80	 
MRI_faces_132	 2	 10	 2248.jpg	 1.901955e+02	 12	 999000	 120	 999000	 999	 1.912123e+02	 700.01	 566.67	 5.00	 60	 0.76	 
MRI_faces_132	 2	 10	 1204.jpg	 1.941962e+02	 24	 999000	 240	 999000	 999	 1.952130e+02	 700.01	 566.67	 55.00	 24	 0.16	 
MRI_faces_132	 2	 10	 1073.jpg	 2.001972e+02	 12	 999000	 120	 999000	 999	 2.012141e+02	 700.01	 566.67	 18.00	 11	 0.65	 
MRI_faces_132	 2	 10	 2045.jpg	 2.021976e+02	 12	 999000	 120	 999000	 999	 2.032144e+02	 700.01	 566.67	 20.00	 38	 0.60	 
MRI_faces_132	 2	 10	 2110.jpg	 2.041979e+02	 24	 999000	 240	 999000	 999	 2.052148e+02	 700.01	 566.67	 56.00	 44	 0.16	 
MRI_faces_132	 2	 10	 1145.jpg	 2.061984e+02	 12	 999000	 120	 999000	 999	 2.072151e+02	 700.01	 566.67	 13.00	 16	 0.69	 
MRI_faces_132	 2	 10	 2024.jpg	 2.101990e+02	 11	 1.079799e+03	 1100	 7.002773e+02	 98	 2.112159e+02	 650.01	 566.67	 17.00	 34	 0.67	 
MRI_faces_132	 2	 10	 1191.jpg	 2.121996e+02	 22	 7.951504e+02	 220	 5.669437e+02	 98	 2.132161e+02	 650.01	 583.34	 48.00	 21	 0.31	 
MRI_faces_132	 2	 10	 1226.jpg	 2.141997e+02	 22	 8.060939e+02	 220	 5.836365e+02	 98	 2.152165e+02	 650.01	 600.01	 49.00	 27	 0.31	 
MRI_faces_132	 2	 10	 1210.jpg	 2.162000e+02	 24	 999000	 240	 999000	 999	 2.172168e+02	 650.01	 600.01	 40.00	 25	 0.43	 
MRI_faces_132	 2	 10	 2240.jpg	 2.202007e+02	 11	 9.050512e+02	 110	 6.502731e+02	 98	 2.212175e+02	 666.68	 600.01	 16.00	 59	 0.68	 
MRI_faces_132	 2	 10	 2194.jpg	 2.242015e+02	 22	 8.432707e+02	 220	 6.002906e+02	 98	 2.252183e+02	 666.68	 616.67	 46.00	 54	 0.35	 
MRI_faces_132	 2	 10	 2010.jpg	 2.272020e+02	 11	 8.847559e+02	 110	 6.669474e+02	 98	 2.282189e+02	 683.34	 616.67	 8.00	 32	 0.72	 
MRI_faces_132	 2	 10	 2015.jpg	 2.322028e+02	 12	 999000	 120	 999000	 999	 2.332197e+02	 683.34	 616.67	 7.00	 33	 0.74	 
MRI_faces_132	 2	 10	 2112.jpg	 2.342034e+02	 12	 999000	 120	 999000	 999	 2.352200e+02	 683.34	 616.67	 10.00	 45	 0.72	 
MRI_faces_132	 2	 10	 2155.jpg	 2.372038e+02	 24	 999000	 240	 999000	 999	 2.382205e+02	 683.34	 616.67	 42.00	 51	 0.42	 
MRI_faces_132	 2	 10	 2218.jpg	 2.412045e+02	 24	 999000	 240	 999000	 999	 2.422213e+02	 683.34	 616.67	 53.00	 57	 0.27	 
MRI_faces_132	 2	 10	 1027.jpg	 2.442049e+02	 12	 999000	 120	 999000	 999	 2.452218e+02	 683.34	 616.67	 4.00	 5	 0.77	 
