subjectID	 order	 runNum	 itemName	 onsetTime	 shuff_trialType	 RT	 respInTime	 AudioTime	 response	 fixationTime	 ladder1	 ladder2	 bidIndex	 itemNameIndex	 bidValue	 
MRI_faces_138	 2	 3	 1173.jpg	 2.413383e+00	 24	 999000	 240	 999000	 999	 3.430488e+00	 683.34	 750.00	 55.00	 19	 0.20	 
MRI_faces_138	 2	 3	 2089.jpg	 4.410427e+00	 11	 9.067981e+02	 110	 6.852312e+02	 98	 5.427261e+00	 700.01	 750.00	 14.00	 42	 0.71	 
MRI_faces_138	 2	 3	 1007.jpg	 7.411078e+00	 24	 999000	 240	 999000	 999	 8.430708e+00	 700.01	 750.00	 50.00	 1	 0.28	 
MRI_faces_138	 2	 3	 1114.jpg	 1.039658e+01	 11	 9.376803e+02	 110	 7.002644e+02	 98	 1.141319e+01	 716.67	 750.00	 17.00	 13	 0.65	 
MRI_faces_138	 2	 3	 2110.jpg	 1.239661e+01	 24	 999000	 240	 999000	 999	 1.341317e+01	 716.67	 750.00	 39.00	 44	 0.39	 
MRI_faces_138	 2	 3	 1216.jpg	 1.639662e+01	 24	 999000	 240	 999000	 999	 1.741329e+01	 716.67	 750.00	 45.00	 26	 0.32	 
MRI_faces_138	 2	 3	 2125.jpg	 2.139677e+01	 11	 9.244855e+02	 110	 7.169771e+02	 98	 2.241364e+01	 733.34	 750.00	 9.00	 47	 0.76	 
MRI_faces_138	 2	 3	 2041.jpg	 2.339715e+01	 24	 999000	 240	 999000	 999	 2.441402e+01	 733.34	 750.00	 41.00	 36	 0.35	 
MRI_faces_138	 2	 3	 1019.jpg	 2.639770e+01	 22	 1.014562e+03	 2200	 7.517215e+02	 98	 2.741455e+01	 733.34	 700.00	 49.00	 4	 0.29	 
MRI_faces_138	 2	 3	 2149.jpg	 2.839801e+01	 24	 999000	 240	 999000	 999	 2.941485e+01	 733.34	 700.00	 57.00	 49	 0.19	 
MRI_faces_138	 2	 3	 2155.jpg	 3.439912e+01	 12	 999000	 120	 999000	 999	 3.541595e+01	 733.34	 700.00	 19.00	 51	 0.64	 
MRI_faces_138	 2	 3	 1035.jpg	 3.739959e+01	 12	 999000	 120	 999000	 999	 3.841640e+01	 733.34	 700.00	 13.00	 7	 0.71	 
MRI_faces_138	 2	 3	 2164.jpg	 4.240047e+01	 12	 999000	 120	 999000	 999	 4.341738e+01	 733.34	 700.00	 20.00	 52	 0.64	 
MRI_faces_138	 2	 3	 2039.jpg	 4.440088e+01	 12	 999000	 120	 999000	 999	 4.541762e+01	 733.34	 700.00	 15.00	 35	 0.70	 
MRI_faces_138	 2	 3	 2153.jpg	 4.640115e+01	 12	 999000	 120	 999000	 999	 4.741802e+01	 733.34	 700.00	 4.00	 50	 0.83	 
MRI_faces_138	 2	 3	 1202.jpg	 5.040195e+01	 22	 9.212958e+02	 220	 7.002402e+02	 98	 5.141869e+01	 733.34	 716.67	 46.00	 23	 0.31	 
MRI_faces_138	 2	 3	 1183.jpg	 5.240224e+01	 24	 999000	 240	 999000	 999	 5.341911e+01	 733.34	 716.67	 42.00	 20	 0.35	 
MRI_faces_138	 2	 3	 2218.jpg	 5.540278e+01	 11	 9.584809e+02	 110	 7.336113e+02	 98	 5.641963e+01	 750.01	 716.67	 16.00	 57	 0.67	 
MRI_faces_138	 2	 3	 1031.jpg	 5.840332e+01	 12	 999000	 120	 999000	 999	 5.942007e+01	 750.01	 716.67	 10.00	 6	 0.75	 
MRI_faces_138	 2	 3	 2053.jpg	 6.140382e+01	 12	 999000	 120	 999000	 999	 6.242062e+01	 750.01	 716.67	 12.00	 39	 0.71	 
MRI_faces_138	 2	 3	 2094.jpg	 6.340419e+01	 12	 999000	 120	 999000	 999	 6.442105e+01	 750.01	 716.67	 3.00	 43	 0.85	 
MRI_faces_138	 2	 3	 1146.jpg	 6.740490e+01	 22	 9.643332e+02	 220	 7.169331e+02	 98	 6.842175e+01	 750.01	 733.33	 48.00	 17	 0.30	 
MRI_faces_138	 2	 3	 2128.jpg	 6.940523e+01	 24	 999000	 240	 999000	 999	 7.042203e+01	 750.01	 733.33	 40.00	 48	 0.35	 
MRI_faces_138	 2	 3	 2058.jpg	 7.140559e+01	 24	 999000	 240	 999000	 999	 7.242235e+01	 750.01	 733.33	 47.00	 40	 0.31	 
MRI_faces_138	 2	 3	 1192.jpg	 7.340589e+01	 24	 999000	 240	 999000	 999	 7.442279e+01	 750.01	 733.33	 53.00	 22	 0.23	 
MRI_faces_138	 2	 3	 2015.jpg	 7.540630e+01	 12	 999000	 120	 999000	 999	 7.642315e+01	 750.01	 733.33	 18.00	 33	 0.64	 
MRI_faces_138	 2	 3	 1246.jpg	 7.940697e+01	 22	 9.902817e+02	 220	 7.336040e+02	 98	 8.042385e+01	 750.01	 750.00	 54.00	 28	 0.22	 
MRI_faces_138	 2	 3	 2181.jpg	 8.340772e+01	 12	 999000	 120	 999000	 999	 8.442448e+01	 750.01	 750.00	 5.00	 53	 0.82	 
MRI_faces_138	 2	 3	 2212.jpg	 8.740845e+01	 12	 999000	 120	 999000	 999	 8.842525e+01	 750.01	 750.00	 6.00	 56	 0.82	 
MRI_faces_138	 2	 3	 1255.jpg	 9.040896e+01	 24	 999000	 240	 999000	 999	 9.142569e+01	 750.01	 750.00	 58.00	 29	 0.16	 
MRI_faces_138	 2	 3	 1210.jpg	 9.240933e+01	 12	 999000	 120	 999000	 999	 9.342608e+01	 750.01	 750.00	 22.00	 25	 0.62	 
MRI_faces_138	 2	 3	 1027.jpg	 9.440965e+01	 24	 999000	 240	 999000	 999	 9.542649e+01	 750.01	 750.00	 52.00	 5	 0.25	 
MRI_faces_138	 2	 3	 2112.jpg	 9.641004e+01	 11	 1.067218e+03	 1100	 7.502913e+02	 98	 9.742676e+01	 700.01	 750.00	 8.00	 45	 0.77	 
MRI_faces_138	 2	 3	 1013.jpg	 9.841027e+01	 24	 999000	 240	 999000	 999	 9.942709e+01	 700.01	 750.00	 56.00	 2	 0.19	 
MRI_faces_138	 2	 3	 1150.jpg	 1.024110e+02	 24	 999000	 240	 999000	 999	 1.034278e+02	 700.01	 750.00	 44.00	 18	 0.32	 
MRI_faces_138	 2	 3	 1127.jpg	 1.043979e+02	 22	 1.057334e+03	 2200	 7.502871e+02	 98	 1.054146e+02	 700.01	 700.00	 43.00	 14	 0.33	 
MRI_faces_138	 2	 3	 1191.jpg	 1.113980e+02	 12	 999000	 120	 999000	 999	 1.124146e+02	 700.01	 700.00	 21.00	 21	 0.62	 
MRI_faces_138	 2	 3	 2006.jpg	 1.153981e+02	 12	 999000	 120	 999000	 999	 1.164148e+02	 700.01	 700.00	 7.00	 31	 0.81	 
MRI_faces_138	 2	 3	 2063.jpg	 1.183982e+02	 11	 8.650824e+02	 110	 7.003108e+02	 98	 1.194148e+02	 716.67	 700.00	 11.00	 41	 0.72	 
MRI_faces_138	 2	 3	 1262.jpg	 1.223981e+02	 22	 9.551157e+02	 220	 7.002448e+02	 98	 1.234149e+02	 716.67	 716.67	 51.00	 30	 0.25	 
