subjectID	 order	 runNum	 itemName	 onsetTime	 shuff_trialType	 RT	 respInTime	 AudioTime	 response	 fixationTime	 ladder1	 ladder2	 bidIndex	 itemNameIndex	 bidValue	 
MRI_faces_144	 2	 11	 2058.jpg	 2.432655e+00	 12	 999000	 120	 999000	 999	 3.450211e+00	 683.33	 550.00	 15.00	 40	 0.70	 
MRI_faces_144	 2	 11	 1080.jpg	 6.416517e+00	 24	 999000	 240	 999000	 999	 7.433312e+00	 683.33	 550.00	 58.00	 12	 0.13	 
MRI_faces_144	 2	 11	 1183.jpg	 8.416874e+00	 24	 999000	 240	 999000	 999	 9.433644e+00	 683.33	 550.00	 52.00	 20	 0.23	 
MRI_faces_144	 2	 11	 1035.jpg	 1.341779e+01	 22	 7.914574e+02	 220	 5.517969e+02	 98	 1.443462e+01	 683.33	 566.67	 46.00	 7	 0.31	 
MRI_faces_144	 2	 11	 2063.jpg	 1.541813e+01	 12	 999000	 120	 999000	 999	 1.643498e+01	 683.33	 566.67	 12.00	 41	 0.77	 
MRI_faces_144	 2	 11	 1192.jpg	 1.741844e+01	 24	 999000	 240	 999000	 999	 1.843524e+01	 683.33	 566.67	 57.00	 22	 0.14	 
MRI_faces_144	 2	 11	 2045.jpg	 2.141912e+01	 12	 999000	 120	 999000	 999	 2.243604e+01	 683.33	 566.67	 13.00	 38	 0.73	 
MRI_faces_144	 2	 11	 2128.jpg	 2.341949e+01	 12	 999000	 120	 999000	 999	 2.443636e+01	 683.33	 566.67	 18.00	 48	 0.65	 
MRI_faces_144	 2	 11	 2218.jpg	 2.541989e+01	 12	 999000	 120	 999000	 999	 2.643670e+01	 683.33	 566.67	 19.00	 57	 0.64	 
MRI_faces_144	 2	 11	 1060.jpg	 2.842010e+01	 22	 7.951535e+02	 220	 5.669231e+02	 98	 2.943699e+01	 683.33	 583.33	 49.00	 10	 0.27	 
MRI_faces_144	 2	 11	 2164.jpg	 3.042077e+01	 24	 999000	 240	 999000	 999	 3.143765e+01	 683.33	 583.33	 41.00	 52	 0.35	 
MRI_faces_144	 2	 11	 2125.jpg	 3.442164e+01	 11	 8.465906e+02	 110	 6.850892e+02	 98	 3.543833e+01	 700.00	 583.33	 11.00	 47	 0.77	 
MRI_faces_144	 2	 11	 1127.jpg	 4.042249e+01	 22	 7.757440e+02	 220	 5.836282e+02	 98	 4.143932e+01	 700.00	 600.00	 54.00	 14	 0.17	 
MRI_faces_144	 2	 11	 2010.jpg	 4.342310e+01	 12	 999000	 120	 999000	 999	 4.443988e+01	 700.00	 600.00	 20.00	 32	 0.64	 
MRI_faces_144	 2	 11	 1146.jpg	 4.542336e+01	 24	 999000	 240	 999000	 999	 4.644023e+01	 700.00	 600.00	 53.00	 17	 0.19	 
MRI_faces_144	 2	 11	 2041.jpg	 4.742381e+01	 11	 1.173434e+03	 1100	 7.002710e+02	 98	 4.844075e+01	 650.00	 600.00	 17.00	 36	 0.67	 
MRI_faces_144	 2	 11	 2212.jpg	 4.942418e+01	 12	 999000	 120	 999000	 999	 5.044095e+01	 650.00	 600.00	 6.00	 56	 0.81	 
MRI_faces_144	 2	 11	 1150.jpg	 5.142443e+01	 22	 9.008169e+02	 220	 6.003004e+02	 98	 5.244131e+01	 650.00	 616.67	 48.00	 18	 0.28	 
MRI_faces_144	 2	 11	 2039.jpg	 5.442483e+01	 12	 999000	 120	 999000	 999	 5.544151e+01	 650.00	 616.67	 4.00	 35	 0.86	 
MRI_faces_144	 2	 11	 1073.jpg	 5.842568e+01	 24	 999000	 240	 999000	 999	 5.944246e+01	 650.00	 616.67	 56.00	 11	 0.15	 
MRI_faces_144	 2	 11	 1007.jpg	 6.142631e+01	 24	 999000	 240	 999000	 999	 6.244313e+01	 650.00	 616.67	 40.00	 1	 0.38	 
MRI_faces_144	 2	 11	 2015.jpg	 6.541318e+01	 12	 999000	 120	 999000	 999	 6.642982e+01	 650.00	 616.67	 5.00	 33	 0.86	 
MRI_faces_144	 2	 11	 1246.jpg	 7.041318e+01	 24	 999000	 240	 999000	 999	 7.142987e+01	 650.00	 616.67	 42.00	 28	 0.35	 
MRI_faces_144	 2	 11	 2006.jpg	 7.441330e+01	 11	 9.079354e+02	 110	 6.502797e+02	 98	 7.542999e+01	 666.66	 616.67	 8.00	 31	 0.80	 
MRI_faces_144	 2	 11	 1216.jpg	 7.741331e+01	 24	 999000	 240	 999000	 999	 7.842996e+01	 666.66	 616.67	 47.00	 26	 0.30	 
MRI_faces_144	 2	 11	 1204.jpg	 7.941344e+01	 24	 999000	 240	 999000	 999	 8.043007e+01	 666.66	 616.67	 44.00	 24	 0.34	 
MRI_faces_144	 2	 11	 1019.jpg	 8.141345e+01	 22	 8.688008e+02	 220	 6.169670e+02	 98	 8.243004e+01	 666.66	 633.33	 43.00	 4	 0.35	 
MRI_faces_144	 2	 11	 2024.jpg	 8.841435e+01	 11	 9.198920e+02	 110	 6.669457e+02	 98	 8.943122e+01	 683.33	 633.33	 14.00	 34	 0.73	 
MRI_faces_144	 2	 11	 2043.jpg	 9.141487e+01	 12	 999000	 120	 999000	 999	 9.243164e+01	 683.33	 633.33	 22.00	 37	 0.60	 
MRI_faces_144	 2	 11	 1191.jpg	 9.341527e+01	 24	 999000	 240	 999000	 999	 9.443212e+01	 683.33	 633.33	 50.00	 21	 0.25	 
MRI_faces_144	 2	 11	 1013.jpg	 9.741593e+01	 24	 999000	 240	 999000	 999	 9.843277e+01	 683.33	 633.33	 55.00	 2	 0.16	 
MRI_faces_144	 2	 11	 1145.jpg	 9.941635e+01	 24	 999000	 240	 999000	 999	 1.004331e+02	 683.33	 633.33	 45.00	 16	 0.32	 
MRI_faces_144	 2	 11	 2112.jpg	 1.024167e+02	 12	 999000	 120	 999000	 999	 1.034336e+02	 683.33	 633.33	 3.00	 45	 0.88	 
MRI_faces_144	 2	 11	 1114.jpg	 1.044172e+02	 22	 8.510932e+02	 220	 6.336021e+02	 98	 1.054339e+02	 683.33	 650.00	 51.00	 13	 0.23	 
MRI_faces_144	 2	 11	 2089.jpg	 1.084178e+02	 12	 999000	 120	 999000	 999	 1.094347e+02	 683.33	 650.00	 21.00	 42	 0.63	 
MRI_faces_144	 2	 11	 2229.jpg	 1.104181e+02	 11	 9.281087e+02	 110	 6.836100e+02	 98	 1.114350e+02	 700.00	 650.00	 9.00	 58	 0.80	 
MRI_faces_144	 2	 11	 2194.jpg	 1.144189e+02	 12	 999000	 120	 999000	 999	 1.154357e+02	 700.00	 650.00	 7.00	 54	 0.81	 
MRI_faces_144	 2	 11	 1255.jpg	 1.174194e+02	 24	 999000	 240	 999000	 999	 1.184362e+02	 700.00	 650.00	 39.00	 29	 0.39	 
MRI_faces_144	 2	 11	 2153.jpg	 1.194198e+02	 12	 999000	 120	 999000	 999	 1.204367e+02	 700.00	 650.00	 10.00	 50	 0.79	 
MRI_faces_144	 2	 11	 2053.jpg	 1.224203e+02	 11	 9.509300e+02	 110	 7.004094e+02	 98	 1.234371e+02	 716.66	 650.00	 16.00	 39	 0.69	 
