subjectID	 order	 runNum	 itemName	 onsetTime	 shuff_trialType	 RT	 respInTime	 AudioTime	 response	 fixationTime	 ladder1	 ladder2	 bidIndex	 itemNameIndex	 bidValue	 
MRI_faces_151	 1	 4	 1216.jpg	 1.241131e+02	 12	 999000	 120	 999000	 999	 1.251300e+02	 716.67	 650.01	 11.00	 26	 0.70	 
MRI_faces_151	 1	 4	 2024.jpg	 1.271136e+02	 24	 999000	 240	 999000	 999	 1.281304e+02	 716.67	 650.01	 51.00	 34	 0.35	 
MRI_faces_151	 1	 4	 1035.jpg	 1.311144e+02	 24	 999000	 240	 999000	 999	 1.321312e+02	 716.67	 650.01	 41.00	 7	 0.42	 
MRI_faces_151	 1	 4	 2089.jpg	 1.341151e+02	 12	 999000	 120	 999000	 999	 1.351316e+02	 716.67	 650.01	 17.00	 42	 0.59	 
MRI_faces_151	 1	 4	 2218.jpg	 1.381156e+02	 24	 999000	 240	 999000	 999	 1.391324e+02	 716.67	 650.01	 42.00	 57	 0.41	 
MRI_faces_151	 1	 4	 2010.jpg	 1.411161e+02	 12	 999000	 120	 999000	 999	 1.421329e+02	 716.67	 650.01	 4.00	 32	 0.75	 
MRI_faces_151	 1	 4	 1262.jpg	 1.431164e+02	 11	 1.010394e+03	 1100	 7.169732e+02	 98	 1.441357e+02	 666.67	 650.01	 13.00	 30	 0.64	 
MRI_faces_151	 1	 4	 2128.jpg	 1.461171e+02	 12	 999000	 120	 999000	 999	 1.471338e+02	 666.67	 650.01	 14.00	 48	 0.63	 
MRI_faces_151	 1	 4	 1210.jpg	 1.491176e+02	 12	 999000	 120	 999000	 999	 1.501344e+02	 666.67	 650.01	 3.00	 25	 0.76	 
MRI_faces_151	 1	 4	 2229.jpg	 1.541121e+02	 12	 999000	 120	 999000	 999	 1.551287e+02	 666.67	 650.01	 19.00	 58	 0.59	 
MRI_faces_151	 1	 4	 2125.jpg	 1.561188e+02	 24	 999000	 240	 999000	 999	 1.571355e+02	 666.67	 650.01	 55.00	 47	 0.25	 
MRI_faces_151	 1	 4	 1146.jpg	 1.581122e+02	 12	 999000	 120	 999000	 999	 1.591288e+02	 666.67	 650.01	 8.00	 17	 0.72	 
MRI_faces_151	 1	 4	 1150.jpg	 1.621122e+02	 22	 8.956157e+02	 220	 6.502985e+02	 98	 1.631288e+02	 666.67	 666.68	 50.00	 18	 0.35	 
MRI_faces_151	 1	 4	 1145.jpg	 1.691123e+02	 12	 999000	 120	 999000	 999	 1.701290e+02	 666.67	 666.68	 6.00	 16	 0.74	 
MRI_faces_151	 1	 4	 2094.jpg	 1.711125e+02	 24	 999000	 240	 999000	 999	 1.721290e+02	 666.67	 666.68	 39.00	 43	 0.44	 
MRI_faces_151	 1	 4	 1050.jpg	 1.731123e+02	 12	 999000	 120	 999000	 999	 1.741290e+02	 666.67	 666.68	 5.00	 8	 0.74	 
MRI_faces_151	 1	 4	 2006.jpg	 1.751124e+02	 24	 999000	 240	 999000	 999	 1.761291e+02	 666.67	 666.68	 48.00	 31	 0.37	 
MRI_faces_151	 1	 4	 2118.jpg	 1.771124e+02	 24	 999000	 240	 999000	 999	 1.781291e+02	 666.67	 666.68	 56.00	 46	 0.22	 
MRI_faces_151	 1	 4	 1255.jpg	 1.791124e+02	 12	 999000	 120	 999000	 999	 1.801291e+02	 666.67	 666.68	 21.00	 29	 0.55	 
MRI_faces_151	 1	 4	 2155.jpg	 1.821125e+02	 24	 999000	 240	 999000	 999	 1.831292e+02	 666.67	 666.68	 46.00	 51	 0.39	 
MRI_faces_151	 1	 4	 1114.jpg	 1.841126e+02	 12	 999000	 120	 999000	 999	 1.851291e+02	 666.67	 666.68	 9.00	 13	 0.72	 
MRI_faces_151	 1	 4	 2110.jpg	 1.861127e+02	 24	 999000	 240	 999000	 999	 1.871292e+02	 666.67	 666.68	 54.00	 44	 0.26	 
MRI_faces_151	 1	 4	 1017.jpg	 1.901126e+02	 22	 1.085209e+03	 2200	 6.669610e+02	 98	 1.911293e+02	 666.67	 616.68	 45.00	 3	 0.40	 
MRI_faces_151	 1	 4	 2248.jpg	 1.941127e+02	 24	 999000	 240	 999000	 999	 1.951293e+02	 666.67	 616.68	 49.00	 60	 0.36	 
MRI_faces_151	 1	 4	 2043.jpg	 2.001128e+02	 22	 8.950285e+02	 220	 6.169635e+02	 98	 2.011294e+02	 666.67	 633.34	 44.00	 37	 0.40	 
MRI_faces_151	 1	 4	 2045.jpg	 2.021127e+02	 24	 999000	 240	 999000	 999	 2.031295e+02	 666.67	 633.34	 40.00	 38	 0.42	 
MRI_faces_151	 1	 4	 2194.jpg	 2.041128e+02	 24	 999000	 240	 999000	 999	 2.051297e+02	 666.67	 633.34	 58.00	 54	 0.18	 
MRI_faces_151	 1	 4	 2153.jpg	 2.061129e+02	 22	 8.549316e+02	 220	 6.336022e+02	 98	 2.071295e+02	 666.67	 650.01	 52.00	 50	 0.28	 
MRI_faces_151	 1	 4	 1246.jpg	 2.101130e+02	 11	 8.878447e+02	 110	 6.669777e+02	 98	 2.111297e+02	 683.34	 650.01	 7.00	 28	 0.73	 
MRI_faces_151	 1	 4	 2181.jpg	 2.121129e+02	 24	 999000	 240	 999000	 999	 2.131297e+02	 683.34	 650.01	 57.00	 53	 0.21	 
MRI_faces_151	 1	 4	 2209.jpg	 2.141130e+02	 11	 9.147896e+02	 110	 6.836223e+02	 98	 2.151296e+02	 700.00	 650.01	 10.00	 55	 0.71	 
MRI_faces_151	 1	 4	 1052.jpg	 2.161130e+02	 22	 8.908535e+02	 220	 6.502786e+02	 98	 2.171296e+02	 700.00	 666.68	 53.00	 9	 0.27	 
MRI_faces_151	 1	 4	 1226.jpg	 2.201135e+02	 22	 8.952654e+02	 220	 6.669374e+02	 98	 2.211302e+02	 700.00	 683.34	 47.00	 27	 0.39	 
MRI_faces_151	 1	 4	 1127.jpg	 2.241140e+02	 12	 999000	 120	 999000	 999	 2.251308e+02	 700.00	 683.34	 20.00	 14	 0.59	 
MRI_faces_151	 1	 4	 1031.jpg	 2.271146e+02	 11	 9.342355e+02	 110	 7.002819e+02	 98	 2.281315e+02	 716.67	 683.34	 12.00	 6	 0.68	 
MRI_faces_151	 1	 4	 1202.jpg	 2.321154e+02	 12	 999000	 120	 999000	 999	 2.331323e+02	 716.67	 683.34	 22.00	 23	 0.54	 
MRI_faces_151	 1	 4	 2164.jpg	 2.341158e+02	 24	 999000	 240	 999000	 999	 2.351325e+02	 716.67	 683.34	 43.00	 52	 0.40	 
MRI_faces_151	 1	 4	 2058.jpg	 2.371163e+02	 11	 9.525042e+02	 110	 7.169544e+02	 98	 2.381331e+02	 733.34	 683.34	 15.00	 40	 0.63	 
MRI_faces_151	 1	 4	 1191.jpg	 2.411170e+02	 11	 9.628049e+02	 110	 7.336047e+02	 98	 2.421340e+02	 750.00	 683.34	 18.00	 21	 0.59	 
MRI_faces_151	 1	 4	 2063.jpg	 2.441176e+02	 12	 999000	 120	 999000	 999	 2.451344e+02	 750.00	 683.34	 16.00	 41	 0.60	 
