subjectID	 order	 runNum	 itemName	 onsetTime	 shuff_trialType	 RT	 respInTime	 AudioTime	 response	 fixationTime	 ladder1	 ladder2	 bidIndex	 itemNameIndex	 bidValue	 
MRI_faces_124	 2	 1	 1114.jpg	 2.272756e+00	 12	 999000	 120	 999000	 999	 3.293477e+00	 750.00	 750.00	 13.00	 13	 0.70	 
MRI_faces_124	 2	 1	 1019.jpg	 5.260666e+00	 24	 999000	 240	 999000	 999	 6.277308e+00	 750.00	 750.00	 39.00	 4	 0.39	 
MRI_faces_124	 2	 1	 1202.jpg	 9.261272e+00	 24	 999000	 240	 999000	 999	 1.027811e+01	 750.00	 750.00	 57.00	 23	 0.17	 
MRI_faces_124	 2	 1	 1262.jpg	 1.226190e+01	 12	 999000	 120	 999000	 999	 1.327859e+01	 750.00	 750.00	 4.00	 30	 0.83	 
MRI_faces_124	 2	 1	 2112.jpg	 1.626249e+01	 11	 1.172479e+03	 1100	 7.545263e+02	 98	 1.727929e+01	 700.00	 750.00	 9.00	 45	 0.78	 
MRI_faces_124	 2	 1	 2045.jpg	 1.926306e+01	 12	 999000	 120	 999000	 999	 2.027984e+01	 700.00	 750.00	 20.00	 38	 0.62	 
MRI_faces_124	 2	 1	 2153.jpg	 2.126333e+01	 12	 999000	 120	 999000	 999	 2.228008e+01	 700.00	 750.00	 5.00	 50	 0.82	 
MRI_faces_124	 2	 1	 1226.jpg	 2.426382e+01	 24	 999000	 240	 999000	 999	 2.528073e+01	 700.00	 750.00	 53.00	 27	 0.23	 
MRI_faces_124	 2	 1	 1050.jpg	 2.726435e+01	 11	 9.495998e+02	 110	 7.003006e+02	 98	 2.828126e+01	 716.67	 750.00	 17.00	 8	 0.64	 
MRI_faces_124	 2	 1	 2229.jpg	 3.226532e+01	 12	 999000	 120	 999000	 999	 3.328212e+01	 716.67	 750.00	 18.00	 58	 0.63	 
MRI_faces_124	 2	 1	 2212.jpg	 3.426564e+01	 12	 999000	 120	 999000	 999	 3.528249e+01	 716.67	 750.00	 12.00	 56	 0.72	 
MRI_faces_124	 2	 1	 2248.jpg	 3.626593e+01	 12	 999000	 120	 999000	 999	 3.728288e+01	 716.67	 750.00	 6.00	 60	 0.81	 
MRI_faces_124	 2	 1	 2118.jpg	 4.026672e+01	 12	 999000	 120	 999000	 999	 4.128347e+01	 716.67	 750.00	 19.00	 46	 0.63	 
MRI_faces_124	 2	 1	 2015.jpg	 4.725590e+01	 11	 8.860739e+02	 110	 7.169684e+02	 98	 4.827245e+01	 733.33	 750.00	 8.00	 33	 0.79	 
MRI_faces_124	 2	 1	 2063.jpg	 4.925601e+01	 11	 1.002981e+03	 1100	 7.335919e+02	 98	 5.027257e+01	 683.33	 750.00	 11.00	 41	 0.72	 
MRI_faces_124	 2	 1	 1080.jpg	 5.125599e+01	 24	 999000	 240	 999000	 999	 5.227263e+01	 683.33	 750.00	 47.00	 12	 0.30	 
MRI_faces_124	 2	 1	 1035.jpg	 5.325603e+01	 11	 9.249250e+02	 110	 6.836200e+02	 98	 5.427259e+01	 700.00	 750.00	 16.00	 7	 0.67	 
MRI_faces_124	 2	 1	 1204.jpg	 5.525599e+01	 24	 999000	 240	 999000	 999	 5.627264e+01	 700.00	 750.00	 45.00	 24	 0.32	 
MRI_faces_124	 2	 1	 1191.jpg	 5.725604e+01	 22	 1.008968e+03	 2200	 7.550562e+02	 98	 5.827405e+01	 700.00	 700.00	 49.00	 21	 0.29	 
MRI_faces_124	 2	 1	 2194.jpg	 6.025618e+01	 24	 999000	 240	 999000	 999	 6.127278e+01	 700.00	 700.00	 55.00	 54	 0.22	 
MRI_faces_124	 2	 1	 2043.jpg	 6.225619e+01	 12	 999000	 120	 999000	 999	 6.327279e+01	 700.00	 700.00	 22.00	 37	 0.56	 
MRI_faces_124	 2	 1	 2110.jpg	 6.425610e+01	 24	 999000	 240	 999000	 999	 6.527285e+01	 700.00	 700.00	 40.00	 44	 0.39	 
MRI_faces_124	 2	 1	 1027.jpg	 6.825620e+01	 24	 999000	 240	 999000	 999	 6.927288e+01	 700.00	 700.00	 41.00	 5	 0.35	 
MRI_faces_124	 2	 1	 2010.jpg	 7.225629e+01	 22	 8.906734e+02	 220	 7.002973e+02	 98	 7.327291e+01	 700.00	 716.67	 46.00	 32	 0.31	 
MRI_faces_124	 2	 1	 1246.jpg	 7.825674e+01	 22	 9.542238e+02	 220	 7.169542e+02	 98	 7.927347e+01	 700.00	 733.33	 51.00	 28	 0.28	 
MRI_faces_124	 2	 1	 1060.jpg	 8.025707e+01	 24	 999000	 240	 999000	 999	 8.127397e+01	 700.00	 733.33	 44.00	 10	 0.32	 
MRI_faces_124	 2	 1	 1130.jpg	 8.225738e+01	 12	 999000	 120	 999000	 999	 8.327425e+01	 700.00	 733.33	 21.00	 15	 0.59	 
MRI_faces_124	 2	 1	 2041.jpg	 8.425775e+01	 12	 999000	 120	 999000	 999	 8.527464e+01	 700.00	 733.33	 15.00	 36	 0.68	 
MRI_faces_124	 2	 1	 2155.jpg	 8.825842e+01	 24	 999000	 240	 999000	 999	 8.927521e+01	 700.00	 733.33	 58.00	 51	 0.16	 
MRI_faces_124	 2	 1	 1013.jpg	 9.025884e+01	 24	 999000	 240	 999000	 999	 9.127558e+01	 700.00	 733.33	 50.00	 2	 0.28	 
MRI_faces_124	 2	 1	 1017.jpg	 9.225917e+01	 22	 9.317925e+02	 220	 7.336372e+02	 98	 9.327610e+01	 700.00	 750.00	 54.00	 3	 0.22	 
MRI_faces_124	 2	 1	 2181.jpg	 9.425958e+01	 12	 999000	 120	 999000	 999	 9.527636e+01	 700.00	 750.00	 10.00	 53	 0.75	 
MRI_faces_124	 2	 1	 2218.jpg	 9.826019e+01	 11	 8.957708e+02	 110	 7.002727e+02	 98	 9.927702e+01	 716.67	 750.00	 14.00	 57	 0.70	 
MRI_faces_124	 2	 1	 2149.jpg	 1.022610e+02	 12	 999000	 120	 999000	 999	 1.032779e+02	 716.67	 750.00	 3.00	 49	 0.89	 
MRI_faces_124	 2	 1	 1192.jpg	 1.052614e+02	 24	 999000	 240	 999000	 999	 1.062784e+02	 716.67	 750.00	 52.00	 22	 0.24	 
MRI_faces_124	 2	 1	 2125.jpg	 1.102624e+02	 12	 999000	 120	 999000	 999	 1.112791e+02	 716.67	 750.00	 7.00	 47	 0.81	 
MRI_faces_124	 2	 1	 1073.jpg	 1.122627e+02	 22	 9.312379e+02	 220	 7.503020e+02	 98	 1.132794e+02	 716.67	 766.67	 48.00	 11	 0.29	 
MRI_faces_124	 2	 1	 2024.jpg	 1.152632e+02	 24	 999000	 240	 999000	 999	 1.162800e+02	 716.67	 766.67	 56.00	 34	 0.21	 
MRI_faces_124	 2	 1	 2209.jpg	 1.192639e+02	 22	 1.011121e+03	 2200	 7.669614e+02	 98	 1.202825e+02	 716.67	 716.67	 43.00	 55	 0.35	 
MRI_faces_124	 2	 1	 1255.jpg	 1.222644e+02	 24	 999000	 240	 999000	 999	 1.232813e+02	 716.67	 716.67	 42.00	 29	 0.35	 
