subjectID	 order	 runNum	 itemName	 onsetTime	 shuff_trialType	 RT	 respInTime	 AudioTime	 response	 fixationTime	 ladder1	 ladder2	 bidIndex	 itemNameIndex	 bidValue	 
MRI_faces_127	 1	 16	 2010.jpg	 1.242004e+02	 12	 999000	 120	 999000	 999	 1.252172e+02	 650.00	 716.67	 19.00	 32	 0.65	 
MRI_faces_127	 1	 16	 1060.jpg	 1.281871e+02	 24	 999000	 240	 999000	 999	 1.292038e+02	 650.00	 716.67	 39.00	 10	 0.41	 
MRI_faces_127	 1	 16	 2125.jpg	 1.301872e+02	 12	 999000	 120	 999000	 999	 1.312039e+02	 650.00	 716.67	 5.00	 47	 0.83	 
MRI_faces_127	 1	 16	 2058.jpg	 1.351873e+02	 24	 999000	 240	 999000	 999	 1.362039e+02	 650.00	 716.67	 51.00	 40	 0.22	 
MRI_faces_127	 1	 16	 2212.jpg	 1.371872e+02	 12	 999000	 120	 999000	 999	 1.382039e+02	 650.00	 716.67	 11.00	 56	 0.75	 
MRI_faces_127	 1	 16	 2248.jpg	 1.391873e+02	 12	 999000	 120	 999000	 999	 1.402039e+02	 650.00	 716.67	 22.00	 60	 0.62	 
MRI_faces_127	 1	 16	 2194.jpg	 1.431874e+02	 24	 999000	 240	 999000	 999	 1.442041e+02	 650.00	 716.67	 58.00	 54	 0.14	 
MRI_faces_127	 1	 16	 1246.jpg	 1.451875e+02	 24	 999000	 240	 999000	 999	 1.462043e+02	 650.00	 716.67	 54.00	 28	 0.19	 
MRI_faces_127	 1	 16	 1031.jpg	 1.471878e+02	 11	 9.289859e+02	 110	 6.502907e+02	 98	 1.482047e+02	 666.67	 716.67	 13.00	 6	 0.71	 
MRI_faces_127	 1	 16	 1216.jpg	 1.501885e+02	 12	 999000	 120	 999000	 999	 1.512051e+02	 666.67	 716.67	 21.00	 26	 0.62	 
MRI_faces_127	 1	 16	 1114.jpg	 1.521887e+02	 12	 999000	 120	 999000	 999	 1.532056e+02	 666.67	 716.67	 16.00	 13	 0.65	 
MRI_faces_127	 1	 16	 2053.jpg	 1.561894e+02	 11	 9.213734e+02	 110	 6.669233e+02	 98	 1.572063e+02	 683.33	 716.67	 12.00	 39	 0.72	 
MRI_faces_127	 1	 16	 1080.jpg	 1.621905e+02	 24	 999000	 240	 999000	 999	 1.632073e+02	 683.33	 716.67	 57.00	 12	 0.15	 
MRI_faces_127	 1	 16	 1173.jpg	 1.651910e+02	 22	 1.116788e+03	 2200	 7.169794e+02	 98	 1.662078e+02	 683.33	 666.67	 50.00	 19	 0.24	 
MRI_faces_127	 1	 16	 2043.jpg	 1.671914e+02	 22	 9.043378e+02	 220	 6.669645e+02	 98	 1.682082e+02	 683.33	 683.34	 47.00	 37	 0.28	 
MRI_faces_127	 1	 16	 1191.jpg	 1.691917e+02	 24	 999000	 240	 999000	 999	 1.702085e+02	 683.33	 683.34	 41.00	 21	 0.38	 
MRI_faces_127	 1	 16	 1050.jpg	 1.711921e+02	 12	 999000	 120	 999000	 999	 1.722089e+02	 683.33	 683.34	 17.00	 8	 0.65	 
MRI_faces_127	 1	 16	 2155.jpg	 1.731924e+02	 12	 999000	 120	 999000	 999	 1.742092e+02	 683.33	 683.34	 6.00	 51	 0.81	 
MRI_faces_127	 1	 16	 1052.jpg	 1.761929e+02	 22	 1.012820e+03	 2200	 6.836449e+02	 98	 1.772107e+02	 683.33	 633.34	 53.00	 9	 0.21	 
MRI_faces_127	 1	 16	 1210.jpg	 1.801936e+02	 24	 999000	 240	 999000	 999	 1.812104e+02	 683.33	 633.34	 42.00	 25	 0.38	 
MRI_faces_127	 1	 16	 1013.jpg	 1.831941e+02	 22	 8.416017e+02	 220	 6.336021e+02	 98	 1.842109e+02	 683.33	 650.00	 44.00	 2	 0.31	 
MRI_faces_127	 1	 16	 2128.jpg	 1.871948e+02	 22	 8.809482e+02	 220	 6.503224e+02	 98	 1.882117e+02	 683.33	 666.67	 52.00	 48	 0.22	 
MRI_faces_127	 1	 16	 1262.jpg	 1.921957e+02	 24	 999000	 240	 999000	 999	 1.932126e+02	 683.33	 666.67	 56.00	 30	 0.17	 
MRI_faces_127	 1	 16	 2118.jpg	 1.961964e+02	 11	 8.843415e+02	 110	 6.836167e+02	 98	 1.972133e+02	 700.00	 666.67	 10.00	 46	 0.75	 
MRI_faces_127	 1	 16	 2015.jpg	 1.991970e+02	 24	 999000	 240	 999000	 999	 2.002138e+02	 700.00	 666.67	 46.00	 33	 0.28	 
MRI_faces_127	 1	 16	 1183.jpg	 2.011882e+02	 24	 999000	 240	 999000	 999	 2.022049e+02	 700.00	 666.67	 40.00	 20	 0.40	 
MRI_faces_127	 1	 16	 1204.jpg	 2.031883e+02	 24	 999000	 240	 999000	 999	 2.042049e+02	 700.00	 666.67	 55.00	 24	 0.19	 
MRI_faces_127	 1	 16	 2153.jpg	 2.101884e+02	 12	 4.673427e+02	 12	 999000	 98	 2.112050e+02	 700.00	 666.67	 3.00	 50	 0.85	 
MRI_faces_127	 1	 16	 1073.jpg	 2.131884e+02	 11	 9.803575e+02	 110	 7.002693e+02	 98	 2.142052e+02	 716.67	 666.67	 18.00	 11	 0.65	 
MRI_faces_127	 1	 16	 2240.jpg	 2.151884e+02	 12	 999000	 120	 999000	 999	 2.162052e+02	 716.67	 666.67	 9.00	 59	 0.76	 
MRI_faces_127	 1	 16	 1226.jpg	 2.191887e+02	 24	 999000	 240	 999000	 999	 2.202052e+02	 716.67	 666.67	 48.00	 27	 0.26	 
MRI_faces_127	 1	 16	 1145.jpg	 2.211886e+02	 22	 9.771872e+02	 220	 6.669473e+02	 98	 2.222052e+02	 716.67	 683.34	 45.00	 16	 0.31	 
MRI_faces_127	 1	 16	 2045.jpg	 2.241887e+02	 24	 999000	 240	 999000	 999	 2.252053e+02	 716.67	 683.34	 43.00	 38	 0.35	 
MRI_faces_127	 1	 16	 2218.jpg	 2.261886e+02	 12	 999000	 120	 999000	 999	 2.272053e+02	 716.67	 683.34	 20.00	 57	 0.63	 
MRI_faces_127	 1	 16	 1150.jpg	 2.301887e+02	 24	 999000	 240	 999000	 999	 2.312053e+02	 716.67	 683.34	 49.00	 18	 0.25	 
MRI_faces_127	 1	 16	 2089.jpg	 2.321888e+02	 11	 9.599354e+02	 110	 7.169378e+02	 98	 2.332054e+02	 733.33	 683.34	 15.00	 42	 0.67	 
MRI_faces_127	 1	 16	 1035.jpg	 2.361888e+02	 12	 999000	 120	 999000	 999	 2.372054e+02	 733.33	 683.34	 8.00	 7	 0.78	 
MRI_faces_127	 1	 16	 2181.jpg	 2.391888e+02	 12	 999000	 120	 999000	 999	 2.402055e+02	 733.33	 683.34	 4.00	 53	 0.84	 
MRI_faces_127	 1	 16	 1007.jpg	 2.411889e+02	 11	 1.008925e+03	 1100	 7.336010e+02	 98	 2.422086e+02	 683.33	 683.34	 7.00	 1	 0.80	 
MRI_faces_127	 1	 16	 2112.jpg	 2.441889e+02	 12	 999000	 120	 999000	 999	 2.452056e+02	 683.33	 683.34	 14.00	 45	 0.70	 
