subjectID	 order	 runNum	 itemName	 onsetTime	 shuff_trialType	 RT	 respInTime	 AudioTime	 response	 fixationTime	 ladder1	 ladder2	 bidIndex	 itemNameIndex	 bidValue	 
MRI_faces_122	 2	 13	 1019.jpg	 2.276945e+00	 22	 1.036182e+03	 2200	 6.867037e+02	 98	 3.293330e+00	 683.35	 633.34	 43.00	 4	 0.40	 
MRI_faces_122	 2	 13	 2089.jpg	 7.274330e+00	 11	 9.298000e+02	 110	 6.862648e+02	 98	 8.293456e+00	 700.02	 633.34	 11.00	 42	 0.70	 
MRI_faces_122	 2	 13	 2212.jpg	 9.274728e+00	 12	 999000	 120	 999000	 999	 1.029351e+01	 700.02	 633.34	 13.00	 56	 0.70	 
MRI_faces_122	 2	 13	 2112.jpg	 1.226026e+01	 12	 999000	 120	 999000	 999	 1.327694e+01	 700.02	 633.34	 5.00	 45	 0.81	 
MRI_faces_122	 2	 13	 2041.jpg	 1.526033e+01	 24	 999000	 240	 999000	 999	 1.627701e+01	 700.02	 633.34	 58.00	 36	 0.11	 
MRI_faces_122	 2	 13	 2248.jpg	 2.226043e+01	 12	 999000	 120	 999000	 999	 2.327714e+01	 700.02	 633.34	 3.00	 60	 0.86	 
MRI_faces_122	 2	 13	 1027.jpg	 2.426069e+01	 11	 9.554432e+02	 110	 7.003019e+02	 98	 2.527754e+01	 716.68	 633.34	 8.00	 5	 0.74	 
MRI_faces_122	 2	 13	 2194.jpg	 2.826139e+01	 24	 999000	 240	 999000	 999	 2.927820e+01	 716.68	 633.34	 39.00	 54	 0.43	 
MRI_faces_122	 2	 13	 2053.jpg	 3.026180e+01	 12	 999000	 120	 999000	 999	 3.127861e+01	 716.68	 633.34	 10.00	 39	 0.70	 
MRI_faces_122	 2	 13	 1145.jpg	 3.526291e+01	 24	 999000	 240	 999000	 999	 3.627948e+01	 716.68	 633.34	 40.00	 16	 0.42	 
MRI_faces_122	 2	 13	 1183.jpg	 3.926339e+01	 24	 999000	 240	 999000	 999	 4.028012e+01	 716.68	 633.34	 56.00	 20	 0.19	 
MRI_faces_122	 2	 13	 1246.jpg	 4.126377e+01	 24	 999000	 240	 999000	 999	 4.228049e+01	 716.68	 633.34	 57.00	 28	 0.19	 
MRI_faces_122	 2	 13	 2155.jpg	 4.426424e+01	 24	 999000	 240	 999000	 999	 4.528100e+01	 716.68	 633.34	 42.00	 51	 0.40	 
MRI_faces_122	 2	 13	 1007.jpg	 4.726485e+01	 24	 999000	 240	 999000	 999	 4.828155e+01	 716.68	 633.34	 41.00	 1	 0.42	 
MRI_faces_122	 2	 13	 2045.jpg	 5.126543e+01	 22	 1.036701e+03	 2200	 6.356039e+02	 98	 5.228230e+01	 716.68	 583.34	 51.00	 38	 0.29	 
MRI_faces_122	 2	 13	 1013.jpg	 5.526616e+01	 12	 999000	 120	 999000	 999	 5.628294e+01	 716.68	 583.34	 7.00	 2	 0.74	 
MRI_faces_122	 2	 13	 2043.jpg	 5.926685e+01	 12	 999000	 120	 999000	 999	 6.028364e+01	 716.68	 583.34	 22.00	 37	 0.58	 
MRI_faces_122	 2	 13	 1204.jpg	 6.226739e+01	 24	 999000	 240	 999000	 999	 6.328414e+01	 716.68	 583.34	 50.00	 24	 0.29	 
MRI_faces_122	 2	 13	 1173.jpg	 6.526791e+01	 22	 9.662165e+02	 220	 5.835886e+02	 98	 6.628467e+01	 716.68	 600.01	 54.00	 19	 0.26	 
MRI_faces_122	 2	 13	 2058.jpg	 6.826844e+01	 22	 9.536903e+02	 220	 6.003250e+02	 98	 6.928530e+01	 716.68	 616.67	 49.00	 40	 0.31	 
MRI_faces_122	 2	 13	 1130.jpg	 7.026885e+01	 24	 999000	 240	 999000	 999	 7.128588e+01	 716.68	 616.67	 45.00	 15	 0.37	 
MRI_faces_122	 2	 13	 1031.jpg	 7.326928e+01	 12	 999000	 120	 999000	 999	 7.428620e+01	 716.68	 616.67	 6.00	 6	 0.74	 
MRI_faces_122	 2	 13	 1226.jpg	 7.526964e+01	 24	 999000	 240	 999000	 999	 7.628653e+01	 716.68	 616.67	 47.00	 27	 0.34	 
MRI_faces_122	 2	 13	 1080.jpg	 7.727005e+01	 12	 999000	 120	 999000	 999	 7.828679e+01	 716.68	 616.67	 4.00	 12	 0.83	 
MRI_faces_122	 2	 13	 1060.jpg	 7.927052e+01	 24	 999000	 240	 999000	 999	 8.028721e+01	 716.68	 616.67	 52.00	 10	 0.28	 
MRI_faces_122	 2	 13	 2164.jpg	 8.227104e+01	 24	 999000	 240	 999000	 999	 8.328768e+01	 716.68	 616.67	 44.00	 52	 0.40	 
MRI_faces_122	 2	 13	 2125.jpg	 8.627167e+01	 12	 999000	 120	 999000	 999	 8.728846e+01	 716.68	 616.67	 19.00	 47	 0.64	 
MRI_faces_122	 2	 13	 1035.jpg	 8.827202e+01	 12	 999000	 120	 999000	 999	 8.928870e+01	 716.68	 616.67	 15.00	 7	 0.67	 
MRI_faces_122	 2	 13	 2006.jpg	 9.027229e+01	 12	 999000	 120	 999000	 999	 9.128917e+01	 716.68	 616.67	 12.00	 31	 0.70	 
MRI_faces_122	 2	 13	 1216.jpg	 9.427300e+01	 12	 999000	 120	 999000	 999	 9.528980e+01	 716.68	 616.67	 18.00	 26	 0.65	 
MRI_faces_122	 2	 13	 1017.jpg	 9.627328e+01	 24	 999000	 240	 999000	 999	 9.729011e+01	 716.68	 616.67	 55.00	 3	 0.26	 
MRI_faces_122	 2	 13	 2094.jpg	 9.827373e+01	 12	 999000	 120	 999000	 999	 9.929048e+01	 716.68	 616.67	 20.00	 43	 0.63	 
MRI_faces_122	 2	 13	 2015.jpg	 1.022616e+02	 11	 9.744917e+02	 110	 7.169558e+02	 98	 1.032783e+02	 733.35	 616.67	 14.00	 33	 0.67	 
MRI_faces_122	 2	 13	 2039.jpg	 1.062618e+02	 11	 1.083379e+03	 1100	 7.336269e+02	 98	 1.072785e+02	 683.35	 616.67	 16.00	 35	 0.67	 
MRI_faces_122	 2	 13	 1150.jpg	 1.082618e+02	 22	 8.463290e+02	 220	 6.169261e+02	 98	 1.092784e+02	 683.35	 633.34	 46.00	 18	 0.34	 
MRI_faces_122	 2	 13	 2118.jpg	 1.102617e+02	 12	 999000	 120	 999000	 999	 1.112784e+02	 683.35	 633.34	 21.00	 46	 0.58	 
MRI_faces_122	 2	 13	 1191.jpg	 1.122618e+02	 11	 9.183689e+02	 110	 6.836150e+02	 98	 1.132784e+02	 700.02	 633.34	 9.00	 21	 0.71	 
MRI_faces_122	 2	 13	 1050.jpg	 1.142618e+02	 11	 1.052349e+03	 1100	 7.002859e+02	 98	 1.152785e+02	 650.02	 633.34	 17.00	 8	 0.66	 
MRI_faces_122	 2	 13	 1127.jpg	 1.202620e+02	 22	 9.271870e+02	 220	 6.336157e+02	 98	 1.212787e+02	 650.02	 650.01	 48.00	 14	 0.33	 
MRI_faces_122	 2	 13	 1052.jpg	 1.222620e+02	 24	 999000	 240	 999000	 999	 1.232786e+02	 650.02	 650.01	 53.00	 9	 0.27	 
