subjectID	 order	 runNum	 itemName	 onsetTime	 shuff_trialType	 RT	 respInTime	 AudioTime	 response	 fixationTime	 ladder1	 ladder2	 bidIndex	 itemNameIndex	 bidValue	 
MRI_faces_129	 1	 6	 2118.jpg	 1.241976e+02	 12	 999000	 120	 999000	 999	 1.252143e+02	 783.33	 783.33	 11.00	 46	 0.75	 
MRI_faces_129	 1	 6	 2024.jpg	 1.271809e+02	 22	 7.417012e+02	 22	 7.836154e+02	 98	 1.281977e+02	 783.33	 800.00	 47.00	 34	 0.30	 
MRI_faces_129	 1	 6	 1060.jpg	 1.311810e+02	 24	 1.311566e+03	 24	 999000	 98	 1.321976e+02	 783.33	 800.00	 58.00	 10	 0.14	 
MRI_faces_129	 1	 6	 1262.jpg	 1.341810e+02	 12	 999000	 120	 999000	 999	 1.351977e+02	 783.33	 800.00	 9.00	 30	 0.76	 
MRI_faces_129	 1	 6	 2155.jpg	 1.381811e+02	 24	 999000	 240	 999000	 999	 1.391979e+02	 783.33	 800.00	 42.00	 51	 0.38	 
MRI_faces_129	 1	 6	 1035.jpg	 1.411813e+02	 11	 9.313725e+02	 110	 7.836037e+02	 98	 1.421978e+02	 800.00	 800.00	 12.00	 7	 0.73	 
MRI_faces_129	 1	 6	 2112.jpg	 1.431812e+02	 12	 999000	 120	 999000	 999	 1.441980e+02	 800.00	 800.00	 16.00	 45	 0.66	 
MRI_faces_129	 1	 6	 1226.jpg	 1.461818e+02	 24	 999000	 240	 999000	 999	 1.471986e+02	 800.00	 800.00	 43.00	 27	 0.35	 
MRI_faces_129	 1	 6	 2164.jpg	 1.491822e+02	 24	 999000	 240	 999000	 999	 1.501991e+02	 800.00	 800.00	 39.00	 52	 0.38	 
MRI_faces_129	 1	 6	 1210.jpg	 1.541831e+02	 12	 999000	 120	 999000	 999	 1.552000e+02	 800.00	 800.00	 3.00	 25	 0.87	 
MRI_faces_129	 1	 6	 1146.jpg	 1.561835e+02	 12	 999000	 120	 999000	 999	 1.572003e+02	 800.00	 800.00	 22.00	 17	 0.60	 
MRI_faces_129	 1	 6	 2010.jpg	 1.581838e+02	 12	 999000	 120	 999000	 999	 1.592006e+02	 800.00	 800.00	 8.00	 32	 0.80	 
MRI_faces_129	 1	 6	 2006.jpg	 1.621847e+02	 11	 9.799200e+02	 110	 8.002715e+02	 98	 1.632014e+02	 816.66	 800.00	 10.00	 31	 0.75	 
MRI_faces_129	 1	 6	 2181.jpg	 1.691858e+02	 11	 1.006860e+03	 1100	 8.169453e+02	 98	 1.702031e+02	 766.66	 800.00	 13.00	 53	 0.71	 
MRI_faces_129	 1	 6	 1216.jpg	 1.711863e+02	 11	 9.783857e+02	 110	 7.669171e+02	 98	 1.722030e+02	 783.33	 800.00	 7.00	 26	 0.81	 
MRI_faces_129	 1	 6	 1204.jpg	 1.731865e+02	 22	 1.081177e+03	 2200	 8.002702e+02	 98	 1.742033e+02	 783.33	 750.00	 45.00	 24	 0.33	 
MRI_faces_129	 1	 6	 2058.jpg	 1.751868e+02	 24	 999000	 240	 999000	 999	 1.762037e+02	 783.33	 750.00	 49.00	 40	 0.29	 
MRI_faces_129	 1	 6	 2063.jpg	 1.771873e+02	 12	 999000	 120	 999000	 999	 1.782040e+02	 783.33	 750.00	 4.00	 41	 0.83	 
MRI_faces_129	 1	 6	 2045.jpg	 1.791875e+02	 24	 999000	 240	 999000	 999	 1.802043e+02	 783.33	 750.00	 46.00	 38	 0.32	 
MRI_faces_129	 1	 6	 2218.jpg	 1.821881e+02	 22	 9.825443e+02	 220	 7.503006e+02	 98	 1.832049e+02	 783.33	 766.66	 53.00	 57	 0.20	 
MRI_faces_129	 1	 6	 2110.jpg	 1.841884e+02	 22	 9.152096e+02	 220	 7.669356e+02	 98	 1.852052e+02	 783.33	 783.33	 52.00	 44	 0.21	 
MRI_faces_129	 1	 6	 2015.jpg	 1.861888e+02	 12	 999000	 120	 999000	 999	 1.872056e+02	 783.33	 783.33	 17.00	 33	 0.66	 
MRI_faces_129	 1	 6	 1202.jpg	 1.901894e+02	 12	 999000	 120	 999000	 999	 1.912063e+02	 783.33	 783.33	 21.00	 23	 0.61	 
MRI_faces_129	 1	 6	 1127.jpg	 1.941903e+02	 24	 999000	 240	 999000	 999	 1.952070e+02	 783.33	 783.33	 55.00	 14	 0.19	 
MRI_faces_129	 1	 6	 1183.jpg	 2.001912e+02	 24	 999000	 240	 999000	 999	 2.012081e+02	 783.33	 783.33	 51.00	 20	 0.25	 
MRI_faces_129	 1	 6	 1017.jpg	 2.021915e+02	 12	 999000	 120	 999000	 999	 2.032084e+02	 783.33	 783.33	 20.00	 3	 0.63	 
MRI_faces_129	 1	 6	 1031.jpg	 2.041919e+02	 12	 999000	 120	 999000	 999	 2.052088e+02	 783.33	 783.33	 5.00	 6	 0.82	 
MRI_faces_129	 1	 6	 2094.jpg	 2.061923e+02	 11	 9.183051e+02	 110	 7.836127e+02	 98	 2.072091e+02	 800.00	 783.33	 18.00	 43	 0.65	 
MRI_faces_129	 1	 6	 2149.jpg	 2.101930e+02	 24	 999000	 240	 999000	 999	 2.112098e+02	 800.00	 783.33	 56.00	 49	 0.18	 
MRI_faces_129	 1	 6	 1150.jpg	 2.121822e+02	 24	 999000	 240	 999000	 999	 2.131989e+02	 800.00	 783.33	 57.00	 18	 0.18	 
MRI_faces_129	 1	 6	 1192.jpg	 2.141823e+02	 24	 999000	 240	 999000	 999	 2.151989e+02	 800.00	 783.33	 48.00	 22	 0.29	 
MRI_faces_129	 1	 6	 1130.jpg	 2.161823e+02	 24	 999000	 240	 999000	 999	 2.171991e+02	 800.00	 783.33	 54.00	 15	 0.19	 
MRI_faces_129	 1	 6	 2248.jpg	 2.201823e+02	 12	 999000	 120	 999000	 999	 2.211990e+02	 800.00	 783.33	 19.00	 60	 0.64	 
MRI_faces_129	 1	 6	 1007.jpg	 2.241824e+02	 22	 9.742330e+02	 220	 7.836193e+02	 98	 2.251992e+02	 800.00	 800.00	 50.00	 1	 0.28	 
MRI_faces_129	 1	 6	 1114.jpg	 2.271825e+02	 12	 999000	 120	 999000	 999	 2.281991e+02	 800.00	 800.00	 6.00	 13	 0.81	 
MRI_faces_129	 1	 6	 2043.jpg	 2.321825e+02	 22	 9.730998e+02	 220	 8.002480e+02	 98	 2.331992e+02	 800.00	 816.66	 44.00	 37	 0.35	 
MRI_faces_129	 1	 6	 2089.jpg	 2.341826e+02	 11	 1.042015e+03	 1100	 8.002866e+02	 98	 2.351993e+02	 750.00	 816.66	 15.00	 42	 0.67	 
MRI_faces_129	 1	 6	 1255.jpg	 2.371827e+02	 12	 999000	 120	 999000	 999	 2.381993e+02	 750.00	 816.66	 14.00	 29	 0.68	 
MRI_faces_129	 1	 6	 1173.jpg	 2.411827e+02	 24	 999000	 240	 999000	 999	 2.421994e+02	 750.00	 816.66	 40.00	 19	 0.38	 
MRI_faces_129	 1	 6	 1052.jpg	 2.441829e+02	 24	 3.107696e+02	 24	 999000	 98	 2.451996e+02	 750.00	 816.66	 41.00	 9	 0.38	 
