subjectID	 order	 runNum	 itemName	 onsetTime	 shuff_trialType	 RT	 respInTime	 AudioTime	 response	 fixationTime	 ladder1	 ladder2	 bidIndex	 itemNameIndex	 bidValue	 
MRI_faces_149	 1	 4	 1262.jpg	 1.242483e+02	 12	 999000	 120	 999000	 999	 1.252651e+02	 783.33	 783.33	 11.00	 30	 0.72	 
MRI_faces_149	 1	 4	 2043.jpg	 1.272489e+02	 22	 9.947985e+02	 220	 7.836869e+02	 98	 1.282656e+02	 783.33	 800.00	 47.00	 37	 0.32	 
MRI_faces_149	 1	 4	 2094.jpg	 1.312496e+02	 12	 999000	 120	 999000	 999	 1.322664e+02	 783.33	 800.00	 22.00	 43	 0.61	 
MRI_faces_149	 1	 4	 1202.jpg	 1.342478e+02	 24	 999000	 240	 999000	 999	 1.352669e+02	 783.33	 800.00	 49.00	 23	 0.27	 
MRI_faces_149	 1	 4	 1017.jpg	 1.382479e+02	 22	 9.767105e+02	 220	 8.002609e+02	 98	 1.392648e+02	 783.33	 816.66	 44.00	 3	 0.35	 
MRI_faces_149	 1	 4	 1035.jpg	 1.412479e+02	 24	 999000	 240	 999000	 999	 1.422645e+02	 783.33	 816.66	 46.00	 7	 0.32	 
MRI_faces_149	 1	 4	 1031.jpg	 1.432480e+02	 11	 1.032689e+03	 1100	 7.835955e+02	 98	 1.442647e+02	 733.33	 816.66	 12.00	 6	 0.72	 
MRI_faces_149	 1	 4	 1052.jpg	 1.462481e+02	 22	 9.825846e+02	 220	 8.169418e+02	 98	 1.472647e+02	 733.33	 833.33	 53.00	 9	 0.25	 
MRI_faces_149	 1	 4	 2209.jpg	 1.492481e+02	 11	 8.885182e+02	 110	 7.336316e+02	 98	 1.502647e+02	 750.00	 833.33	 13.00	 55	 0.70	 
MRI_faces_149	 1	 4	 1216.jpg	 1.542481e+02	 24	 999000	 240	 999000	 999	 1.552648e+02	 750.00	 833.33	 51.00	 26	 0.26	 
MRI_faces_149	 1	 4	 2089.jpg	 1.562481e+02	 12	 999000	 120	 999000	 999	 1.572649e+02	 750.00	 833.33	 6.00	 42	 0.79	 
MRI_faces_149	 1	 4	 1210.jpg	 1.582482e+02	 12	 999000	 120	 999000	 999	 1.592649e+02	 750.00	 833.33	 21.00	 25	 0.62	 
MRI_faces_149	 1	 4	 1183.jpg	 1.622483e+02	 24	 999000	 240	 999000	 999	 1.632650e+02	 750.00	 833.33	 41.00	 20	 0.37	 
MRI_faces_149	 1	 4	 2063.jpg	 1.692484e+02	 24	 999000	 240	 999000	 999	 1.702650e+02	 750.00	 833.33	 55.00	 41	 0.20	 
MRI_faces_149	 1	 4	 2218.jpg	 1.712484e+02	 24	 999000	 240	 999000	 999	 1.722651e+02	 750.00	 833.33	 39.00	 57	 0.39	 
MRI_faces_149	 1	 4	 1130.jpg	 1.732485e+02	 24	 999000	 240	 999000	 999	 1.742651e+02	 750.00	 833.33	 48.00	 15	 0.29	 
MRI_faces_149	 1	 4	 2153.jpg	 1.752485e+02	 12	 999000	 120	 999000	 999	 1.762651e+02	 750.00	 833.33	 14.00	 50	 0.70	 
MRI_faces_149	 1	 4	 2212.jpg	 1.772484e+02	 12	 999000	 120	 999000	 999	 1.782652e+02	 750.00	 833.33	 17.00	 56	 0.67	 
MRI_faces_149	 1	 4	 2112.jpg	 1.792486e+02	 24	 999000	 240	 999000	 999	 1.802652e+02	 750.00	 833.33	 43.00	 45	 0.35	 
MRI_faces_149	 1	 4	 2053.jpg	 1.822486e+02	 12	 999000	 120	 999000	 999	 1.832652e+02	 750.00	 833.33	 3.00	 39	 0.84	 
MRI_faces_149	 1	 4	 1146.jpg	 1.842487e+02	 24	 999000	 240	 999000	 999	 1.852653e+02	 750.00	 833.33	 42.00	 17	 0.36	 
MRI_faces_149	 1	 4	 2006.jpg	 1.862486e+02	 11	 9.570389e+02	 110	 7.502598e+02	 98	 1.872652e+02	 766.66	 833.33	 7.00	 31	 0.78	 
MRI_faces_149	 1	 4	 2164.jpg	 1.902487e+02	 12	 999000	 120	 999000	 999	 1.912653e+02	 766.66	 833.33	 9.00	 52	 0.77	 
MRI_faces_149	 1	 4	 1145.jpg	 1.942487e+02	 22	 1.001055e+03	 2200	 8.336046e+02	 98	 1.952775e+02	 766.66	 783.33	 50.00	 16	 0.26	 
MRI_faces_149	 1	 4	 2058.jpg	 2.002489e+02	 12	 999000	 120	 999000	 999	 2.012655e+02	 766.66	 783.33	 19.00	 40	 0.64	 
MRI_faces_149	 1	 4	 2248.jpg	 2.022489e+02	 22	 9.567589e+02	 220	 7.836513e+02	 98	 2.032655e+02	 766.66	 800.00	 45.00	 60	 0.32	 
MRI_faces_149	 1	 4	 2125.jpg	 2.042489e+02	 12	 999000	 120	 999000	 999	 2.052655e+02	 766.66	 800.00	 4.00	 47	 0.81	 
MRI_faces_149	 1	 4	 1191.jpg	 2.062489e+02	 24	 999000	 240	 999000	 999	 2.072655e+02	 766.66	 800.00	 58.00	 21	 0.17	 
MRI_faces_149	 1	 4	 2039.jpg	 2.102490e+02	 11	 1.015747e+03	 1100	 7.669243e+02	 98	 2.112657e+02	 716.66	 800.00	 10.00	 35	 0.76	 
MRI_faces_149	 1	 4	 2128.jpg	 2.122491e+02	 11	 9.245107e+02	 110	 7.169429e+02	 98	 2.132656e+02	 733.33	 800.00	 15.00	 48	 0.70	 
MRI_faces_149	 1	 4	 1007.jpg	 2.142491e+02	 12	 999000	 120	 999000	 999	 2.152657e+02	 733.33	 800.00	 5.00	 1	 0.80	 
MRI_faces_149	 1	 4	 1080.jpg	 2.162492e+02	 22	 9.864791e+02	 220	 8.002695e+02	 98	 2.172658e+02	 733.33	 816.66	 52.00	 12	 0.26	 
MRI_faces_149	 1	 4	 1204.jpg	 2.202492e+02	 24	 999000	 240	 999000	 999	 2.212657e+02	 733.33	 816.66	 57.00	 24	 0.18	 
MRI_faces_149	 1	 4	 1192.jpg	 2.242492e+02	 24	 999000	 240	 999000	 999	 2.252660e+02	 733.33	 816.66	 54.00	 22	 0.21	 
MRI_faces_149	 1	 4	 2045.jpg	 2.272497e+02	 12	 999000	 120	 999000	 999	 2.282665e+02	 733.33	 816.66	 20.00	 38	 0.63	 
MRI_faces_149	 1	 4	 2240.jpg	 2.322494e+02	 12	 999000	 120	 999000	 999	 2.332674e+02	 733.33	 816.66	 16.00	 59	 0.69	 
MRI_faces_149	 1	 4	 2110.jpg	 2.342493e+02	 24	 999000	 240	 999000	 999	 2.352678e+02	 733.33	 816.66	 40.00	 44	 0.37	 
MRI_faces_149	 1	 4	 1127.jpg	 2.372494e+02	 24	 999000	 240	 999000	 999	 2.382683e+02	 733.33	 816.66	 56.00	 14	 0.19	 
MRI_faces_149	 1	 4	 2118.jpg	 2.412495e+02	 11	 9.381669e+02	 110	 7.336429e+02	 98	 2.422662e+02	 750.00	 816.66	 18.00	 46	 0.65	 
MRI_faces_149	 1	 4	 2041.jpg	 2.442495e+02	 12	 999000	 120	 999000	 999	 2.452663e+02	 750.00	 816.66	 8.00	 36	 0.78	 
