subjectID	 order	 runNum	 itemName	 onsetTime	 shuff_trialType	 RT	 respInTime	 AudioTime	 response	 fixationTime	 ladder1	 ladder2	 bidIndex	 itemNameIndex	 bidValue	 
MRI_faces_145	 1	 3	 2153.jpg	 2.294092e+00	 12	 999000	 120	 999000	 999	 3.310345e+00	 750.00	 683.34	 8.00	 50	 0.76	 
MRI_faces_145	 1	 3	 2089.jpg	 4.285506e+00	 24	 999000	 240	 999000	 999	 5.302089e+00	 750.00	 683.34	 42.00	 42	 0.40	 
MRI_faces_145	 1	 3	 2024.jpg	 7.286019e+00	 22	 9.158618e+02	 220	 6.870965e+02	 98	 8.302705e+00	 750.00	 700.01	 53.00	 34	 0.24	 
MRI_faces_145	 1	 3	 2043.jpg	 1.028634e+01	 11	 1.009551e+03	 1100	 7.524220e+02	 98	 1.130627e+01	 700.00	 700.01	 15.00	 37	 0.63	 
MRI_faces_145	 1	 3	 1204.jpg	 1.228695e+01	 11	 1.026920e+03	 1100	 7.002763e+02	 98	 1.330356e+01	 650.00	 700.01	 18.00	 24	 0.61	 
MRI_faces_145	 1	 3	 2240.jpg	 1.628748e+01	 22	 8.723923e+02	 220	 7.003079e+02	 98	 1.730424e+01	 650.00	 716.67	 50.00	 59	 0.28	 
MRI_faces_145	 1	 3	 2094.jpg	 2.128839e+01	 12	 999000	 120	 999000	 999	 2.230521e+01	 650.00	 716.67	 3.00	 43	 0.87	 
MRI_faces_145	 1	 3	 1050.jpg	 2.328869e+01	 12	 999000	 120	 999000	 999	 2.430548e+01	 650.00	 716.67	 6.00	 8	 0.82	 
MRI_faces_145	 1	 3	 1080.jpg	 2.628919e+01	 24	 999000	 240	 999000	 999	 2.730598e+01	 650.00	 716.67	 54.00	 12	 0.23	 
MRI_faces_145	 1	 3	 1007.jpg	 2.828961e+01	 24	 999000	 240	 999000	 999	 2.930642e+01	 650.00	 716.67	 40.00	 1	 0.41	 
MRI_faces_145	 1	 3	 1202.jpg	 3.429066e+01	 12	 999000	 120	 999000	 999	 3.530746e+01	 650.00	 716.67	 9.00	 23	 0.75	 
MRI_faces_145	 1	 3	 2181.jpg	 3.729118e+01	 11	 8.696826e+02	 110	 6.502780e+02	 98	 3.830791e+01	 666.67	 716.67	 7.00	 53	 0.77	 
MRI_faces_145	 1	 3	 2209.jpg	 4.229206e+01	 24	 999000	 240	 999000	 999	 4.331078e+01	 666.67	 716.67	 39.00	 55	 0.42	 
MRI_faces_145	 1	 3	 1226.jpg	 4.427761e+01	 22	 9.332561e+02	 220	 7.169583e+02	 98	 4.529420e+01	 666.67	 733.34	 47.00	 27	 0.31	 
MRI_faces_145	 1	 3	 2053.jpg	 4.627765e+01	 11	 9.092340e+02	 110	 6.669478e+02	 98	 4.729436e+01	 683.33	 733.34	 13.00	 39	 0.71	 
MRI_faces_145	 1	 3	 2015.jpg	 5.027782e+01	 12	 999000	 120	 999000	 999	 5.129430e+01	 683.33	 733.34	 19.00	 33	 0.60	 
MRI_faces_145	 1	 3	 2110.jpg	 5.227767e+01	 24	 999000	 240	 999000	 999	 5.329432e+01	 683.33	 733.34	 51.00	 44	 0.26	 
MRI_faces_145	 1	 3	 1192.jpg	 5.527777e+01	 24	 999000	 240	 999000	 999	 5.629446e+01	 683.33	 733.34	 57.00	 22	 0.18	 
MRI_faces_145	 1	 3	 2118.jpg	 5.827816e+01	 12	 999000	 120	 999000	 999	 5.929509e+01	 683.33	 733.34	 11.00	 46	 0.74	 
MRI_faces_145	 1	 3	 2112.jpg	 6.127875e+01	 12	 999000	 120	 999000	 999	 6.229548e+01	 683.33	 733.34	 22.00	 45	 0.58	 
MRI_faces_145	 1	 3	 1262.jpg	 6.327902e+01	 12	 999000	 120	 999000	 999	 6.429588e+01	 683.33	 733.34	 5.00	 30	 0.83	 
MRI_faces_145	 1	 3	 1013.jpg	 6.727983e+01	 12	 999000	 120	 999000	 999	 6.829654e+01	 683.33	 733.34	 20.00	 2	 0.60	 
MRI_faces_145	 1	 3	 1127.jpg	 6.928018e+01	 24	 999000	 240	 999000	 999	 7.029699e+01	 683.33	 733.34	 49.00	 14	 0.28	 
MRI_faces_145	 1	 3	 1035.jpg	 7.128068e+01	 12	 999000	 120	 999000	 999	 7.229727e+01	 683.33	 733.34	 4.00	 7	 0.85	 
MRI_faces_145	 1	 3	 1146.jpg	 7.328085e+01	 24	 999000	 240	 999000	 999	 7.429760e+01	 683.33	 733.34	 56.00	 17	 0.20	 
MRI_faces_145	 1	 3	 2041.jpg	 7.528121e+01	 22	 9.736613e+02	 220	 7.336178e+02	 98	 7.629816e+01	 683.33	 750.01	 52.00	 36	 0.26	 
MRI_faces_145	 1	 3	 1060.jpg	 7.928189e+01	 24	 999000	 240	 999000	 999	 8.029869e+01	 683.33	 750.01	 55.00	 10	 0.21	 
MRI_faces_145	 1	 3	 1027.jpg	 8.328255e+01	 11	 9.133240e+02	 110	 6.836443e+02	 98	 8.429941e+01	 700.00	 750.01	 12.00	 5	 0.73	 
MRI_faces_145	 1	 3	 1130.jpg	 8.728324e+01	 24	 999000	 240	 999000	 999	 8.830017e+01	 700.00	 750.01	 43.00	 15	 0.39	 
MRI_faces_145	 1	 3	 1114.jpg	 9.028379e+01	 12	 999000	 120	 999000	 999	 9.130067e+01	 700.00	 750.01	 21.00	 13	 0.59	 
MRI_faces_145	 1	 3	 1255.jpg	 9.228417e+01	 12	 999000	 120	 999000	 999	 9.330101e+01	 700.00	 750.01	 16.00	 29	 0.63	 
MRI_faces_145	 1	 3	 2164.jpg	 9.428449e+01	 22	 9.493814e+02	 220	 7.503148e+02	 98	 9.530130e+01	 700.00	 766.67	 44.00	 52	 0.38	 
MRI_faces_145	 1	 3	 2125.jpg	 9.628501e+01	 11	 9.368615e+02	 110	 7.003232e+02	 98	 9.730174e+01	 716.67	 766.67	 10.00	 47	 0.74	 
MRI_faces_145	 1	 3	 1073.jpg	 9.828523e+01	 22	 9.456446e+02	 220	 7.669509e+02	 98	 9.930204e+01	 716.67	 783.34	 45.00	 11	 0.35	 
MRI_faces_145	 1	 3	 1150.jpg	 1.022860e+02	 24	 999000	 240	 999000	 999	 1.033027e+02	 716.67	 783.34	 58.00	 18	 0.15	 
MRI_faces_145	 1	 3	 1216.jpg	 1.042864e+02	 12	 999000	 120	 999000	 999	 1.053031e+02	 716.67	 783.34	 17.00	 26	 0.63	 
MRI_faces_145	 1	 3	 2155.jpg	 1.112875e+02	 24	 999000	 240	 999000	 999	 1.123043e+02	 716.67	 783.34	 48.00	 51	 0.31	 
MRI_faces_145	 1	 3	 2128.jpg	 1.152882e+02	 12	 999000	 120	 999000	 999	 1.163051e+02	 716.67	 783.34	 14.00	 48	 0.70	 
MRI_faces_145	 1	 3	 1246.jpg	 1.182887e+02	 24	 999000	 240	 999000	 999	 1.193055e+02	 716.67	 783.34	 46.00	 28	 0.32	 
MRI_faces_145	 1	 3	 2058.jpg	 1.222894e+02	 24	 999000	 240	 999000	 999	 1.233063e+02	 716.67	 783.34	 41.00	 40	 0.40	 
