subjectID	 order	 runNum	 itemName	 onsetTime	 shuff_trialType	 RT	 respInTime	 AudioTime	 response	 fixationTime	 ladder1	 ladder2	 bidIndex	 itemNameIndex	 bidValue	 
MRI_faces_130	 2	 13	 1226.jpg	 2.413047e+00	 24	 999000	 240	 999000	 999	 3.430321e+00	 683.34	 750.00	 56.00	 27	 0.24	 
MRI_faces_130	 2	 13	 2045.jpg	 6.401555e+00	 24	 999000	 240	 999000	 999	 7.418097e+00	 683.34	 750.00	 45.00	 38	 0.33	 
MRI_faces_130	 2	 13	 2212.jpg	 8.401570e+00	 11	 9.409695e+02	 110	 6.852707e+02	 98	 9.418182e+00	 700.01	 750.00	 9.00	 56	 0.76	 
MRI_faces_130	 2	 13	 1146.jpg	 1.340163e+01	 22	 1.045906e+03	 2200	 7.516557e+02	 98	 1.441827e+01	 700.01	 700.00	 46.00	 17	 0.33	 
MRI_faces_130	 2	 13	 2125.jpg	 1.540172e+01	 12	 999000	 120	 999000	 999	 1.641834e+01	 700.01	 700.00	 20.00	 47	 0.59	 
MRI_faces_130	 2	 13	 1150.jpg	 1.740174e+01	 22	 9.248034e+02	 220	 7.002870e+02	 98	 1.841831e+01	 700.01	 716.67	 51.00	 18	 0.29	 
MRI_faces_130	 2	 13	 1035.jpg	 2.140175e+01	 12	 999000	 120	 999000	 999	 2.241843e+01	 700.01	 716.67	 3.00	 7	 0.84	 
MRI_faces_130	 2	 13	 1262.jpg	 2.340186e+01	 24	 999000	 240	 999000	 999	 2.441853e+01	 700.01	 716.67	 52.00	 30	 0.27	 
MRI_faces_130	 2	 13	 1080.jpg	 2.540178e+01	 22	 1.000755e+03	 2200	 7.169223e+02	 98	 2.641964e+01	 700.01	 666.67	 43.00	 12	 0.36	 
MRI_faces_130	 2	 13	 2043.jpg	 2.840182e+01	 12	 999000	 120	 999000	 999	 2.941855e+01	 700.01	 666.67	 13.00	 37	 0.65	 
MRI_faces_130	 2	 13	 1031.jpg	 3.040184e+01	 12	 999000	 120	 999000	 999	 3.141854e+01	 700.01	 666.67	 6.00	 6	 0.81	 
MRI_faces_130	 2	 13	 2248.jpg	 3.440198e+01	 12	 999000	 120	 999000	 999	 3.541859e+01	 700.01	 666.67	 19.00	 60	 0.60	 
MRI_faces_130	 2	 13	 1173.jpg	 4.040285e+01	 24	 999000	 240	 999000	 999	 4.141965e+01	 700.01	 666.67	 55.00	 19	 0.25	 
MRI_faces_130	 2	 13	 2112.jpg	 4.340336e+01	 12	 999000	 120	 999000	 999	 4.442020e+01	 700.01	 666.67	 21.00	 45	 0.59	 
MRI_faces_130	 2	 13	 1210.jpg	 4.540374e+01	 12	 999000	 120	 999000	 999	 4.642049e+01	 700.01	 666.67	 10.00	 25	 0.72	 
MRI_faces_130	 2	 13	 1192.jpg	 4.740396e+01	 24	 999000	 240	 999000	 999	 4.842093e+01	 700.01	 666.67	 53.00	 22	 0.27	 
MRI_faces_130	 2	 13	 2089.jpg	 4.940444e+01	 12	 999000	 120	 999000	 999	 5.042123e+01	 700.01	 666.67	 12.00	 42	 0.70	 
MRI_faces_130	 2	 13	 2229.jpg	 5.140469e+01	 24	 999000	 240	 999000	 999	 5.242147e+01	 700.01	 666.67	 50.00	 58	 0.31	 
MRI_faces_130	 2	 13	 2110.jpg	 5.440529e+01	 22	 8.492462e+02	 220	 6.669338e+02	 98	 5.542206e+01	 700.01	 683.33	 54.00	 44	 0.25	 
MRI_faces_130	 2	 13	 1127.jpg	 5.840596e+01	 24	 999000	 240	 999000	 999	 5.942276e+01	 700.01	 683.33	 41.00	 14	 0.38	 
MRI_faces_130	 2	 13	 1204.jpg	 6.140650e+01	 11	 9.280325e+02	 110	 7.002743e+02	 98	 6.242325e+01	 716.67	 683.33	 17.00	 24	 0.62	 
MRI_faces_130	 2	 13	 1019.jpg	 6.540728e+01	 12	 999000	 120	 999000	 999	 6.642403e+01	 716.67	 683.33	 18.00	 4	 0.61	 
MRI_faces_130	 2	 13	 2010.jpg	 7.040811e+01	 24	 999000	 240	 999000	 999	 7.142485e+01	 716.67	 683.33	 39.00	 32	 0.42	 
MRI_faces_130	 2	 13	 1191.jpg	 7.440875e+01	 12	 999000	 120	 999000	 999	 7.542554e+01	 716.67	 683.33	 7.00	 21	 0.79	 
MRI_faces_130	 2	 13	 2164.jpg	 7.740932e+01	 24	 999000	 240	 999000	 999	 7.842606e+01	 716.67	 683.33	 47.00	 52	 0.33	 
MRI_faces_130	 2	 13	 2041.jpg	 7.940965e+01	 22	 9.178965e+02	 220	 6.835890e+02	 98	 8.042649e+01	 716.67	 700.00	 49.00	 36	 0.31	 
MRI_faces_130	 2	 13	 2118.jpg	 8.140997e+01	 12	 999000	 120	 999000	 999	 8.242682e+01	 716.67	 700.00	 22.00	 46	 0.57	 
MRI_faces_130	 2	 13	 2218.jpg	 8.841120e+01	 24	 999000	 240	 999000	 999	 8.942809e+01	 716.67	 700.00	 42.00	 57	 0.37	 
MRI_faces_130	 2	 13	 2181.jpg	 9.140280e+01	 12	 999000	 120	 999000	 999	 9.241942e+01	 716.67	 700.00	 5.00	 53	 0.82	 
MRI_faces_130	 2	 13	 1073.jpg	 9.340296e+01	 24	 999000	 240	 999000	 999	 9.441962e+01	 716.67	 700.00	 57.00	 11	 0.24	 
MRI_faces_130	 2	 13	 1114.jpg	 9.740290e+01	 11	 9.536356e+02	 110	 7.169433e+02	 98	 9.841952e+01	 733.34	 700.00	 8.00	 13	 0.78	 
MRI_faces_130	 2	 13	 2039.jpg	 9.940296e+01	 24	 999000	 240	 999000	 999	 1.004195e+02	 733.34	 700.00	 58.00	 35	 0.22	 
MRI_faces_130	 2	 13	 1216.jpg	 1.024030e+02	 12	 999000	 120	 999000	 999	 1.034196e+02	 733.34	 700.00	 4.00	 26	 0.82	 
MRI_faces_130	 2	 13	 1202.jpg	 1.044031e+02	 12	 999000	 120	 999000	 999	 1.054196e+02	 733.34	 700.00	 15.00	 23	 0.64	 
MRI_faces_130	 2	 13	 2063.jpg	 1.084031e+02	 11	 1.014390e+03	 1100	 7.336072e+02	 98	 1.094200e+02	 683.34	 700.00	 11.00	 41	 0.72	 
MRI_faces_130	 2	 13	 2053.jpg	 1.104031e+02	 11	 9.114659e+02	 110	 6.836045e+02	 98	 1.114198e+02	 700.01	 700.00	 14.00	 39	 0.64	 
MRI_faces_130	 2	 13	 2015.jpg	 1.144031e+02	 11	 9.344643e+02	 110	 7.002509e+02	 98	 1.154199e+02	 716.67	 700.00	 16.00	 33	 0.64	 
MRI_faces_130	 2	 13	 1183.jpg	 1.174033e+02	 22	 9.662666e+02	 220	 7.002825e+02	 98	 1.184199e+02	 716.67	 716.67	 48.00	 20	 0.32	 
MRI_faces_130	 2	 13	 2149.jpg	 1.194032e+02	 24	 999000	 240	 999000	 999	 1.204200e+02	 716.67	 716.67	 40.00	 49	 0.40	 
MRI_faces_130	 2	 13	 1060.jpg	 1.224033e+02	 24	 999000	 240	 999000	 999	 1.234199e+02	 716.67	 716.67	 44.00	 10	 0.36	 
