subjectID	 order	 runNum	 itemName	 onsetTime	 shuff_trialType	 RT	 respInTime	 AudioTime	 response	 fixationTime	 ladder1	 ladder2	 bidIndex	 itemNameIndex	 bidValue	 
MRI_faces_124	 2	 10	 1017.jpg	 1.240493e+02	 22	 9.990706e+02	 220	 7.169620e+02	 98	 1.250660e+02	 716.67	 733.34	 54.00	 3	 0.22	 
MRI_faces_124	 2	 10	 2218.jpg	 1.280496e+02	 11	 8.938245e+02	 110	 7.169791e+02	 98	 1.290662e+02	 733.34	 733.34	 14.00	 57	 0.70	 
MRI_faces_124	 2	 10	 2209.jpg	 1.300495e+02	 22	 9.439678e+02	 220	 7.336184e+02	 98	 1.310664e+02	 733.34	 750.00	 43.00	 55	 0.35	 
MRI_faces_124	 2	 10	 2110.jpg	 1.350502e+02	 24	 999000	 240	 999000	 999	 1.360670e+02	 733.34	 750.00	 40.00	 44	 0.39	 
MRI_faces_124	 2	 10	 1202.jpg	 1.370506e+02	 24	 999000	 240	 999000	 999	 1.380673e+02	 733.34	 750.00	 57.00	 23	 0.17	 
MRI_faces_124	 2	 10	 2063.jpg	 1.390508e+02	 11	 9.155928e+02	 110	 7.336004e+02	 98	 1.400676e+02	 750.00	 750.00	 11.00	 41	 0.72	 
MRI_faces_124	 2	 10	 2125.jpg	 1.430515e+02	 12	 999000	 120	 999000	 999	 1.440683e+02	 750.00	 750.00	 7.00	 47	 0.81	 
MRI_faces_124	 2	 10	 1027.jpg	 1.450496e+02	 24	 999000	 240	 999000	 999	 1.460687e+02	 750.00	 750.00	 41.00	 5	 0.35	 
MRI_faces_124	 2	 10	 2118.jpg	 1.470497e+02	 12	 999000	 120	 999000	 999	 1.480663e+02	 750.00	 750.00	 19.00	 46	 0.63	 
MRI_faces_124	 2	 10	 1130.jpg	 1.500499e+02	 12	 999000	 120	 999000	 999	 1.510664e+02	 750.00	 750.00	 21.00	 15	 0.59	 
MRI_faces_124	 2	 10	 2024.jpg	 1.520500e+02	 24	 999000	 240	 999000	 999	 1.530664e+02	 750.00	 750.00	 56.00	 34	 0.21	 
MRI_faces_124	 2	 10	 2155.jpg	 1.560499e+02	 24	 999000	 240	 999000	 999	 1.570664e+02	 750.00	 750.00	 58.00	 51	 0.16	 
MRI_faces_124	 2	 10	 1035.jpg	 1.620499e+02	 11	 1.109471e+03	 1100	 7.502694e+02	 98	 1.630665e+02	 700.00	 750.00	 16.00	 7	 0.67	 
MRI_faces_124	 2	 10	 2181.jpg	 1.650499e+02	 12	 999000	 120	 999000	 999	 1.660667e+02	 700.00	 750.00	 10.00	 53	 0.75	 
MRI_faces_124	 2	 10	 1114.jpg	 1.670499e+02	 12	 999000	 120	 999000	 999	 1.680667e+02	 700.00	 750.00	 13.00	 13	 0.70	 
MRI_faces_124	 2	 10	 1073.jpg	 1.690500e+02	 22	 9.463805e+02	 220	 7.502967e+02	 98	 1.700666e+02	 700.00	 766.67	 48.00	 11	 0.29	 
MRI_faces_124	 2	 10	 2194.jpg	 1.710501e+02	 24	 999000	 240	 999000	 999	 1.720667e+02	 700.00	 766.67	 55.00	 54	 0.22	 
MRI_faces_124	 2	 10	 2010.jpg	 1.730502e+02	 22	 9.572096e+02	 220	 7.669395e+02	 98	 1.740668e+02	 700.00	 783.34	 46.00	 32	 0.31	 
MRI_faces_124	 2	 10	 1262.jpg	 1.760501e+02	 12	 999000	 120	 999000	 999	 1.770668e+02	 700.00	 783.34	 4.00	 30	 0.83	 
MRI_faces_124	 2	 10	 1019.jpg	 1.800502e+02	 24	 999000	 240	 999000	 999	 1.810668e+02	 700.00	 783.34	 39.00	 4	 0.39	 
MRI_faces_124	 2	 10	 2149.jpg	 1.830503e+02	 12	 999000	 120	 999000	 999	 1.840668e+02	 700.00	 783.34	 3.00	 49	 0.89	 
MRI_faces_124	 2	 10	 1226.jpg	 1.870503e+02	 24	 999000	 240	 999000	 999	 1.880670e+02	 700.00	 783.34	 53.00	 27	 0.23	 
MRI_faces_124	 2	 10	 1192.jpg	 1.920504e+02	 24	 999000	 240	 999000	 999	 1.930670e+02	 700.00	 783.34	 52.00	 22	 0.24	 
MRI_faces_124	 2	 10	 2015.jpg	 1.960506e+02	 11	 8.918439e+02	 110	 7.002856e+02	 98	 1.970670e+02	 716.67	 783.34	 8.00	 33	 0.79	 
MRI_faces_124	 2	 10	 2248.jpg	 1.990505e+02	 12	 999000	 120	 999000	 999	 2.000671e+02	 716.67	 783.34	 6.00	 60	 0.81	 
MRI_faces_124	 2	 10	 1246.jpg	 2.010505e+02	 22	 1.020888e+03	 2200	 7.836095e+02	 98	 2.020672e+02	 716.67	 733.34	 51.00	 28	 0.28	 
MRI_faces_124	 2	 10	 1013.jpg	 2.030505e+02	 24	 999000	 240	 999000	 999	 2.040672e+02	 716.67	 733.34	 50.00	 2	 0.28	 
MRI_faces_124	 2	 10	 2153.jpg	 2.100507e+02	 12	 999000	 120	 999000	 999	 2.110673e+02	 716.67	 733.34	 5.00	 50	 0.82	 
MRI_faces_124	 2	 10	 2043.jpg	 2.130506e+02	 12	 999000	 120	 999000	 999	 2.140673e+02	 716.67	 733.34	 22.00	 37	 0.56	 
MRI_faces_124	 2	 10	 2041.jpg	 2.150507e+02	 12	 999000	 120	 999000	 999	 2.160674e+02	 716.67	 733.34	 15.00	 36	 0.68	 
MRI_faces_124	 2	 10	 1080.jpg	 2.190507e+02	 24	 999000	 240	 999000	 999	 2.200674e+02	 716.67	 733.34	 47.00	 12	 0.30	 
MRI_faces_124	 2	 10	 2045.jpg	 2.210508e+02	 12	 999000	 120	 999000	 999	 2.220674e+02	 716.67	 733.34	 20.00	 38	 0.62	 
MRI_faces_124	 2	 10	 2112.jpg	 2.240508e+02	 11	 9.576533e+02	 110	 7.169170e+02	 98	 2.250674e+02	 733.34	 733.34	 9.00	 45	 0.78	 
MRI_faces_124	 2	 10	 2229.jpg	 2.260509e+02	 12	 999000	 120	 999000	 999	 2.270675e+02	 733.34	 733.34	 18.00	 58	 0.63	 
MRI_faces_124	 2	 10	 2212.jpg	 2.300509e+02	 12	 999000	 120	 999000	 999	 2.310675e+02	 733.34	 733.34	 12.00	 56	 0.72	 
MRI_faces_124	 2	 10	 1050.jpg	 2.320510e+02	 11	 9.284377e+02	 110	 7.336226e+02	 98	 2.330676e+02	 750.00	 733.34	 17.00	 8	 0.64	 
MRI_faces_124	 2	 10	 1191.jpg	 2.360512e+02	 22	 9.282671e+02	 220	 7.336357e+02	 98	 2.370679e+02	 750.00	 750.00	 49.00	 21	 0.29	 
MRI_faces_124	 2	 10	 1204.jpg	 2.390517e+02	 24	 999000	 240	 999000	 999	 2.400684e+02	 750.00	 750.00	 45.00	 24	 0.32	 
MRI_faces_124	 2	 10	 1060.jpg	 2.410511e+02	 24	 999000	 240	 999000	 999	 2.420690e+02	 750.00	 750.00	 44.00	 10	 0.32	 
MRI_faces_124	 2	 10	 1255.jpg	 2.440511e+02	 24	 999000	 240	 999000	 999	 2.450694e+02	 750.00	 750.00	 42.00	 29	 0.35	 
