subjectID	 order	 runNum	 itemName	 onsetTime	 shuff_trialType	 RT	 respInTime	 AudioTime	 response	 fixationTime	 ladder1	 ladder2	 bidIndex	 itemNameIndex	 bidValue	 
MRI_faces_129	 1	 10	 1052.jpg	 1.242008e+02	 24	 999000	 240	 999000	 999	 1.252175e+02	 783.33	 716.67	 41.00	 9	 0.38	 
MRI_faces_129	 1	 10	 1150.jpg	 1.282014e+02	 24	 999000	 240	 999000	 999	 1.292182e+02	 783.33	 716.67	 57.00	 18	 0.18	 
MRI_faces_129	 1	 10	 1017.jpg	 1.301968e+02	 12	 999000	 120	 999000	 999	 1.312135e+02	 783.33	 716.67	 20.00	 3	 0.63	 
MRI_faces_129	 1	 10	 1127.jpg	 1.351969e+02	 24	 999000	 240	 999000	 999	 1.362135e+02	 783.33	 716.67	 55.00	 14	 0.19	 
MRI_faces_129	 1	 10	 1035.jpg	 1.371970e+02	 11	 6.820256e+02	 11	 7.836356e+02	 98	 1.382135e+02	 800.00	 716.67	 12.00	 7	 0.73	 
MRI_faces_129	 1	 10	 1060.jpg	 1.391969e+02	 24	 999000	 240	 999000	 999	 1.402137e+02	 800.00	 716.67	 58.00	 10	 0.14	 
MRI_faces_129	 1	 10	 1173.jpg	 1.431971e+02	 24	 999000	 240	 999000	 999	 1.442136e+02	 800.00	 716.67	 40.00	 19	 0.38	 
MRI_faces_129	 1	 10	 2248.jpg	 1.451970e+02	 12	 8.449247e+02	 12	 999000	 98	 1.462137e+02	 800.00	 716.67	 19.00	 60	 0.64	 
MRI_faces_129	 1	 10	 1216.jpg	 1.471971e+02	 11	 9.548138e+02	 110	 8.002941e+02	 98	 1.482137e+02	 816.66	 716.67	 7.00	 26	 0.81	 
MRI_faces_129	 1	 10	 2006.jpg	 1.501971e+02	 11	 9.238219e+02	 110	 8.169248e+02	 98	 1.512138e+02	 833.33	 716.67	 10.00	 31	 0.75	 
MRI_faces_129	 1	 10	 2155.jpg	 1.521972e+02	 24	 999000	 240	 999000	 999	 1.532138e+02	 833.33	 716.67	 42.00	 51	 0.38	 
MRI_faces_129	 1	 10	 1210.jpg	 1.561972e+02	 12	 999000	 120	 999000	 999	 1.572139e+02	 833.33	 716.67	 3.00	 25	 0.87	 
MRI_faces_129	 1	 10	 2045.jpg	 1.621974e+02	 24	 999000	 240	 999000	 999	 1.632142e+02	 833.33	 716.67	 46.00	 38	 0.32	 
MRI_faces_129	 1	 10	 2218.jpg	 1.651974e+02	 22	 9.005818e+02	 220	 7.169770e+02	 98	 1.662141e+02	 833.33	 733.34	 53.00	 57	 0.20	 
MRI_faces_129	 1	 10	 1192.jpg	 1.671974e+02	 24	 999000	 240	 999000	 999	 1.682140e+02	 833.33	 733.34	 48.00	 22	 0.29	 
MRI_faces_129	 1	 10	 1007.jpg	 1.691974e+02	 22	 9.745790e+02	 220	 7.336018e+02	 98	 1.702141e+02	 833.33	 750.00	 50.00	 1	 0.28	 
MRI_faces_129	 1	 10	 1204.jpg	 1.711974e+02	 22	 1.031540e+03	 2200	 7.502851e+02	 98	 1.722141e+02	 833.33	 700.00	 45.00	 24	 0.33	 
MRI_faces_129	 1	 10	 2058.jpg	 1.731976e+02	 24	 999000	 240	 999000	 999	 1.742141e+02	 833.33	 700.00	 49.00	 40	 0.29	 
MRI_faces_129	 1	 10	 2024.jpg	 1.761975e+02	 22	 8.524328e+02	 220	 7.003068e+02	 98	 1.772141e+02	 833.33	 716.67	 47.00	 34	 0.30	 
MRI_faces_129	 1	 10	 1262.jpg	 1.801975e+02	 12	 999000	 120	 999000	 999	 1.812143e+02	 833.33	 716.67	 9.00	 30	 0.76	 
MRI_faces_129	 1	 10	 2043.jpg	 1.831977e+02	 22	 1.030298e+03	 2200	 7.169611e+02	 98	 1.842143e+02	 833.33	 666.67	 44.00	 37	 0.35	 
MRI_faces_129	 1	 10	 1146.jpg	 1.871977e+02	 12	 999000	 120	 999000	 999	 1.882143e+02	 833.33	 666.67	 22.00	 17	 0.60	 
MRI_faces_129	 1	 10	 2010.jpg	 1.921977e+02	 12	 999000	 120	 999000	 999	 1.932144e+02	 833.33	 666.67	 8.00	 32	 0.80	 
MRI_faces_129	 1	 10	 1202.jpg	 1.961978e+02	 12	 999000	 120	 999000	 999	 1.972146e+02	 833.33	 666.67	 21.00	 23	 0.61	 
MRI_faces_129	 1	 10	 1031.jpg	 1.991979e+02	 12	 999000	 120	 999000	 999	 2.002146e+02	 833.33	 666.67	 5.00	 6	 0.82	 
MRI_faces_129	 1	 10	 1114.jpg	 2.011979e+02	 12	 999000	 120	 999000	 999	 2.022146e+02	 833.33	 666.67	 6.00	 13	 0.81	 
MRI_faces_129	 1	 10	 1183.jpg	 2.031980e+02	 24	 999000	 240	 999000	 999	 2.042148e+02	 833.33	 666.67	 51.00	 20	 0.25	 
MRI_faces_129	 1	 10	 2164.jpg	 2.101992e+02	 24	 999000	 240	 999000	 999	 2.112161e+02	 833.33	 666.67	 39.00	 52	 0.38	 
MRI_faces_129	 1	 10	 2118.jpg	 2.131997e+02	 12	 999000	 120	 999000	 999	 2.142166e+02	 833.33	 666.67	 11.00	 46	 0.75	 
MRI_faces_129	 1	 10	 1226.jpg	 2.152001e+02	 24	 999000	 240	 999000	 999	 2.162169e+02	 833.33	 666.67	 43.00	 27	 0.35	 
MRI_faces_129	 1	 10	 2089.jpg	 2.192008e+02	 11	 1.055145e+03	 1100	 8.336196e+02	 98	 2.202314e+02	 783.33	 666.67	 15.00	 42	 0.67	 
MRI_faces_129	 1	 10	 1255.jpg	 2.212011e+02	 12	 999000	 120	 999000	 999	 2.222180e+02	 783.33	 666.67	 14.00	 29	 0.68	 
MRI_faces_129	 1	 10	 2112.jpg	 2.242016e+02	 12	 999000	 120	 999000	 999	 2.252185e+02	 783.33	 666.67	 16.00	 45	 0.66	 
MRI_faces_129	 1	 10	 1130.jpg	 2.261984e+02	 24	 999000	 240	 999000	 999	 2.272149e+02	 783.33	 666.67	 54.00	 15	 0.19	 
MRI_faces_129	 1	 10	 2181.jpg	 2.301983e+02	 11	 7.076733e+02	 11	 7.836137e+02	 98	 2.312149e+02	 800.00	 666.67	 13.00	 53	 0.71	 
MRI_faces_129	 1	 10	 2149.jpg	 2.321984e+02	 24	 999000	 240	 999000	 999	 2.332150e+02	 800.00	 666.67	 56.00	 49	 0.18	 
MRI_faces_129	 1	 10	 2110.jpg	 2.361985e+02	 22	 8.285159e+02	 220	 6.669261e+02	 98	 2.372151e+02	 800.00	 683.34	 52.00	 44	 0.21	 
MRI_faces_129	 1	 10	 2094.jpg	 2.391985e+02	 11	 7.534830e+02	 11	 8.002510e+02	 98	 2.402152e+02	 816.66	 683.34	 18.00	 43	 0.65	 
MRI_faces_129	 1	 10	 2063.jpg	 2.411985e+02	 12	 999000	 120	 999000	 999	 2.422151e+02	 816.66	 683.34	 4.00	 41	 0.83	 
MRI_faces_129	 1	 10	 2015.jpg	 2.441986e+02	 12	 999000	 120	 999000	 999	 2.452154e+02	 816.66	 683.34	 17.00	 33	 0.66	 
