subjectID	 order	 runNum	 itemName	 onsetTime	 shuff_trialType	 RT	 respInTime	 AudioTime	 response	 fixationTime	 ladder1	 ladder2	 bidIndex	 itemNameIndex	 bidValue	 
MRI_faces_131	 1	 10	 1019.jpg	 1.241921e+02	 24	 999000	 240	 999000	 999	 1.252090e+02	 650.00	 783.33	 43.00	 4	 0.33	 
MRI_faces_131	 1	 10	 1216.jpg	 1.271807e+02	 24	 999000	 240	 999000	 999	 1.281973e+02	 650.00	 783.33	 51.00	 26	 0.28	 
MRI_faces_131	 1	 10	 1052.jpg	 1.311807e+02	 22	 1.006181e+03	 2200	 7.836340e+02	 98	 1.321975e+02	 650.00	 733.33	 47.00	 9	 0.31	 
MRI_faces_131	 1	 10	 2194.jpg	 1.341808e+02	 24	 999000	 240	 999000	 999	 1.351977e+02	 650.00	 733.33	 56.00	 54	 0.20	 
MRI_faces_131	 1	 10	 2229.jpg	 1.381808e+02	 12	 999000	 120	 999000	 999	 1.391975e+02	 650.00	 733.33	 20.00	 58	 0.63	 
MRI_faces_131	 1	 10	 2015.jpg	 1.411809e+02	 12	 999000	 120	 999000	 999	 1.421975e+02	 650.00	 733.33	 22.00	 33	 0.62	 
MRI_faces_131	 1	 10	 2110.jpg	 1.431809e+02	 24	 999000	 240	 999000	 999	 1.441976e+02	 650.00	 733.33	 55.00	 44	 0.22	 
MRI_faces_131	 1	 10	 2053.jpg	 1.461811e+02	 22	 1.000834e+03	 2200	 7.336205e+02	 98	 1.471977e+02	 650.00	 683.33	 45.00	 39	 0.32	 
MRI_faces_131	 1	 10	 2112.jpg	 1.491811e+02	 11	 8.727864e+02	 110	 6.503367e+02	 98	 1.501976e+02	 666.67	 683.33	 13.00	 45	 0.69	 
MRI_faces_131	 1	 10	 2094.jpg	 1.541812e+02	 12	 999000	 120	 999000	 999	 1.551977e+02	 666.67	 683.33	 6.00	 43	 0.85	 
MRI_faces_131	 1	 10	 2010.jpg	 1.561811e+02	 12	 999000	 120	 999000	 999	 1.571979e+02	 666.67	 683.33	 9.00	 32	 0.78	 
MRI_faces_131	 1	 10	 2149.jpg	 1.581815e+02	 24	 999000	 240	 999000	 999	 1.591983e+02	 666.67	 683.33	 41.00	 49	 0.36	 
MRI_faces_131	 1	 10	 1150.jpg	 1.621822e+02	 24	 999000	 240	 999000	 999	 1.631990e+02	 666.67	 683.33	 54.00	 18	 0.24	 
MRI_faces_131	 1	 10	 1035.jpg	 1.691834e+02	 24	 999000	 240	 999000	 999	 1.702003e+02	 666.67	 683.33	 46.00	 7	 0.31	 
MRI_faces_131	 1	 10	 2058.jpg	 1.711839e+02	 12	 999000	 120	 999000	 999	 1.722006e+02	 666.67	 683.33	 16.00	 40	 0.67	 
MRI_faces_131	 1	 10	 2248.jpg	 1.731841e+02	 12	 999000	 120	 999000	 999	 1.742009e+02	 666.67	 683.33	 8.00	 60	 0.81	 
MRI_faces_131	 1	 10	 2024.jpg	 1.751845e+02	 24	 999000	 240	 999000	 999	 1.762013e+02	 666.67	 683.33	 40.00	 34	 0.37	 
MRI_faces_131	 1	 10	 2045.jpg	 1.771848e+02	 22	 9.110749e+02	 220	 6.836199e+02	 98	 1.782016e+02	 666.67	 700.00	 52.00	 38	 0.27	 
MRI_faces_131	 1	 10	 2063.jpg	 1.791852e+02	 12	 999000	 120	 999000	 999	 1.802022e+02	 666.67	 700.00	 17.00	 41	 0.67	 
MRI_faces_131	 1	 10	 1127.jpg	 1.821858e+02	 24	 999000	 240	 999000	 999	 1.832026e+02	 666.67	 700.00	 57.00	 14	 0.17	 
MRI_faces_131	 1	 10	 1073.jpg	 1.841860e+02	 12	 999000	 120	 999000	 999	 1.852028e+02	 666.67	 700.00	 19.00	 11	 0.63	 
MRI_faces_131	 1	 10	 1017.jpg	 1.861864e+02	 24	 999000	 240	 999000	 999	 1.872032e+02	 666.67	 700.00	 49.00	 3	 0.30	 
MRI_faces_131	 1	 10	 2212.jpg	 1.901871e+02	 12	 999000	 120	 999000	 999	 1.912040e+02	 666.67	 700.00	 5.00	 56	 0.86	 
MRI_faces_131	 1	 10	 1114.jpg	 1.941878e+02	 11	 8.701478e+02	 110	 6.669531e+02	 98	 1.952047e+02	 683.33	 700.00	 18.00	 13	 0.67	 
MRI_faces_131	 1	 10	 1210.jpg	 2.001888e+02	 12	 999000	 120	 999000	 999	 2.012057e+02	 683.33	 700.00	 14.00	 25	 0.69	 
MRI_faces_131	 1	 10	 1013.jpg	 2.021893e+02	 22	 8.846574e+02	 220	 7.002962e+02	 98	 2.032060e+02	 683.33	 716.66	 44.00	 2	 0.33	 
MRI_faces_131	 1	 10	 2155.jpg	 2.041896e+02	 12	 999000	 120	 999000	 999	 2.052063e+02	 683.33	 716.66	 3.00	 51	 0.89	 
MRI_faces_131	 1	 10	 1146.jpg	 2.061899e+02	 24	 999000	 240	 999000	 999	 2.072068e+02	 683.33	 716.66	 48.00	 17	 0.31	 
MRI_faces_131	 1	 10	 2089.jpg	 2.101907e+02	 11	 9.362272e+02	 110	 6.836002e+02	 98	 2.112074e+02	 700.00	 716.66	 12.00	 42	 0.70	 
MRI_faces_131	 1	 10	 1226.jpg	 2.121910e+02	 24	 999000	 240	 999000	 999	 2.132078e+02	 700.00	 716.66	 42.00	 27	 0.35	 
MRI_faces_131	 1	 10	 2209.jpg	 2.141913e+02	 11	 8.936220e+02	 110	 7.002488e+02	 98	 2.152082e+02	 716.67	 716.66	 15.00	 55	 0.68	 
MRI_faces_131	 1	 10	 1080.jpg	 2.161917e+02	 22	 9.192347e+02	 220	 7.169171e+02	 98	 2.172084e+02	 716.67	 733.33	 50.00	 12	 0.29	 
MRI_faces_131	 1	 10	 2218.jpg	 2.201821e+02	 12	 999000	 120	 999000	 999	 2.211988e+02	 716.67	 733.33	 4.00	 57	 0.88	 
MRI_faces_131	 1	 10	 2006.jpg	 2.241822e+02	 11	 9.317511e+02	 110	 7.169267e+02	 98	 2.251987e+02	 733.33	 733.33	 10.00	 31	 0.73	 
MRI_faces_131	 1	 10	 2164.jpg	 2.271822e+02	 12	 999000	 120	 999000	 999	 2.281988e+02	 733.33	 733.33	 21.00	 52	 0.63	 
MRI_faces_131	 1	 10	 2153.jpg	 2.321823e+02	 11	 9.995885e+02	 110	 7.335872e+02	 98	 2.331989e+02	 750.00	 733.33	 7.00	 50	 0.81	 
MRI_faces_131	 1	 10	 1202.jpg	 2.341823e+02	 12	 999000	 120	 999000	 999	 2.351989e+02	 750.00	 733.33	 11.00	 23	 0.72	 
MRI_faces_131	 1	 10	 1183.jpg	 2.371823e+02	 22	 9.826291e+02	 220	 7.336107e+02	 98	 2.381990e+02	 750.00	 750.00	 53.00	 20	 0.26	 
MRI_faces_131	 1	 10	 1145.jpg	 2.411824e+02	 24	 999000	 240	 999000	 999	 2.421990e+02	 750.00	 750.00	 58.00	 16	 0.16	 
MRI_faces_131	 1	 10	 1262.jpg	 2.441825e+02	 24	 999000	 240	 999000	 999	 2.451991e+02	 750.00	 750.00	 39.00	 30	 0.38	 
