subjectID	 order	 runNum	 itemName	 onsetTime	 shuff_trialType	 RT	 respInTime	 AudioTime	 response	 fixationTime	 ladder1	 ladder2	 bidIndex	 itemNameIndex	 bidValue	 
MRI_faces_127	 1	 6	 2181.jpg	 1.242011e+02	 12	 999000	 120	 999000	 999	 1.252180e+02	 716.67	 716.67	 4.00	 53	 0.84	 
MRI_faces_127	 1	 6	 1150.jpg	 1.291926e+02	 24	 999000	 240	 999000	 999	 1.302093e+02	 716.67	 716.67	 49.00	 18	 0.25	 
MRI_faces_127	 1	 6	 1013.jpg	 1.311928e+02	 22	 1.060180e+03	 2200	 7.169875e+02	 98	 1.322093e+02	 716.67	 666.67	 44.00	 2	 0.31	 
MRI_faces_127	 1	 6	 2125.jpg	 1.341927e+02	 12	 999000	 120	 999000	 999	 1.352095e+02	 716.67	 666.67	 5.00	 47	 0.83	 
MRI_faces_127	 1	 6	 2089.jpg	 1.371928e+02	 11	 1.008243e+03	 1100	 7.171683e+02	 98	 1.382116e+02	 666.67	 666.67	 15.00	 42	 0.67	 
MRI_faces_127	 1	 6	 2045.jpg	 1.441929e+02	 24	 999000	 240	 999000	 999	 1.452095e+02	 666.67	 666.67	 43.00	 38	 0.35	 
MRI_faces_127	 1	 6	 2248.jpg	 1.461929e+02	 12	 999000	 120	 999000	 999	 1.472096e+02	 666.67	 666.67	 22.00	 60	 0.62	 
MRI_faces_127	 1	 6	 1114.jpg	 1.501930e+02	 12	 999000	 120	 999000	 999	 1.512097e+02	 666.67	 666.67	 16.00	 13	 0.65	 
MRI_faces_127	 1	 6	 1183.jpg	 1.521930e+02	 24	 999000	 240	 999000	 999	 1.532097e+02	 666.67	 666.67	 40.00	 20	 0.40	 
MRI_faces_127	 1	 6	 1216.jpg	 1.571931e+02	 12	 999000	 120	 999000	 999	 1.582097e+02	 666.67	 666.67	 21.00	 26	 0.62	 
MRI_faces_127	 1	 6	 2194.jpg	 1.611932e+02	 24	 999000	 240	 999000	 999	 1.622097e+02	 666.67	 666.67	 58.00	 54	 0.14	 
MRI_faces_127	 1	 6	 2010.jpg	 1.631931e+02	 12	 999000	 120	 999000	 999	 1.642098e+02	 666.67	 666.67	 19.00	 32	 0.65	 
MRI_faces_127	 1	 6	 1173.jpg	 1.661933e+02	 22	 8.906505e+02	 220	 6.669315e+02	 98	 1.672099e+02	 666.67	 683.34	 50.00	 19	 0.24	 
MRI_faces_127	 1	 6	 2128.jpg	 1.691932e+02	 22	 8.547551e+02	 220	 6.835993e+02	 98	 1.702099e+02	 666.67	 700.00	 52.00	 48	 0.22	 
MRI_faces_127	 1	 6	 1060.jpg	 1.731934e+02	 24	 999000	 240	 999000	 999	 1.742099e+02	 666.67	 700.00	 39.00	 10	 0.41	 
MRI_faces_127	 1	 6	 1262.jpg	 1.771938e+02	 24	 999000	 240	 999000	 999	 1.782105e+02	 666.67	 700.00	 56.00	 30	 0.17	 
MRI_faces_127	 1	 6	 1007.jpg	 1.811945e+02	 11	 9.075332e+02	 110	 6.669339e+02	 98	 1.822113e+02	 683.34	 700.00	 7.00	 1	 0.80	 
MRI_faces_127	 1	 6	 2112.jpg	 1.841950e+02	 12	 999000	 120	 999000	 999	 1.852118e+02	 683.34	 700.00	 14.00	 45	 0.70	 
MRI_faces_127	 1	 6	 1204.jpg	 1.871955e+02	 24	 999000	 240	 999000	 999	 1.882124e+02	 683.34	 700.00	 55.00	 24	 0.19	 
MRI_faces_127	 1	 6	 1145.jpg	 1.901960e+02	 22	 9.109695e+02	 220	 7.002587e+02	 98	 1.912130e+02	 683.34	 716.67	 45.00	 16	 0.31	 
MRI_faces_127	 1	 6	 1073.jpg	 1.921965e+02	 11	 8.894931e+02	 110	 6.835912e+02	 98	 1.932133e+02	 700.00	 716.67	 18.00	 11	 0.65	 
MRI_faces_127	 1	 6	 2218.jpg	 1.951970e+02	 12	 999000	 120	 999000	 999	 1.962138e+02	 700.00	 716.67	 20.00	 57	 0.63	 
MRI_faces_127	 1	 6	 2240.jpg	 1.971975e+02	 12	 999000	 120	 999000	 999	 1.982142e+02	 700.00	 716.67	 9.00	 59	 0.76	 
MRI_faces_127	 1	 6	 1191.jpg	 1.991977e+02	 24	 999000	 240	 999000	 999	 2.002145e+02	 700.00	 716.67	 41.00	 21	 0.38	 
MRI_faces_127	 1	 6	 1052.jpg	 2.011980e+02	 22	 9.850002e+02	 220	 7.169359e+02	 98	 2.022149e+02	 700.00	 733.34	 53.00	 9	 0.21	 
MRI_faces_127	 1	 6	 1035.jpg	 2.041985e+02	 12	 999000	 120	 999000	 999	 2.052154e+02	 700.00	 733.34	 8.00	 7	 0.78	 
MRI_faces_127	 1	 6	 2212.jpg	 2.081993e+02	 12	 999000	 120	 999000	 999	 2.092160e+02	 700.00	 733.34	 11.00	 56	 0.75	 
MRI_faces_127	 1	 6	 1210.jpg	 2.101996e+02	 24	 999000	 240	 999000	 999	 2.112165e+02	 700.00	 733.34	 42.00	 25	 0.38	 
MRI_faces_127	 1	 6	 2153.jpg	 2.121999e+02	 12	 999000	 120	 999000	 999	 2.132167e+02	 700.00	 733.34	 3.00	 50	 0.85	 
MRI_faces_127	 1	 6	 1031.jpg	 2.162006e+02	 11	 7.163900e+02	 110	 7.003009e+02	 98	 2.172175e+02	 716.67	 733.34	 13.00	 6	 0.71	 
MRI_faces_127	 1	 6	 1050.jpg	 2.182010e+02	 12	 999000	 120	 999000	 999	 2.192178e+02	 716.67	 733.34	 17.00	 8	 0.65	 
MRI_faces_127	 1	 6	 1246.jpg	 2.202013e+02	 24	 999000	 240	 999000	 999	 2.212182e+02	 716.67	 733.34	 54.00	 28	 0.19	 
MRI_faces_127	 1	 6	 2043.jpg	 2.241941e+02	 22	 9.238638e+02	 220	 7.336234e+02	 98	 2.252108e+02	 716.67	 750.00	 47.00	 37	 0.28	 
MRI_faces_127	 1	 6	 1080.jpg	 2.281941e+02	 24	 999000	 240	 999000	 999	 2.292108e+02	 716.67	 750.00	 57.00	 12	 0.15	 
MRI_faces_127	 1	 6	 2155.jpg	 2.301942e+02	 12	 999000	 120	 999000	 999	 2.312108e+02	 716.67	 750.00	 6.00	 51	 0.81	 
MRI_faces_127	 1	 6	 1226.jpg	 2.321942e+02	 24	 999000	 240	 999000	 999	 2.332111e+02	 716.67	 750.00	 48.00	 27	 0.26	 
MRI_faces_127	 1	 6	 2015.jpg	 2.341943e+02	 24	 999000	 240	 999000	 999	 2.352109e+02	 716.67	 750.00	 46.00	 33	 0.28	 
MRI_faces_127	 1	 6	 2118.jpg	 2.361942e+02	 11	 9.617977e+02	 110	 7.169837e+02	 98	 2.372109e+02	 733.34	 750.00	 10.00	 46	 0.75	 
MRI_faces_127	 1	 6	 2053.jpg	 2.421943e+02	 11	 9.546738e+02	 110	 7.336026e+02	 98	 2.432111e+02	 750.00	 750.00	 12.00	 39	 0.72	 
MRI_faces_127	 1	 6	 2058.jpg	 2.441944e+02	 24	 999000	 240	 999000	 999	 2.452111e+02	 750.00	 750.00	 51.00	 40	 0.22	 
