subjectID	 order	 runNum	 itemName	 onsetTime	 shuff_trialType	 RT	 respInTime	 AudioTime	 response	 fixationTime	 ladder1	 ladder2	 bidIndex	 itemNameIndex	 bidValue	 
MRI_faces_105	 1	 9	 2118.jpg	 2.363197e+00	 12	 999000	 120	 999000	 999	 3.383245e+00	 616.67	 616.66	 9.00	 46	 0.77	 
MRI_faces_105	 1	 9	 2229.jpg	 4.363304e+00	 24	 999000	 240	 999000	 999	 5.380382e+00	 616.67	 616.66	 55.00	 58	 0.22	 
MRI_faces_105	 1	 9	 1210.jpg	 7.363822e+00	 12	 999000	 120	 999000	 999	 8.383186e+00	 616.67	 616.66	 8.00	 25	 0.79	 
MRI_faces_105	 1	 9	 2006.jpg	 1.036436e+01	 12	 999000	 120	 999000	 999	 1.138122e+01	 616.67	 616.66	 5.00	 31	 0.85	 
MRI_faces_105	 1	 9	 1173.jpg	 1.236471e+01	 24	 999000	 240	 999000	 999	 1.338233e+01	 616.67	 616.66	 42.00	 19	 0.32	 
MRI_faces_105	 1	 9	 2155.jpg	 1.636543e+01	 12	 999000	 120	 999000	 999	 1.738236e+01	 616.67	 616.66	 19.00	 51	 0.64	 
MRI_faces_105	 1	 9	 1031.jpg	 2.136633e+01	 12	 999000	 120	 999000	 999	 2.238513e+01	 616.67	 616.66	 21.00	 6	 0.62	 
MRI_faces_105	 1	 9	 1019.jpg	 2.335998e+01	 22	 8.560526e+02	 220	 6.195068e+02	 98	 2.440147e+01	 616.67	 633.33	 52.00	 4	 0.24	 
MRI_faces_105	 1	 9	 1050.jpg	 2.635994e+01	 22	 9.220833e+02	 220	 6.336640e+02	 98	 2.740384e+01	 616.67	 649.99	 44.00	 8	 0.29	 
MRI_faces_105	 1	 9	 2125.jpg	 2.835996e+01	 12	 999000	 120	 999000	 999	 2.937904e+01	 616.67	 649.99	 3.00	 47	 0.88	 
MRI_faces_105	 1	 9	 1052.jpg	 3.435999e+01	 24	 999000	 240	 999000	 999	 3.538000e+01	 616.67	 649.99	 56.00	 9	 0.21	 
MRI_faces_105	 1	 9	 1262.jpg	 3.736017e+01	 22	 8.608539e+02	 220	 6.503652e+02	 98	 3.840398e+01	 616.67	 666.66	 45.00	 30	 0.28	 
MRI_faces_105	 1	 9	 2194.jpg	 4.236012e+01	 24	 999000	 240	 999000	 999	 4.337683e+01	 616.67	 666.66	 58.00	 54	 0.17	 
MRI_faces_105	 1	 9	 2039.jpg	 4.436012e+01	 22	 9.658747e+02	 220	 6.669804e+02	 98	 4.540631e+01	 616.67	 683.33	 53.00	 35	 0.24	 
MRI_faces_105	 1	 9	 1191.jpg	 4.636020e+01	 12	 999000	 120	 999000	 999	 4.738041e+01	 616.67	 683.33	 11.00	 21	 0.73	 
MRI_faces_105	 1	 9	 1114.jpg	 5.036039e+01	 12	 999000	 120	 999000	 999	 5.138121e+01	 616.67	 683.33	 4.00	 13	 0.85	 
MRI_faces_105	 1	 9	 2212.jpg	 5.236037e+01	 24	 999000	 240	 999000	 999	 5.337713e+01	 616.67	 683.33	 39.00	 56	 0.37	 
MRI_faces_105	 1	 9	 2058.jpg	 5.536045e+01	 24	 999000	 240	 999000	 999	 5.637912e+01	 616.67	 683.33	 40.00	 40	 0.35	 
MRI_faces_105	 1	 9	 1035.jpg	 5.836040e+01	 24	 999000	 240	 999000	 999	 5.937726e+01	 616.67	 683.33	 46.00	 7	 0.28	 
MRI_faces_105	 1	 9	 1060.jpg	 6.136050e+01	 24	 999000	 240	 999000	 999	 6.237866e+01	 616.67	 683.33	 43.00	 10	 0.31	 
MRI_faces_105	 1	 9	 2149.jpg	 6.336048e+01	 24	 999000	 240	 999000	 999	 6.437916e+01	 616.67	 683.33	 48.00	 49	 0.27	 
MRI_faces_105	 1	 9	 2209.jpg	 6.736061e+01	 11	 9.134032e+02	 110	 6.193954e+02	 98	 6.841053e+01	 633.34	 683.33	 7.00	 55	 0.79	 
MRI_faces_105	 1	 9	 1130.jpg	 6.936060e+01	 12	 999000	 120	 999000	 999	 7.037761e+01	 633.34	 683.33	 14.00	 15	 0.66	 
MRI_faces_105	 1	 9	 2248.jpg	 7.136064e+01	 24	 999000	 240	 999000	 999	 7.237785e+01	 633.34	 683.33	 49.00	 60	 0.26	 
MRI_faces_105	 1	 9	 2164.jpg	 7.336072e+01	 11	 9.212967e+02	 110	 6.336352e+02	 98	 7.439591e+01	 650.00	 683.33	 15.00	 52	 0.66	 
MRI_faces_105	 1	 9	 2112.jpg	 7.536070e+01	 12	 999000	 120	 999000	 999	 7.637806e+01	 650.00	 683.33	 16.00	 45	 0.66	 
MRI_faces_105	 1	 9	 1013.jpg	 7.936086e+01	 12	 999000	 120	 999000	 999	 8.037736e+01	 650.00	 683.33	 20.00	 2	 0.63	 
MRI_faces_105	 1	 9	 2010.jpg	 8.336081e+01	 24	 999000	 240	 999000	 999	 8.437886e+01	 650.00	 683.33	 51.00	 32	 0.24	 
MRI_faces_105	 1	 9	 2053.jpg	 8.736127e+01	 11	 9.437533e+02	 110	 6.503403e+02	 98	 8.839748e+01	 666.67	 683.33	 10.00	 39	 0.73	 
MRI_faces_105	 1	 9	 2128.jpg	 9.036178e+01	 11	 9.872543e+02	 110	 6.669891e+02	 98	 9.139623e+01	 683.34	 683.33	 18.00	 48	 0.64	 
MRI_faces_105	 1	 9	 1255.jpg	 9.236217e+01	 12	 999000	 120	 999000	 999	 9.338289e+01	 683.34	 683.33	 17.00	 29	 0.64	 
MRI_faces_105	 1	 9	 1204.jpg	 9.436249e+01	 24	 999000	 240	 999000	 999	 9.538292e+01	 683.34	 683.33	 54.00	 24	 0.23	 
MRI_faces_105	 1	 9	 1246.jpg	 9.636284e+01	 24	 999000	 240	 999000	 999	 9.737979e+01	 683.34	 683.33	 57.00	 28	 0.18	 
MRI_faces_105	 1	 9	 1192.jpg	 9.836320e+01	 11	 9.318161e+02	 110	 6.836592e+02	 98	 9.941101e+01	 700.00	 683.33	 12.00	 22	 0.71	 
MRI_faces_105	 1	 9	 2043.jpg	 1.023639e+02	 11	 1.029114e+03	 1100	 7.002975e+02	 98	 1.034123e+02	 650.00	 683.33	 13.00	 37	 0.67	 
MRI_faces_105	 1	 9	 2094.jpg	 1.043642e+02	 12	 999000	 120	 999000	 999	 1.053824e+02	 650.00	 683.33	 6.00	 43	 0.80	 
MRI_faces_105	 1	 9	 2024.jpg	 1.113655e+02	 22	 1.023721e+03	 2200	 6.836221e+02	 98	 1.124135e+02	 650.00	 633.33	 47.00	 34	 0.28	 
MRI_faces_105	 1	 9	 2089.jpg	 1.153661e+02	 24	 999000	 240	 999000	 999	 1.163834e+02	 650.00	 633.33	 41.00	 42	 0.33	 
MRI_faces_105	 1	 9	 1183.jpg	 1.183612e+02	 22	 8.657737e+02	 220	 6.336277e+02	 98	 1.194030e+02	 650.00	 649.99	 50.00	 20	 0.25	 
MRI_faces_105	 1	 9	 2041.jpg	 1.223613e+02	 12	 999000	 120	 999000	 999	 1.233806e+02	 650.00	 649.99	 22.00	 36	 0.62	 
