subjectID	 order	 runNum	 itemName	 onsetTime	 shuff_trialType	 RT	 respInTime	 AudioTime	 response	 fixationTime	 ladder1	 ladder2	 bidIndex	 itemNameIndex	 bidValue	 
MRI_faces_103	 1	 5	 2209.jpg	 2.366589e+00	 22	 9.708263e+02	 220	 6.866984e+02	 98	 3.417064e+00	 749.99	 700.00	 50.00	 55	 0.26	 
MRI_faces_103	 1	 5	 2015.jpg	 4.363151e+00	 11	 1.016450e+03	 1100	 7.534420e+02	 98	 5.413205e+00	 699.99	 700.00	 18.00	 33	 0.67	 
MRI_faces_103	 1	 5	 1173.jpg	 7.363627e+00	 12	 999000	 120	 999000	 999	 8.382971e+00	 699.99	 700.00	 19.00	 19	 0.66	 
MRI_faces_103	 1	 5	 2043.jpg	 1.036416e+01	 12	 999000	 120	 999000	 999	 1.138337e+01	 699.99	 700.00	 17.00	 37	 0.68	 
MRI_faces_103	 1	 5	 1204.jpg	 1.236450e+01	 24	 999000	 240	 999000	 999	 1.338571e+01	 699.99	 700.00	 51.00	 24	 0.26	 
MRI_faces_103	 1	 5	 1150.jpg	 1.636519e+01	 24	 999000	 240	 999000	 999	 1.738619e+01	 699.99	 700.00	 42.00	 18	 0.33	 
MRI_faces_103	 1	 5	 2218.jpg	 2.134970e+01	 24	 999000	 240	 999000	 999	 2.236730e+01	 699.99	 700.00	 46.00	 57	 0.29	 
MRI_faces_103	 1	 5	 2128.jpg	 2.335000e+01	 24	 999000	 240	 999000	 999	 2.436809e+01	 699.99	 700.00	 41.00	 48	 0.36	 
MRI_faces_103	 1	 5	 2153.jpg	 2.635035e+01	 12	 999000	 120	 999000	 999	 2.736715e+01	 699.99	 700.00	 16.00	 50	 0.70	 
MRI_faces_103	 1	 5	 2063.jpg	 2.835062e+01	 11	 9.497647e+02	 110	 7.003153e+02	 98	 2.940005e+01	 716.66	 700.00	 13.00	 41	 0.72	 
MRI_faces_103	 1	 5	 2125.jpg	 3.435174e+01	 12	 999000	 120	 999000	 999	 3.536836e+01	 716.66	 700.00	 14.00	 47	 0.71	 
MRI_faces_103	 1	 5	 1145.jpg	 3.735226e+01	 24	 999000	 240	 999000	 999	 3.837085e+01	 716.66	 700.00	 56.00	 16	 0.15	 
MRI_faces_103	 1	 5	 1052.jpg	 4.235316e+01	 24	 999000	 240	 999000	 999	 4.337040e+01	 716.66	 700.00	 48.00	 9	 0.27	 
MRI_faces_103	 1	 5	 2240.jpg	 4.435344e+01	 11	 9.169295e+02	 110	 7.169679e+02	 98	 4.540025e+01	 733.32	 700.00	 7.00	 59	 0.83	 
MRI_faces_103	 1	 5	 2248.jpg	 4.635382e+01	 11	 9.485494e+02	 110	 7.336356e+02	 98	 4.740027e+01	 749.99	 700.00	 12.00	 60	 0.72	 
MRI_faces_103	 1	 5	 2149.jpg	 5.035449e+01	 12	 999000	 120	 999000	 999	 5.137154e+01	 749.99	 700.00	 22.00	 49	 0.59	 
MRI_faces_103	 1	 5	 2181.jpg	 5.235502e+01	 11	 9.533623e+02	 110	 7.503138e+02	 98	 5.340075e+01	 766.66	 700.00	 10.00	 53	 0.76	 
MRI_faces_103	 1	 5	 1027.jpg	 5.535540e+01	 11	 9.860113e+02	 110	 7.669659e+02	 98	 5.640049e+01	 783.32	 700.00	 15.00	 5	 0.70	 
MRI_faces_103	 1	 5	 2164.jpg	 5.835598e+01	 12	 999000	 120	 999000	 999	 5.937375e+01	 783.32	 700.00	 20.00	 52	 0.63	 
MRI_faces_103	 1	 5	 1216.jpg	 6.135640e+01	 22	 9.629725e+02	 220	 7.011982e+02	 98	 6.240061e+01	 783.32	 716.66	 53.00	 26	 0.22	 
MRI_faces_103	 1	 5	 2045.jpg	 6.335690e+01	 12	 999000	 120	 999000	 999	 6.437392e+01	 783.32	 716.66	 4.00	 38	 0.87	 
MRI_faces_103	 1	 5	 1183.jpg	 6.735758e+01	 12	 999000	 120	 999000	 999	 6.837458e+01	 783.32	 716.66	 21.00	 20	 0.62	 
MRI_faces_103	 1	 5	 1202.jpg	 6.935780e+01	 24	 999000	 240	 999000	 999	 7.037568e+01	 783.32	 716.66	 49.00	 23	 0.27	 
MRI_faces_103	 1	 5	 2094.jpg	 7.135821e+01	 12	 999000	 120	 999000	 999	 7.237598e+01	 783.32	 716.66	 3.00	 43	 0.88	 
MRI_faces_103	 1	 5	 2024.jpg	 7.335858e+01	 24	 999000	 240	 999000	 999	 7.437717e+01	 783.32	 716.66	 54.00	 34	 0.20	 
MRI_faces_103	 1	 5	 2053.jpg	 7.535894e+01	 12	 999000	 120	 999000	 999	 7.637706e+01	 783.32	 716.66	 8.00	 39	 0.80	 
MRI_faces_103	 1	 5	 2194.jpg	 7.935959e+01	 24	 999000	 240	 999000	 999	 8.037799e+01	 783.32	 716.66	 57.00	 54	 0.15	 
MRI_faces_103	 1	 5	 1226.jpg	 8.336037e+01	 12	 999000	 120	 999000	 999	 8.437855e+01	 783.32	 716.66	 5.00	 27	 0.84	 
MRI_faces_103	 1	 5	 1050.jpg	 8.736098e+01	 24	 999000	 240	 999000	 999	 8.837840e+01	 783.32	 716.66	 58.00	 8	 0.14	 
MRI_faces_103	 1	 5	 1262.jpg	 9.036154e+01	 24	 999000	 240	 999000	 999	 9.138153e+01	 783.32	 716.66	 40.00	 30	 0.36	 
MRI_faces_103	 1	 5	 2006.jpg	 9.236192e+01	 12	 999000	 120	 999000	 999	 9.337875e+01	 783.32	 716.66	 6.00	 31	 0.83	 
MRI_faces_103	 1	 5	 2155.jpg	 9.436232e+01	 22	 9.190639e+02	 220	 7.169635e+02	 98	 9.540303e+01	 783.32	 733.33	 44.00	 51	 0.31	 
MRI_faces_103	 1	 5	 2058.jpg	 9.636269e+01	 24	 999000	 240	 999000	 999	 9.738445e+01	 783.32	 733.33	 39.00	 40	 0.37	 
MRI_faces_103	 1	 5	 2110.jpg	 9.836296e+01	 12	 999000	 120	 999000	 999	 9.938443e+01	 783.32	 733.33	 11.00	 44	 0.74	 
MRI_faces_103	 1	 5	 1114.jpg	 1.023637e+02	 24	 999000	 240	 999000	 999	 1.033846e+02	 783.32	 733.33	 55.00	 13	 0.16	 
MRI_faces_103	 1	 5	 2212.jpg	 1.043641e+02	 22	 9.722871e+02	 220	 7.336516e+02	 98	 1.054015e+02	 783.32	 750.00	 52.00	 56	 0.25	 
MRI_faces_103	 1	 5	 1031.jpg	 1.113513e+02	 12	 999000	 120	 999000	 999	 1.123694e+02	 783.32	 750.00	 9.00	 6	 0.77	 
MRI_faces_103	 1	 5	 1191.jpg	 1.153514e+02	 24	 999000	 240	 999000	 999	 1.163690e+02	 783.32	 750.00	 43.00	 21	 0.33	 
MRI_faces_103	 1	 5	 2039.jpg	 1.183514e+02	 22	 9.919847e+02	 220	 7.503006e+02	 98	 1.193860e+02	 783.32	 766.66	 47.00	 35	 0.28	 
MRI_faces_103	 1	 5	 1127.jpg	 1.223515e+02	 22	 9.979086e+02	 220	 7.669660e+02	 98	 1.234007e+02	 783.32	 783.33	 45.00	 14	 0.30	 
