subjectID	 order	 runNum	 itemName	 onsetTime	 shuff_trialType	 RT	 respInTime	 AudioTime	 response	 fixationTime	 ladder1	 ladder2	 bidIndex	 itemNameIndex	 bidValue	 
MRI_faces_103	 1	 1	 1150.jpg	 2.352258e+00	 24	 999000	 240	 999000	 999	 3.387746e+00	 750.00	 750.00	 49.00	 18	 0.26	 
MRI_faces_103	 1	 1	 2039.jpg	 6.352149e+00	 12	 999000	 120	 999000	 999	 7.369721e+00	 750.00	 750.00	 14.00	 35	 0.69	 
MRI_faces_103	 1	 1	 1226.jpg	 8.352859e+00	 24	 999000	 240	 999000	 999	 9.373232e+00	 750.00	 750.00	 48.00	 27	 0.26	 
MRI_faces_103	 1	 1	 1210.jpg	 1.335361e+01	 11	 999000	 1	 7.549518e+02	 999	 1.439570e+01	 700.00	 750.00	 7.00	 25	 0.80	 
MRI_faces_103	 1	 1	 2125.jpg	 1.534570e+01	 12	 999000	 120	 999000	 999	 1.636257e+01	 700.00	 750.00	 9.00	 47	 0.79	 
MRI_faces_103	 1	 1	 2181.jpg	 1.734563e+01	 11	 999000	 1	 7.002963e+02	 999	 1.838767e+01	 650.00	 750.00	 13.00	 53	 0.75	 
MRI_faces_103	 1	 1	 2112.jpg	 2.134571e+01	 12	 999000	 120	 999000	 999	 2.236282e+01	 650.00	 750.00	 4.00	 45	 0.82	 
MRI_faces_103	 1	 1	 2218.jpg	 2.334575e+01	 12	 999000	 120	 999000	 999	 2.436304e+01	 650.00	 750.00	 16.00	 57	 0.65	 
MRI_faces_103	 1	 1	 2153.jpg	 2.534583e+01	 12	 999000	 120	 999000	 999	 2.636444e+01	 650.00	 750.00	 3.00	 50	 0.86	 
MRI_faces_103	 1	 1	 2209.jpg	 2.834589e+01	 12	 999000	 120	 999000	 999	 2.936641e+01	 650.00	 750.00	 11.00	 55	 0.77	 
MRI_faces_103	 1	 1	 2110.jpg	 3.034588e+01	 24	 999000	 240	 999000	 999	 3.136310e+01	 650.00	 750.00	 56.00	 44	 0.22	 
MRI_faces_103	 1	 1	 2024.jpg	 3.434601e+01	 11	 999000	 1	 6.503037e+02	 999	 3.539069e+01	 600.00	 750.00	 12.00	 34	 0.75	 
MRI_faces_103	 1	 1	 1255.jpg	 4.034610e+01	 24	 999000	 240	 999000	 999	 4.136679e+01	 600.00	 750.00	 39.00	 29	 0.41	 
MRI_faces_103	 1	 1	 2118.jpg	 4.334609e+01	 12	 999000	 120	 999000	 999	 4.436351e+01	 600.00	 750.00	 6.00	 46	 0.81	 
MRI_faces_103	 1	 1	 1262.jpg	 4.534617e+01	 24	 999000	 240	 999000	 999	 4.636465e+01	 600.00	 750.00	 55.00	 30	 0.23	 
MRI_faces_103	 1	 1	 2149.jpg	 4.734619e+01	 12	 999000	 120	 999000	 999	 4.836465e+01	 600.00	 750.00	 17.00	 49	 0.65	 
MRI_faces_103	 1	 1	 2089.jpg	 4.934622e+01	 11	 999000	 1	 6.003240e+02	 999	 5.039324e+01	 550.00	 750.00	 18.00	 42	 0.64	 
MRI_faces_103	 1	 1	 1127.jpg	 5.134620e+01	 24	 999000	 240	 999000	 999	 5.236330e+01	 550.00	 750.00	 57.00	 14	 0.21	 
MRI_faces_103	 1	 1	 1019.jpg	 5.434649e+01	 22	 999000	 2	 7.534749e+02	 999	 5.539409e+01	 550.00	 700.00	 45.00	 4	 0.31	 
MRI_faces_103	 1	 1	 1007.jpg	 5.834630e+01	 22	 999000	 2	 7.003252e+02	 999	 5.939483e+01	 550.00	 650.00	 53.00	 1	 0.23	 
MRI_faces_103	 1	 1	 1017.jpg	 6.134647e+01	 22	 999000	 2	 6.503457e+02	 999	 6.238264e+01	 550.00	 600.00	 52.00	 3	 0.24	 
MRI_faces_103	 1	 1	 2128.jpg	 6.534648e+01	 12	 999000	 120	 999000	 999	 6.636309e+01	 550.00	 600.00	 19.00	 48	 0.63	 
MRI_faces_103	 1	 1	 2229.jpg	 7.034706e+01	 11	 999000	 1	 5.503818e+02	 999	 7.138263e+01	 500.00	 600.00	 10.00	 58	 0.78	 
MRI_faces_103	 1	 1	 1146.jpg	 7.434752e+01	 24	 999000	 240	 999000	 999	 7.536803e+01	 500.00	 600.00	 43.00	 17	 0.34	 
MRI_faces_103	 1	 1	 2006.jpg	 7.734815e+01	 11	 999000	 1	 5.002994e+02	 999	 7.838414e+01	 450.00	 600.00	 15.00	 31	 0.67	 
MRI_faces_103	 1	 1	 2015.jpg	 7.934835e+01	 12	 999000	 120	 999000	 999	 8.036624e+01	 450.00	 600.00	 22.00	 33	 0.60	 
MRI_faces_103	 1	 1	 1145.jpg	 8.134889e+01	 24	 999000	 240	 999000	 999	 8.236805e+01	 450.00	 600.00	 41.00	 16	 0.37	 
MRI_faces_103	 1	 1	 1191.jpg	 8.835003e+01	 24	 999000	 240	 999000	 999	 8.936722e+01	 450.00	 600.00	 46.00	 21	 0.30	 
MRI_faces_103	 1	 1	 2063.jpg	 9.135058e+01	 12	 999000	 120	 999000	 999	 9.236931e+01	 450.00	 600.00	 8.00	 41	 0.80	 
MRI_faces_103	 1	 1	 1130.jpg	 9.335088e+01	 24	 999000	 240	 999000	 999	 9.436929e+01	 450.00	 600.00	 42.00	 15	 0.37	 
MRI_faces_103	 1	 1	 2041.jpg	 9.735159e+01	 12	 999000	 120	 999000	 999	 9.836996e+01	 450.00	 600.00	 21.00	 36	 0.61	 
MRI_faces_103	 1	 1	 1173.jpg	 9.935187e+01	 22	 999000	 2	 6.003088e+02	 999	 1.003970e+02	 450.00	 550.00	 50.00	 19	 0.25	 
MRI_faces_103	 1	 1	 2043.jpg	 1.023525e+02	 12	 999000	 120	 999000	 999	 1.033719e+02	 450.00	 550.00	 20.00	 37	 0.63	 
MRI_faces_103	 1	 1	 1204.jpg	 1.043528e+02	 24	 999000	 240	 999000	 999	 1.053699e+02	 450.00	 550.00	 58.00	 24	 0.17	 
MRI_faces_103	 1	 1	 1192.jpg	 1.083472e+02	 24	 999000	 240	 999000	 999	 1.093640e+02	 450.00	 550.00	 54.00	 22	 0.23	 
MRI_faces_103	 1	 1	 2094.jpg	 1.103472e+02	 12	 999000	 120	 999000	 999	 1.113639e+02	 450.00	 550.00	 5.00	 43	 0.82	 
MRI_faces_103	 1	 1	 1246.jpg	 1.143472e+02	 24	 999000	 240	 999000	 999	 1.153672e+02	 450.00	 550.00	 51.00	 28	 0.25	 
MRI_faces_103	 1	 1	 1073.jpg	 1.173473e+02	 24	 999000	 240	 999000	 999	 1.183648e+02	 450.00	 550.00	 40.00	 11	 0.40	 
MRI_faces_103	 1	 1	 1027.jpg	 1.193472e+02	 22	 999000	 2	 5.503044e+02	 999	 1.203914e+02	 450.00	 500.00	 44.00	 5	 0.32	 
MRI_faces_103	 1	 1	 1052.jpg	 1.223473e+02	 22	 999000	 2	 5.003289e+02	 999	 1.233896e+02	 450.00	 450.00	 47.00	 9	 0.27	 
