subjectID	 order	 runNum	 itemName	 onsetTime	 shuff_trialType	 RT	 respInTime	 AudioTime	 response	 fixationTime	 ladder1	 ladder2	 bidIndex	 itemNameIndex	 bidValue	 
MRI_faces_104	 2	 3	 1052.jpg	 2.365426e+00	 24	 999000	 240	 999000	 999	 3.382867e+00	 750.00	 683.33	 56.00	 9	 0.18	 
MRI_faces_104	 2	 3	 2212.jpg	 7.366111e+00	 12	 999000	 120	 999000	 999	 8.384767e+00	 750.00	 683.33	 18.00	 56	 0.66	 
MRI_faces_104	 2	 3	 2041.jpg	 9.366365e+00	 24	 999000	 240	 999000	 999	 1.038599e+01	 750.00	 683.33	 41.00	 36	 0.38	 
MRI_faces_104	 2	 3	 2112.jpg	 1.236696e+01	 11	 9.973998e+02	 110	 7.530572e+02	 98	 1.341261e+01	 766.67	 683.33	 11.00	 45	 0.73	 
MRI_faces_104	 2	 3	 1192.jpg	 1.536752e+01	 24	 999000	 240	 999000	 999	 1.638653e+01	 766.67	 683.33	 52.00	 22	 0.25	 
MRI_faces_104	 2	 3	 2125.jpg	 2.236877e+01	 24	 999000	 240	 999000	 999	 2.338548e+01	 766.67	 683.33	 40.00	 47	 0.39	 
MRI_faces_104	 2	 3	 1130.jpg	 2.436903e+01	 22	 9.613110e+02	 220	 6.861776e+02	 98	 2.541283e+01	 766.67	 700.00	 43.00	 15	 0.35	 
MRI_faces_104	 2	 3	 1216.jpg	 2.836981e+01	 11	 1.034538e+03	 1100	 7.669461e+02	 98	 2.941277e+01	 716.67	 700.00	 9.00	 26	 0.77	 
MRI_faces_104	 2	 3	 1127.jpg	 3.037019e+01	 24	 999000	 240	 999000	 999	 3.139011e+01	 716.67	 700.00	 53.00	 14	 0.23	 
MRI_faces_104	 2	 3	 1183.jpg	 3.536274e+01	 24	 999000	 240	 999000	 999	 3.637974e+01	 716.67	 700.00	 39.00	 20	 0.42	 
MRI_faces_104	 2	 3	 1019.jpg	 3.936282e+01	 12	 999000	 120	 999000	 999	 4.038082e+01	 716.67	 700.00	 15.00	 4	 0.69	 
MRI_faces_104	 2	 3	 2181.jpg	 4.136283e+01	 12	 999000	 120	 999000	 999	 4.238080e+01	 716.67	 700.00	 3.00	 53	 0.87	 
MRI_faces_104	 2	 3	 1145.jpg	 4.436291e+01	 11	 9.374255e+02	 110	 7.169563e+02	 98	 4.540619e+01	 733.33	 700.00	 17.00	 16	 0.67	 
MRI_faces_104	 2	 3	 1060.jpg	 4.736290e+01	 12	 999000	 120	 999000	 999	 4.838016e+01	 733.33	 700.00	 10.00	 10	 0.74	 
MRI_faces_104	 2	 3	 2053.jpg	 5.136301e+01	 12	 999000	 120	 999000	 999	 5.238040e+01	 733.33	 700.00	 22.00	 39	 0.58	 
MRI_faces_104	 2	 3	 1173.jpg	 5.536309e+01	 24	 999000	 240	 999000	 999	 5.638137e+01	 733.33	 700.00	 47.00	 19	 0.29	 
MRI_faces_104	 2	 3	 1146.jpg	 5.936312e+01	 24	 999000	 240	 999000	 999	 6.038141e+01	 733.33	 700.00	 42.00	 17	 0.36	 
MRI_faces_104	 2	 3	 2118.jpg	 6.236321e+01	 11	 9.901297e+02	 110	 7.336151e+02	 98	 6.340913e+01	 750.00	 700.00	 16.00	 46	 0.68	 
MRI_faces_104	 2	 3	 1204.jpg	 6.536323e+01	 24	 999000	 240	 999000	 999	 6.638061e+01	 750.00	 700.00	 45.00	 24	 0.34	 
MRI_faces_104	 2	 3	 2039.jpg	 6.836320e+01	 12	 999000	 120	 999000	 999	 6.938403e+01	 750.00	 700.00	 12.00	 35	 0.72	 
MRI_faces_104	 2	 3	 1073.jpg	 7.036335e+01	 12	 999000	 120	 999000	 999	 7.138146e+01	 750.00	 700.00	 21.00	 11	 0.58	 
MRI_faces_104	 2	 3	 1027.jpg	 7.336329e+01	 12	 999000	 120	 999000	 999	 7.438251e+01	 750.00	 700.00	 6.00	 5	 0.81	 
MRI_faces_104	 2	 3	 2058.jpg	 7.536336e+01	 22	 9.359727e+02	 220	 7.003170e+02	 98	 7.641159e+01	 750.00	 716.66	 54.00	 40	 0.21	 
MRI_faces_104	 2	 3	 1226.jpg	 7.736342e+01	 22	 1.020089e+03	 2200	 7.170285e+02	 98	 7.841345e+01	 750.00	 666.66	 49.00	 27	 0.28	 
MRI_faces_104	 2	 3	 1150.jpg	 7.936339e+01	 24	 999000	 240	 999000	 999	 8.037998e+01	 750.00	 666.66	 58.00	 18	 0.17	 
MRI_faces_104	 2	 3	 1050.jpg	 8.236339e+01	 12	 999000	 120	 999000	 999	 8.338393e+01	 750.00	 666.66	 4.00	 8	 0.83	 
MRI_faces_104	 2	 3	 1246.jpg	 8.636346e+01	 24	 999000	 240	 999000	 999	 8.738434e+01	 750.00	 666.66	 57.00	 28	 0.18	 
MRI_faces_104	 2	 3	 1114.jpg	 8.836364e+01	 12	 999000	 120	 999000	 999	 8.938471e+01	 750.00	 666.66	 19.00	 13	 0.65	 
MRI_faces_104	 2	 3	 2149.jpg	 9.036401e+01	 22	 9.533219e+02	 220	 6.669771e+02	 98	 9.140213e+01	 750.00	 683.33	 46.00	 49	 0.31	 
MRI_faces_104	 2	 3	 1031.jpg	 9.436479e+01	 12	 999000	 120	 999000	 999	 9.538516e+01	 750.00	 683.33	 5.00	 6	 0.83	 
MRI_faces_104	 2	 3	 2209.jpg	 9.636521e+01	 22	 9.361298e+02	 220	 6.836373e+02	 98	 9.741375e+01	 750.00	 700.00	 48.00	 55	 0.28	 
MRI_faces_104	 2	 3	 1007.jpg	 9.836550e+01	 24	 999000	 240	 999000	 999	 9.938622e+01	 750.00	 700.00	 50.00	 1	 0.26	 
MRI_faces_104	 2	 3	 1210.jpg	 1.023662e+02	 22	 8.931557e+02	 220	 7.003215e+02	 98	 1.034138e+02	 750.00	 716.66	 51.00	 25	 0.26	 
MRI_faces_104	 2	 3	 1080.jpg	 1.063668e+02	 12	 999000	 120	 999000	 999	 1.073839e+02	 750.00	 716.66	 7.00	 12	 0.80	 
MRI_faces_104	 2	 3	 2089.jpg	 1.083672e+02	 12	 999000	 120	 999000	 999	 1.093877e+02	 750.00	 716.66	 20.00	 42	 0.61	 
MRI_faces_104	 2	 3	 2194.jpg	 1.103676e+02	 24	 999000	 240	 999000	 999	 1.113857e+02	 750.00	 716.66	 44.00	 54	 0.35	 
MRI_faces_104	 2	 3	 1202.jpg	 1.123680e+02	 11	 9.903855e+02	 110	 7.502994e+02	 98	 1.134180e+02	 766.67	 716.66	 8.00	 23	 0.79	 
MRI_faces_104	 2	 3	 2015.jpg	 1.143683e+02	 11	 1.022209e+03	 1100	 7.669891e+02	 98	 1.154139e+02	 716.67	 716.66	 14.00	 33	 0.71	 
MRI_faces_104	 2	 3	 1035.jpg	 1.203693e+02	 12	 999000	 120	 999000	 999	 1.213892e+02	 716.67	 716.66	 13.00	 7	 0.72	 
MRI_faces_104	 2	 3	 2240.jpg	 1.223697e+02	 24	 999000	 240	 999000	 999	 1.233900e+02	 716.67	 716.66	 55.00	 59	 0.19	 
