subjectID	 order	 runNum	 itemName	 onsetTime	 shuff_trialType	 RT	 respInTime	 AudioTime	 response	 fixationTime	 ladder1	 ladder2	 bidIndex	 itemNameIndex	 bidValue	 
MRI_faces_106	 2	 2	 1114.jpg	 1.241404e+02	 24	 999000	 240	 999000	 999	 1.251576e+02	 716.67	 716.67	 52.00	 13	 0.23	 
MRI_faces_106	 2	 2	 2043.jpg	 1.291351e+02	 11	 9.306896e+02	 110	 7.170151e+02	 98	 1.301754e+02	 733.34	 716.67	 9.00	 37	 0.78	 
MRI_faces_106	 2	 2	 1019.jpg	 1.311354e+02	 24	 999000	 240	 999000	 999	 1.321572e+02	 733.34	 716.67	 42.00	 4	 0.36	 
MRI_faces_106	 2	 2	 2153.jpg	 1.341360e+02	 12	 999000	 120	 999000	 999	 1.351572e+02	 733.34	 716.67	 7.00	 50	 0.80	 
MRI_faces_106	 2	 2	 2053.jpg	 1.371365e+02	 12	 999000	 120	 999000	 999	 1.381600e+02	 733.34	 716.67	 18.00	 39	 0.66	 
MRI_faces_106	 2	 2	 2248.jpg	 1.441241e+02	 12	 999000	 120	 999000	 999	 1.451448e+02	 733.34	 716.67	 13.00	 60	 0.72	 
MRI_faces_106	 2	 2	 1173.jpg	 1.461241e+02	 22	 9.436929e+02	 220	 7.170022e+02	 98	 1.471716e+02	 733.34	 733.34	 54.00	 19	 0.18	 
MRI_faces_106	 2	 2	 2118.jpg	 1.501242e+02	 11	 9.415861e+02	 110	 7.336770e+02	 98	 1.511594e+02	 750.00	 733.34	 8.00	 46	 0.80	 
MRI_faces_106	 2	 2	 2194.jpg	 1.521241e+02	 12	 999000	 120	 999000	 999	 1.531444e+02	 750.00	 733.34	 15.00	 54	 0.71	 
MRI_faces_106	 2	 2	 1246.jpg	 1.571243e+02	 22	 9.275041e+02	 220	 7.336076e+02	 98	 1.581593e+02	 750.00	 750.00	 43.00	 28	 0.35	 
MRI_faces_106	 2	 2	 1080.jpg	 1.611243e+02	 11	 9.375013e+02	 110	 7.503123e+02	 98	 1.621579e+02	 766.67	 750.00	 16.00	 12	 0.70	 
MRI_faces_106	 2	 2	 2058.jpg	 1.631244e+02	 12	 999000	 120	 999000	 999	 1.641414e+02	 766.67	 750.00	 20.00	 40	 0.63	 
MRI_faces_106	 2	 2	 2209.jpg	 1.661249e+02	 12	 999000	 120	 999000	 999	 1.671449e+02	 766.67	 750.00	 6.00	 55	 0.82	 
MRI_faces_106	 2	 2	 1146.jpg	 1.691254e+02	 24	 999000	 240	 999000	 999	 1.701423e+02	 766.67	 750.00	 41.00	 17	 0.37	 
MRI_faces_106	 2	 2	 2045.jpg	 1.731262e+02	 11	 1.023671e+03	 1100	 7.670038e+02	 98	 1.741745e+02	 716.67	 750.00	 17.00	 38	 0.67	 
MRI_faces_106	 2	 2	 1226.jpg	 1.771269e+02	 24	 999000	 240	 999000	 999	 1.781448e+02	 716.67	 750.00	 45.00	 27	 0.33	 
MRI_faces_106	 2	 2	 2024.jpg	 1.811276e+02	 12	 999000	 120	 999000	 999	 1.821451e+02	 716.67	 750.00	 21.00	 34	 0.61	 
MRI_faces_106	 2	 2	 1255.jpg	 1.841281e+02	 22	 9.457311e+02	 220	 7.503390e+02	 98	 1.851746e+02	 716.67	 766.67	 46.00	 29	 0.32	 
MRI_faces_106	 2	 2	 2125.jpg	 1.871286e+02	 12	 999000	 120	 999000	 999	 1.881459e+02	 716.67	 766.67	 3.00	 47	 0.86	 
MRI_faces_106	 2	 2	 1060.jpg	 1.901292e+02	 24	 999000	 240	 999000	 999	 1.911491e+02	 716.67	 766.67	 50.00	 10	 0.24	 
MRI_faces_106	 2	 2	 1130.jpg	 1.921295e+02	 24	 999000	 240	 999000	 999	 1.931500e+02	 716.67	 766.67	 57.00	 15	 0.15	 
MRI_faces_106	 2	 2	 2110.jpg	 1.951301e+02	 24	 999000	 240	 999000	 999	 1.961483e+02	 716.67	 766.67	 44.00	 44	 0.35	 
MRI_faces_106	 2	 2	 1073.jpg	 1.971304e+02	 22	 9.923536e+02	 220	 7.669872e+02	 98	 1.981748e+02	 716.67	 783.34	 49.00	 11	 0.28	 
MRI_faces_106	 2	 2	 1191.jpg	 1.991308e+02	 24	 999000	 240	 999000	 999	 2.001476e+02	 716.67	 783.34	 47.00	 21	 0.31	 
MRI_faces_106	 2	 2	 1210.jpg	 2.011311e+02	 24	 999000	 240	 999000	 999	 2.021478e+02	 716.67	 783.34	 53.00	 25	 0.19	 
MRI_faces_106	 2	 2	 2229.jpg	 2.041316e+02	 12	 999000	 120	 999000	 999	 2.051513e+02	 716.67	 783.34	 12.00	 58	 0.72	 
MRI_faces_106	 2	 2	 1035.jpg	 2.081324e+02	 12	 999000	 120	 999000	 999	 2.091527e+02	 716.67	 783.34	 19.00	 7	 0.64	 
MRI_faces_106	 2	 2	 2094.jpg	 2.101326e+02	 24	 999000	 240	 999000	 999	 2.111531e+02	 716.67	 783.34	 40.00	 43	 0.37	 
MRI_faces_106	 2	 2	 2218.jpg	 2.121330e+02	 12	 999000	 120	 999000	 999	 2.131531e+02	 716.67	 783.34	 4.00	 57	 0.85	 
MRI_faces_106	 2	 2	 1192.jpg	 2.161337e+02	 22	 1.065016e+03	 2200	 7.836504e+02	 98	 2.171752e+02	 716.67	 733.34	 51.00	 22	 0.23	 
MRI_faces_106	 2	 2	 2181.jpg	 2.181341e+02	 12	 999000	 120	 999000	 999	 2.191535e+02	 716.67	 733.34	 10.00	 53	 0.78	 
MRI_faces_106	 2	 2	 1216.jpg	 2.201344e+02	 24	 999000	 240	 999000	 999	 2.211538e+02	 716.67	 733.34	 39.00	 26	 0.38	 
MRI_faces_106	 2	 2	 1052.jpg	 2.241351e+02	 24	 999000	 240	 999000	 999	 2.251548e+02	 716.67	 733.34	 58.00	 9	 0.15	 
MRI_faces_106	 2	 2	 1262.jpg	 2.281359e+02	 11	 8.909060e+02	 110	 7.169858e+02	 98	 2.291794e+02	 733.34	 733.34	 14.00	 30	 0.72	 
MRI_faces_106	 2	 2	 2149.jpg	 2.301362e+02	 24	 999000	 240	 999000	 999	 2.311558e+02	 733.34	 733.34	 56.00	 49	 0.17	 
MRI_faces_106	 2	 2	 2015.jpg	 2.321366e+02	 12	 999000	 120	 999000	 999	 2.331587e+02	 733.34	 733.34	 5.00	 33	 0.82	 
MRI_faces_106	 2	 2	 1150.jpg	 2.341254e+02	 24	 999000	 240	 999000	 999	 2.351456e+02	 733.34	 733.34	 55.00	 18	 0.18	 
MRI_faces_106	 2	 2	 2240.jpg	 2.361254e+02	 12	 999000	 120	 999000	 999	 2.371460e+02	 733.34	 733.34	 22.00	 59	 0.59	 
MRI_faces_106	 2	 2	 1127.jpg	 2.421255e+02	 22	 4.312481e+02	 22	 7.336438e+02	 98	 2.431718e+02	 733.34	 750.00	 48.00	 14	 0.29	 
MRI_faces_106	 2	 2	 2063.jpg	 2.441256e+02	 11	 1.196218e+03	 1100	 7.336986e+02	 98	 2.451721e+02	 683.34	 750.00	 11.00	 41	 0.74	 
