subjectID	 order	 runNum	 itemName	 onsetTime	 shuff_trialType	 RT	 respInTime	 AudioTime	 response	 fixationTime	 ladder1	 ladder2	 bidIndex	 itemNameIndex	 bidValue	 
MRI_faces_103	 1	 1	 2063.jpg	 2.260534e+00	 11	 1.307410e+03	 1100	 7.532992e+02	 98	 3.320609e+00	 700.00	 750.00	 13.00	 41	 0.72	 
MRI_faces_103	 1	 1	 2024.jpg	 4.253849e+00	 24	 999000	 240	 999000	 999	 5.272064e+00	 700.00	 750.00	 54.00	 34	 0.20	 
MRI_faces_103	 1	 1	 2110.jpg	 7.253872e+00	 12	 999000	 120	 999000	 999	 8.273109e+00	 700.00	 750.00	 11.00	 44	 0.74	 
MRI_faces_103	 1	 1	 1127.jpg	 1.025386e+01	 22	 1.086084e+03	 2200	 7.560369e+02	 98	 1.130393e+01	 700.00	 700.00	 45.00	 14	 0.30	 
MRI_faces_103	 1	 1	 1150.jpg	 1.225398e+01	 24	 999000	 240	 999000	 999	 1.327090e+01	 700.00	 700.00	 42.00	 18	 0.33	 
MRI_faces_103	 1	 1	 1027.jpg	 1.625395e+01	 11	 1.025144e+03	 1100	 7.067574e+02	 98	 1.729796e+01	 650.00	 700.00	 15.00	 5	 0.70	 
MRI_faces_103	 1	 1	 1173.jpg	 2.125411e+01	 12	 999000	 120	 999000	 999	 2.227191e+01	 650.00	 700.00	 19.00	 19	 0.66	 
MRI_faces_103	 1	 1	 1191.jpg	 2.325413e+01	 24	 999000	 240	 999000	 999	 2.427358e+01	 650.00	 700.00	 43.00	 21	 0.33	 
MRI_faces_103	 1	 1	 2039.jpg	 2.625418e+01	 22	 1.133762e+03	 2200	 7.007250e+02	 98	 2.730401e+01	 650.00	 650.00	 47.00	 35	 0.28	 
MRI_faces_103	 1	 1	 1052.jpg	 2.825424e+01	 24	 999000	 240	 999000	 999	 2.927118e+01	 650.00	 650.00	 48.00	 9	 0.27	 
MRI_faces_103	 1	 1	 2194.jpg	 3.425433e+01	 24	 999000	 240	 999000	 999	 3.527212e+01	 650.00	 650.00	 57.00	 54	 0.15	 
MRI_faces_103	 1	 1	 1114.jpg	 3.725441e+01	 24	 999000	 240	 999000	 999	 3.827370e+01	 650.00	 650.00	 55.00	 13	 0.16	 
MRI_faces_103	 1	 1	 2094.jpg	 4.225443e+01	 12	 999000	 120	 999000	 999	 4.327267e+01	 650.00	 650.00	 3.00	 43	 0.88	 
MRI_faces_103	 1	 1	 2058.jpg	 4.425459e+01	 24	 999000	 240	 999000	 999	 4.527261e+01	 650.00	 650.00	 39.00	 40	 0.37	 
MRI_faces_103	 1	 1	 1202.jpg	 4.625466e+01	 24	 999000	 240	 999000	 999	 4.727238e+01	 650.00	 650.00	 49.00	 23	 0.27	 
MRI_faces_103	 1	 1	 2128.jpg	 5.025449e+01	 24	 999000	 240	 999000	 999	 5.127252e+01	 650.00	 650.00	 41.00	 48	 0.36	 
MRI_faces_103	 1	 1	 2181.jpg	 5.225472e+01	 11	 9.562244e+02	 110	 6.507312e+02	 98	 5.330474e+01	 666.67	 650.00	 10.00	 53	 0.76	 
MRI_faces_103	 1	 1	 1216.jpg	 5.525465e+01	 22	 1.018479e+03	 2200	 6.505937e+02	 98	 5.630511e+01	 666.67	 600.00	 53.00	 26	 0.22	 
MRI_faces_103	 1	 1	 1183.jpg	 5.825473e+01	 12	 999000	 120	 999000	 999	 5.927266e+01	 666.67	 600.00	 21.00	 20	 0.62	 
MRI_faces_103	 1	 1	 2248.jpg	 6.125467e+01	 11	 9.542544e+02	 110	 6.672732e+02	 98	 6.230469e+01	 683.33	 600.00	 12.00	 60	 0.72	 
MRI_faces_103	 1	 1	 2240.jpg	 6.325492e+01	 11	 1.055018e+03	 1100	 6.839623e+02	 98	 6.430473e+01	 633.33	 600.00	 7.00	 59	 0.83	 
MRI_faces_103	 1	 1	 1031.jpg	 6.725477e+01	 12	 999000	 120	 999000	 999	 6.827263e+01	 633.33	 600.00	 9.00	 6	 0.77	 
MRI_faces_103	 1	 1	 2164.jpg	 6.925512e+01	 12	 999000	 120	 999000	 999	 7.027436e+01	 633.33	 600.00	 20.00	 52	 0.63	 
MRI_faces_103	 1	 1	 2006.jpg	 7.125523e+01	 12	 999000	 120	 999000	 999	 7.227506e+01	 633.33	 600.00	 6.00	 31	 0.83	 
MRI_faces_103	 1	 1	 1262.jpg	 7.325561e+01	 24	 999000	 240	 999000	 999	 7.427537e+01	 633.33	 600.00	 40.00	 30	 0.36	 
MRI_faces_103	 1	 1	 1050.jpg	 7.525597e+01	 24	 999000	 240	 999000	 999	 7.627471e+01	 633.33	 600.00	 58.00	 8	 0.14	 
MRI_faces_103	 1	 1	 2155.jpg	 7.925499e+01	 22	 8.229388e+02	 220	 6.006274e+02	 98	 8.030682e+01	 633.33	 616.67	 44.00	 51	 0.31	 
MRI_faces_103	 1	 1	 2015.jpg	 8.325507e+01	 11	 8.458486e+02	 110	 6.339418e+02	 98	 8.430508e+01	 650.00	 616.67	 18.00	 33	 0.67	 
MRI_faces_103	 1	 1	 2045.jpg	 8.725508e+01	 12	 999000	 120	 999000	 999	 8.827507e+01	 650.00	 616.67	 4.00	 38	 0.87	 
MRI_faces_103	 1	 1	 2043.jpg	 9.025514e+01	 12	 999000	 120	 999000	 999	 9.127594e+01	 650.00	 616.67	 17.00	 37	 0.68	 
MRI_faces_103	 1	 1	 1204.jpg	 9.225530e+01	 24	 999000	 240	 999000	 999	 9.327617e+01	 650.00	 616.67	 51.00	 24	 0.26	 
MRI_faces_103	 1	 1	 1145.jpg	 9.425527e+01	 24	 999000	 240	 999000	 999	 9.527659e+01	 650.00	 616.67	 56.00	 16	 0.15	 
MRI_faces_103	 1	 1	 2218.jpg	 9.625527e+01	 24	 999000	 240	 999000	 999	 9.727656e+01	 650.00	 616.67	 46.00	 57	 0.29	 
MRI_faces_103	 1	 1	 2053.jpg	 9.825529e+01	 12	 999000	 120	 999000	 999	 9.927696e+01	 650.00	 616.67	 8.00	 39	 0.80	 
MRI_faces_103	 1	 1	 2153.jpg	 1.022555e+02	 12	 999000	 120	 999000	 999	 1.032801e+02	 650.00	 616.67	 16.00	 50	 0.70	 
MRI_faces_103	 1	 1	 2212.jpg	 1.042555e+02	 22	 8.894734e+02	 220	 6.173159e+02	 98	 1.053053e+02	 650.00	 633.33	 52.00	 56	 0.25	 
MRI_faces_103	 1	 1	 2125.jpg	 1.112556e+02	 12	 999000	 120	 999000	 999	 1.122736e+02	 650.00	 633.33	 14.00	 47	 0.71	 
MRI_faces_103	 1	 1	 2149.jpg	 1.152556e+02	 12	 999000	 120	 999000	 999	 1.162749e+02	 650.00	 633.33	 22.00	 49	 0.59	 
MRI_faces_103	 1	 1	 1226.jpg	 1.182555e+02	 12	 999000	 120	 999000	 999	 1.192728e+02	 650.00	 633.33	 5.00	 27	 0.84	 
MRI_faces_103	 1	 1	 2209.jpg	 1.222556e+02	 22	 9.473126e+02	 220	 6.339335e+02	 98	 1.233056e+02	 650.00	 650.00	 50.00	 55	 0.26	 
