subjectID	 order	 runNum	 itemName	 onsetTime	 shuff_trialType	 RT	 respInTime	 AudioTime	 response	 fixationTime	 ladder1	 ladder2	 bidIndex	 itemNameIndex	 bidValue	 
MRI_faces_103	 1	 3	 2045.jpg	 2.385258e+00	 12	 999000	 120	 999000	 999	 3.405477e+00	 683.33	 683.33	 4.00	 38	 0.87	 
MRI_faces_103	 1	 3	 2209.jpg	 6.379879e+00	 22	 9.208795e+02	 220	 6.861744e+02	 98	 7.421400e+00	 683.33	 700.00	 50.00	 55	 0.26	 
MRI_faces_103	 1	 3	 1183.jpg	 8.380195e+00	 12	 999000	 120	 999000	 999	 9.402728e+00	 683.33	 700.00	 21.00	 20	 0.62	 
MRI_faces_103	 1	 3	 2094.jpg	 1.338105e+01	 12	 999000	 120	 999000	 999	 1.440186e+01	 683.33	 700.00	 3.00	 43	 0.88	 
MRI_faces_103	 1	 3	 2128.jpg	 1.538147e+01	 24	 999000	 240	 999000	 999	 1.640331e+01	 683.33	 700.00	 41.00	 48	 0.36	 
MRI_faces_103	 1	 3	 2155.jpg	 1.738191e+01	 22	 1.101849e+03	 2200	 7.002933e+02	 98	 1.842092e+01	 683.33	 650.00	 44.00	 51	 0.31	 
MRI_faces_103	 1	 3	 1052.jpg	 2.138253e+01	 24	 999000	 240	 999000	 999	 2.240214e+01	 683.33	 650.00	 48.00	 9	 0.27	 
MRI_faces_103	 1	 3	 2039.jpg	 2.336869e+01	 22	 9.141054e+02	 220	 6.502881e+02	 98	 2.441634e+01	 683.33	 666.66	 47.00	 35	 0.28	 
MRI_faces_103	 1	 3	 2058.jpg	 2.536876e+01	 24	 999000	 240	 999000	 999	 2.638687e+01	 683.33	 666.66	 39.00	 40	 0.37	 
MRI_faces_103	 1	 3	 2063.jpg	 2.836898e+01	 11	 9.267841e+02	 110	 6.860638e+02	 98	 2.941726e+01	 700.00	 666.66	 13.00	 41	 0.72	 
MRI_faces_103	 1	 3	 2240.jpg	 3.036888e+01	 11	 9.378792e+02	 110	 7.003047e+02	 98	 3.140469e+01	 716.66	 666.66	 7.00	 59	 0.83	 
MRI_faces_103	 1	 3	 1204.jpg	 3.436898e+01	 24	 999000	 240	 999000	 999	 3.538953e+01	 716.66	 666.66	 51.00	 24	 0.26	 
MRI_faces_103	 1	 3	 2149.jpg	 4.036923e+01	 12	 999000	 120	 999000	 999	 4.138997e+01	 716.66	 666.66	 22.00	 49	 0.59	 
MRI_faces_103	 1	 3	 2053.jpg	 4.336982e+01	 12	 999000	 120	 999000	 999	 4.438867e+01	 716.66	 666.66	 8.00	 39	 0.80	 
MRI_faces_103	 1	 3	 1145.jpg	 4.537008e+01	 24	 999000	 240	 999000	 999	 4.638854e+01	 716.66	 666.66	 56.00	 16	 0.15	 
MRI_faces_103	 1	 3	 1216.jpg	 4.737045e+01	 22	 9.783122e+02	 220	 6.669826e+02	 98	 4.840627e+01	 716.66	 683.33	 53.00	 26	 0.22	 
MRI_faces_103	 1	 3	 2194.jpg	 4.937088e+01	 24	 999000	 240	 999000	 999	 5.038943e+01	 716.66	 683.33	 57.00	 54	 0.15	 
MRI_faces_103	 1	 3	 1150.jpg	 5.137118e+01	 24	 999000	 240	 999000	 999	 5.238863e+01	 716.66	 683.33	 42.00	 18	 0.33	 
MRI_faces_103	 1	 3	 1027.jpg	 5.437167e+01	 11	 1.008109e+03	 1100	 7.169574e+02	 98	 5.541924e+01	 666.66	 683.33	 15.00	 5	 0.70	 
MRI_faces_103	 1	 3	 1173.jpg	 5.837241e+01	 12	 999000	 120	 999000	 999	 5.938982e+01	 666.66	 683.33	 19.00	 19	 0.66	 
MRI_faces_103	 1	 3	 1226.jpg	 6.137289e+01	 12	 999000	 120	 999000	 999	 6.239196e+01	 666.66	 683.33	 5.00	 27	 0.84	 
MRI_faces_103	 1	 3	 2125.jpg	 6.537363e+01	 12	 999000	 120	 999000	 999	 6.639280e+01	 666.66	 683.33	 14.00	 47	 0.71	 
MRI_faces_103	 1	 3	 1127.jpg	 7.037450e+01	 22	 9.042694e+02	 220	 6.836398e+02	 98	 7.142076e+01	 666.66	 700.00	 45.00	 14	 0.30	 
MRI_faces_103	 1	 3	 1031.jpg	 7.437520e+01	 12	 999000	 120	 999000	 999	 7.539508e+01	 666.66	 700.00	 9.00	 6	 0.77	 
MRI_faces_103	 1	 3	 2212.jpg	 7.737584e+01	 22	 9.249213e+02	 220	 7.002918e+02	 98	 7.842100e+01	 666.66	 716.66	 52.00	 56	 0.25	 
MRI_faces_103	 1	 3	 1191.jpg	 7.937613e+01	 24	 999000	 240	 999000	 999	 8.039349e+01	 666.66	 716.66	 43.00	 21	 0.33	 
MRI_faces_103	 1	 3	 2110.jpg	 8.137640e+01	 12	 999000	 120	 999000	 999	 8.239372e+01	 666.66	 716.66	 11.00	 44	 0.74	 
MRI_faces_103	 1	 3	 2164.jpg	 8.837763e+01	 12	 999000	 120	 999000	 999	 8.939483e+01	 666.66	 716.66	 20.00	 52	 0.63	 
MRI_faces_103	 1	 3	 1050.jpg	 9.137820e+01	 24	 999000	 240	 999000	 999	 9.239715e+01	 666.66	 716.66	 58.00	 8	 0.14	 
MRI_faces_103	 1	 3	 2248.jpg	 9.337851e+01	 11	 9.372528e+02	 110	 6.669827e+02	 98	 9.442163e+01	 683.33	 716.66	 12.00	 60	 0.72	 
MRI_faces_103	 1	 3	 2218.jpg	 9.737928e+01	 24	 999000	 240	 999000	 999	 9.839713e+01	 683.33	 716.66	 46.00	 57	 0.29	 
MRI_faces_103	 1	 3	 2043.jpg	 9.937955e+01	 12	 999000	 120	 999000	 999	 1.003964e+02	 683.33	 716.66	 17.00	 37	 0.68	 
MRI_faces_103	 1	 3	 2153.jpg	 1.023802e+02	 12	 999000	 120	 999000	 999	 1.033973e+02	 683.33	 716.66	 16.00	 50	 0.70	 
MRI_faces_103	 1	 3	 2181.jpg	 1.043805e+02	 11	 9.493042e+02	 110	 6.836283e+02	 98	 1.054211e+02	 700.00	 716.66	 10.00	 53	 0.76	 
MRI_faces_103	 1	 3	 2015.jpg	 1.083812e+02	 11	 9.045502e+02	 110	 7.002968e+02	 98	 1.094220e+02	 716.66	 716.66	 18.00	 33	 0.67	 
MRI_faces_103	 1	 3	 2024.jpg	 1.103815e+02	 24	 999000	 240	 999000	 999	 1.114034e+02	 716.66	 716.66	 54.00	 34	 0.20	 
MRI_faces_103	 1	 3	 1262.jpg	 1.143822e+02	 24	 999000	 240	 999000	 999	 1.154036e+02	 716.66	 716.66	 40.00	 30	 0.36	 
MRI_faces_103	 1	 3	 2006.jpg	 1.173828e+02	 12	 999000	 120	 999000	 999	 1.184043e+02	 716.66	 716.66	 6.00	 31	 0.83	 
MRI_faces_103	 1	 3	 1114.jpg	 1.193702e+02	 24	 999000	 240	 999000	 999	 1.203888e+02	 716.66	 716.66	 55.00	 13	 0.16	 
MRI_faces_103	 1	 3	 1202.jpg	 1.223702e+02	 24	 999000	 240	 999000	 999	 1.233874e+02	 716.66	 716.66	 49.00	 23	 0.27	 
