subjectID	 order	 runNum	 itemName	 onsetTime	 shuff_trialType	 RT	 respInTime	 AudioTime	 response	 fixationTime	 ladder1	 ladder2	 bidIndex	 itemNameIndex	 bidValue	 
MRI_faces_106	 2	 13	 1130.jpg	 2.363087e+00	 24	 999000	 240	 999000	 999	 3.382608e+00	 750.01	 749.99	 57.00	 15	 0.15	 
MRI_faces_106	 2	 13	 1114.jpg	 5.362798e+00	 24	 999000	 240	 999000	 999	 6.381362e+00	 750.01	 749.99	 52.00	 13	 0.23	 
MRI_faces_106	 2	 13	 2218.jpg	 9.362763e+00	 12	 999000	 120	 999000	 999	 1.038115e+01	 750.01	 749.99	 4.00	 57	 0.85	 
MRI_faces_106	 2	 13	 2118.jpg	 1.236285e+01	 11	 9.402233e+02	 110	 7.528254e+02	 98	 1.339645e+01	 766.68	 749.99	 8.00	 46	 0.80	 
MRI_faces_106	 2	 13	 2209.jpg	 1.636286e+01	 12	 999000	 120	 999000	 999	 1.738248e+01	 766.68	 749.99	 6.00	 55	 0.82	 
MRI_faces_106	 2	 13	 1210.jpg	 1.936323e+01	 24	 999000	 240	 999000	 999	 2.038016e+01	 766.68	 749.99	 53.00	 25	 0.19	 
MRI_faces_106	 2	 13	 2024.jpg	 2.136365e+01	 12	 999000	 120	 999000	 999	 2.238133e+01	 766.68	 749.99	 21.00	 34	 0.61	 
MRI_faces_106	 2	 13	 2058.jpg	 2.436413e+01	 12	 999000	 120	 999000	 999	 2.538116e+01	 766.68	 749.99	 20.00	 40	 0.63	 
MRI_faces_106	 2	 13	 1226.jpg	 2.736468e+01	 24	 999000	 240	 999000	 999	 2.838245e+01	 766.68	 749.99	 45.00	 27	 0.33	 
MRI_faces_106	 2	 13	 2240.jpg	 3.236319e+01	 12	 999000	 120	 999000	 999	 3.338305e+01	 766.68	 749.99	 22.00	 59	 0.59	 
MRI_faces_106	 2	 13	 2043.jpg	 3.436322e+01	 11	 9.658821e+02	 110	 7.669949e+02	 98	 3.540173e+01	 783.34	 749.99	 9.00	 37	 0.78	 
MRI_faces_106	 2	 13	 2015.jpg	 3.636324e+01	 12	 999000	 120	 999000	 999	 3.738309e+01	 783.34	 749.99	 5.00	 33	 0.82	 
MRI_faces_106	 2	 13	 2125.jpg	 4.036335e+01	 12	 999000	 120	 999000	 999	 4.138366e+01	 783.34	 749.99	 3.00	 47	 0.86	 
MRI_faces_106	 2	 13	 1127.jpg	 4.736338e+01	 22	 9.636949e+02	 220	 7.529022e+02	 98	 4.840198e+01	 783.34	 766.66	 48.00	 14	 0.29	 
MRI_faces_106	 2	 13	 1146.jpg	 4.936338e+01	 24	 999000	 240	 999000	 999	 5.038014e+01	 783.34	 766.66	 41.00	 17	 0.37	 
MRI_faces_106	 2	 13	 2248.jpg	 5.136352e+01	 12	 999000	 120	 999000	 999	 5.238018e+01	 783.34	 766.66	 13.00	 60	 0.72	 
MRI_faces_106	 2	 13	 1191.jpg	 5.336348e+01	 24	 999000	 240	 999000	 999	 5.438127e+01	 783.34	 766.66	 47.00	 21	 0.31	 
MRI_faces_106	 2	 13	 1073.jpg	 5.536359e+01	 22	 1.083493e+03	 2200	 7.669529e+02	 98	 5.640301e+01	 783.34	 716.66	 49.00	 11	 0.28	 
MRI_faces_106	 2	 13	 1192.jpg	 5.736355e+01	 22	 9.735237e+02	 220	 7.169604e+02	 98	 5.840529e+01	 783.34	 733.32	 51.00	 22	 0.23	 
MRI_faces_106	 2	 13	 1035.jpg	 6.036366e+01	 12	 999000	 120	 999000	 999	 6.138378e+01	 783.34	 733.32	 19.00	 7	 0.64	 
MRI_faces_106	 2	 13	 1216.jpg	 6.236367e+01	 24	 999000	 240	 999000	 999	 6.338247e+01	 783.34	 733.32	 39.00	 26	 0.38	 
MRI_faces_106	 2	 13	 1019.jpg	 6.436366e+01	 24	 999000	 240	 999000	 999	 6.538376e+01	 783.34	 733.32	 42.00	 4	 0.36	 
MRI_faces_106	 2	 13	 2149.jpg	 6.836375e+01	 24	 999000	 240	 999000	 999	 6.938028e+01	 783.34	 733.32	 56.00	 49	 0.17	 
MRI_faces_106	 2	 13	 2110.jpg	 7.236385e+01	 24	 999000	 240	 999000	 999	 7.338061e+01	 783.34	 733.32	 44.00	 44	 0.35	 
MRI_faces_106	 2	 13	 1060.jpg	 7.836382e+01	 24	 999000	 240	 999000	 999	 7.938045e+01	 783.34	 733.32	 50.00	 10	 0.24	 
MRI_faces_106	 2	 13	 2229.jpg	 8.036388e+01	 12	 999000	 120	 999000	 999	 8.138114e+01	 783.34	 733.32	 12.00	 58	 0.72	 
MRI_faces_106	 2	 13	 2181.jpg	 8.236390e+01	 12	 999000	 120	 999000	 999	 8.338091e+01	 783.34	 733.32	 10.00	 53	 0.78	 
MRI_faces_106	 2	 13	 2094.jpg	 8.436402e+01	 24	 999000	 240	 999000	 999	 8.538091e+01	 783.34	 733.32	 40.00	 43	 0.37	 
MRI_faces_106	 2	 13	 1255.jpg	 8.836401e+01	 22	 9.370744e+02	 220	 7.336142e+02	 98	 8.941003e+01	 783.34	 749.99	 46.00	 29	 0.32	 
MRI_faces_106	 2	 13	 1150.jpg	 9.036407e+01	 24	 999000	 240	 999000	 999	 9.138298e+01	 783.34	 749.99	 55.00	 18	 0.18	 
MRI_faces_106	 2	 13	 1173.jpg	 9.236408e+01	 22	 9.250111e+02	 220	 7.503392e+02	 98	 9.340959e+01	 783.34	 766.66	 54.00	 19	 0.18	 
MRI_faces_106	 2	 13	 1262.jpg	 9.436408e+01	 11	 1.063018e+03	 1100	 7.836460e+02	 98	 9.541004e+01	 733.34	 766.66	 14.00	 30	 0.72	 
MRI_faces_106	 2	 13	 2063.jpg	 9.836421e+01	 11	 3.859034e+02	 11	 7.337165e+02	 98	 9.941078e+01	 750.01	 766.66	 11.00	 41	 0.74	 
MRI_faces_106	 2	 13	 2153.jpg	 1.023642e+02	 12	 999000	 120	 999000	 999	 1.033845e+02	 750.01	 766.66	 7.00	 50	 0.80	 
MRI_faces_106	 2	 13	 2194.jpg	 1.053644e+02	 12	 999000	 120	 999000	 999	 1.063826e+02	 750.01	 766.66	 15.00	 54	 0.71	 
MRI_faces_106	 2	 13	 2053.jpg	 1.103644e+02	 12	 999000	 120	 999000	 999	 1.113849e+02	 750.01	 766.66	 18.00	 39	 0.66	 
MRI_faces_106	 2	 13	 1080.jpg	 1.123644e+02	 11	 9.856706e+02	 110	 7.503133e+02	 98	 1.134132e+02	 766.68	 766.66	 16.00	 12	 0.70	 
MRI_faces_106	 2	 13	 2045.jpg	 1.153644e+02	 11	 1.009759e+03	 1100	 7.669627e+02	 98	 1.164005e+02	 716.68	 766.66	 17.00	 38	 0.67	 
MRI_faces_106	 2	 13	 1246.jpg	 1.193646e+02	 22	 1.065445e+03	 2200	 7.669945e+02	 98	 1.204006e+02	 716.68	 716.66	 43.00	 28	 0.35	 
MRI_faces_106	 2	 13	 1052.jpg	 1.223479e+02	 24	 999000	 240	 999000	 999	 1.233675e+02	 716.68	 716.66	 58.00	 9	 0.15	 
