subjectID	 order	 runNum	 itemName	 onsetTime	 shuff_trialType	 RT	 respInTime	 AudioTime	 response	 fixationTime	 ladder1	 ladder2	 bidIndex	 itemNameIndex	 bidValue	 
MRI_faces_104	 2	 9	 2149.jpg	 2.363022e+00	 22	 9.689830e+02	 220	 6.205222e+02	 98	 3.413668e+00	 683.33	 633.34	 46.00	 49	 0.31	 
MRI_faces_104	 2	 9	 2181.jpg	 4.363134e+00	 12	 999000	 120	 999000	 999	 5.383268e+00	 683.33	 633.34	 3.00	 53	 0.87	 
MRI_faces_104	 2	 9	 1031.jpg	 7.363597e+00	 12	 999000	 120	 999000	 999	 8.380758e+00	 683.33	 633.34	 5.00	 6	 0.83	 
MRI_faces_104	 2	 9	 1210.jpg	 1.035752e+01	 22	 9.025007e+02	 220	 6.348343e+02	 98	 1.140751e+01	 683.33	 650.00	 51.00	 25	 0.26	 
MRI_faces_104	 2	 9	 1019.jpg	 1.235758e+01	 12	 999000	 120	 999000	 999	 1.337409e+01	 683.33	 650.00	 15.00	 4	 0.69	 
MRI_faces_104	 2	 9	 2118.jpg	 1.635757e+01	 11	 9.314202e+02	 110	 6.868334e+02	 98	 1.739977e+01	 700.00	 650.00	 16.00	 46	 0.68	 
MRI_faces_104	 2	 9	 2240.jpg	 2.135773e+01	 24	 999000	 240	 999000	 999	 2.237528e+01	 700.00	 650.00	 55.00	 59	 0.19	 
MRI_faces_104	 2	 9	 2053.jpg	 2.335765e+01	 12	 999000	 120	 999000	 999	 2.437503e+01	 700.00	 650.00	 22.00	 39	 0.58	 
MRI_faces_104	 2	 9	 2039.jpg	 2.635770e+01	 12	 999000	 120	 999000	 999	 2.737477e+01	 700.00	 650.00	 12.00	 35	 0.72	 
MRI_faces_104	 2	 9	 1226.jpg	 2.835773e+01	 22	 1.003375e+03	 2200	 6.503107e+02	 98	 2.940105e+01	 700.00	 600.00	 49.00	 27	 0.28	 
MRI_faces_104	 2	 9	 1114.jpg	 3.435789e+01	 12	 999000	 120	 999000	 999	 3.537562e+01	 700.00	 600.00	 19.00	 13	 0.65	 
MRI_faces_104	 2	 9	 1073.jpg	 3.735789e+01	 12	 999000	 120	 999000	 999	 3.837599e+01	 700.00	 600.00	 21.00	 11	 0.58	 
MRI_faces_104	 2	 9	 1183.jpg	 4.235803e+01	 24	 999000	 240	 999000	 999	 4.337466e+01	 700.00	 600.00	 39.00	 20	 0.42	 
MRI_faces_104	 2	 9	 1050.jpg	 4.435799e+01	 12	 999000	 120	 999000	 999	 4.537880e+01	 700.00	 600.00	 4.00	 8	 0.83	 
MRI_faces_104	 2	 9	 1080.jpg	 4.635802e+01	 12	 999000	 120	 999000	 999	 4.737490e+01	 700.00	 600.00	 7.00	 12	 0.80	 
MRI_faces_104	 2	 9	 1035.jpg	 5.035813e+01	 12	 999000	 120	 999000	 999	 5.137529e+01	 700.00	 600.00	 13.00	 7	 0.72	 
MRI_faces_104	 2	 9	 2015.jpg	 5.235818e+01	 11	 9.998559e+02	 110	 7.003053e+02	 98	 5.340820e+01	 716.66	 600.00	 14.00	 33	 0.71	 
MRI_faces_104	 2	 9	 2112.jpg	 5.535816e+01	 11	 1.018018e+03	 1100	 7.169993e+02	 98	 5.640825e+01	 666.66	 600.00	 11.00	 45	 0.73	 
MRI_faces_104	 2	 9	 1150.jpg	 5.835823e+01	 24	 999000	 240	 999000	 999	 5.937491e+01	 666.66	 600.00	 58.00	 18	 0.17	 
MRI_faces_104	 2	 9	 1145.jpg	 6.135830e+01	 11	 9.597189e+02	 110	 6.670050e+02	 98	 6.239288e+01	 683.33	 600.00	 17.00	 16	 0.67	 
MRI_faces_104	 2	 9	 1216.jpg	 6.335825e+01	 11	 9.837413e+02	 110	 6.836534e+02	 98	 6.439216e+01	 700.00	 600.00	 9.00	 26	 0.77	 
MRI_faces_104	 2	 9	 1246.jpg	 6.735844e+01	 24	 999000	 240	 999000	 999	 6.837583e+01	 700.00	 600.00	 57.00	 28	 0.18	 
MRI_faces_104	 2	 9	 2209.jpg	 6.935837e+01	 22	 9.336119e+02	 220	 6.003192e+02	 98	 7.039394e+01	 700.00	 616.67	 48.00	 55	 0.28	 
MRI_faces_104	 2	 9	 1173.jpg	 7.135843e+01	 24	 999000	 240	 999000	 999	 7.237514e+01	 700.00	 616.67	 47.00	 19	 0.29	 
MRI_faces_104	 2	 9	 1192.jpg	 7.335854e+01	 24	 999000	 240	 999000	 999	 7.437527e+01	 700.00	 616.67	 52.00	 22	 0.25	 
MRI_faces_104	 2	 9	 2194.jpg	 7.535896e+01	 24	 999000	 240	 999000	 999	 7.637603e+01	 700.00	 616.67	 44.00	 54	 0.35	 
MRI_faces_104	 2	 9	 1204.jpg	 7.935968e+01	 24	 999000	 240	 999000	 999	 8.037806e+01	 700.00	 616.67	 45.00	 24	 0.34	 
MRI_faces_104	 2	 9	 2212.jpg	 8.336028e+01	 12	 999000	 120	 999000	 999	 8.437932e+01	 700.00	 616.67	 18.00	 56	 0.66	 
MRI_faces_104	 2	 9	 1127.jpg	 8.736109e+01	 24	 999000	 240	 999000	 999	 8.838025e+01	 700.00	 616.67	 53.00	 14	 0.23	 
MRI_faces_104	 2	 9	 2125.jpg	 9.036160e+01	 24	 999000	 240	 999000	 999	 9.137959e+01	 700.00	 616.67	 40.00	 47	 0.39	 
MRI_faces_104	 2	 9	 2058.jpg	 9.236198e+01	 22	 1.027984e+03	 2200	 6.169923e+02	 98	 9.340877e+01	 700.00	 566.67	 54.00	 40	 0.21	 
MRI_faces_104	 2	 9	 1027.jpg	 9.436225e+01	 12	 999000	 120	 999000	 999	 9.537934e+01	 700.00	 566.67	 6.00	 5	 0.81	 
MRI_faces_104	 2	 9	 1202.jpg	 9.636257e+01	 11	 1.089423e+03	 1100	 7.002957e+02	 98	 9.740884e+01	 650.00	 566.67	 8.00	 23	 0.79	 
MRI_faces_104	 2	 9	 2089.jpg	 9.836295e+01	 12	 999000	 120	 999000	 999	 9.937979e+01	 650.00	 566.67	 20.00	 42	 0.61	 
MRI_faces_104	 2	 9	 1007.jpg	 1.023636e+02	 24	 999000	 240	 999000	 999	 1.033804e+02	 650.00	 566.67	 50.00	 1	 0.26	 
MRI_faces_104	 2	 9	 1146.jpg	 1.043640e+02	 24	 999000	 240	 999000	 999	 1.053842e+02	 650.00	 566.67	 42.00	 17	 0.36	 
MRI_faces_104	 2	 9	 2041.jpg	 1.113591e+02	 24	 999000	 240	 999000	 999	 1.123831e+02	 650.00	 566.67	 41.00	 36	 0.38	 
MRI_faces_104	 2	 9	 1060.jpg	 1.153591e+02	 12	 999000	 120	 999000	 999	 1.163771e+02	 650.00	 566.67	 10.00	 10	 0.74	 
MRI_faces_104	 2	 9	 1052.jpg	 1.183591e+02	 24	 999000	 240	 999000	 999	 1.193759e+02	 650.00	 566.67	 56.00	 9	 0.18	 
MRI_faces_104	 2	 9	 1130.jpg	 1.223594e+02	 22	 9.035895e+02	 220	 5.669834e+02	 98	 1.234041e+02	 650.00	 583.34	 43.00	 15	 0.35	 
