subjectID	 order	 runNum	 itemName	 onsetTime	 shuff_trialType	 RT	 respInTime	 AudioTime	 response	 fixationTime	 ladder1	 ladder2	 bidIndex	 itemNameIndex	 bidValue	 
MRI_faces_101	 1	 11	 1262.jpg	 2.260484e+00	 24	 999000	 240	 999000	 999	 3.280350e+00	 750.00	 683.34	 42.00	 30	 0.34	 
MRI_faces_101	 1	 11	 2041.jpg	 6.257705e+00	 12	 999000	 120	 999000	 999	 7.281878e+00	 750.00	 683.34	 17.00	 36	 0.66	 
MRI_faces_101	 1	 11	 1173.jpg	 8.257668e+00	 24	 999000	 240	 999000	 999	 9.279421e+00	 750.00	 683.34	 51.00	 19	 0.23	 
MRI_faces_101	 1	 11	 2118.jpg	 1.325772e+01	 12	 999000	 120	 999000	 999	 1.428283e+01	 750.00	 683.34	 3.00	 46	 0.94	 
MRI_faces_101	 1	 11	 1031.jpg	 1.525787e+01	 12	 999000	 120	 999000	 999	 1.627970e+01	 750.00	 683.34	 9.00	 6	 0.75	 
MRI_faces_101	 1	 11	 2010.jpg	 1.725781e+01	 24	 999000	 240	 999000	 999	 1.828333e+01	 750.00	 683.34	 46.00	 32	 0.28	 
MRI_faces_101	 1	 11	 1183.jpg	 2.125779e+01	 24	 999000	 240	 999000	 999	 2.228302e+01	 750.00	 683.34	 40.00	 20	 0.39	 
MRI_faces_101	 1	 11	 1017.jpg	 2.325784e+01	 12	 999000	 120	 999000	 999	 2.428373e+01	 750.00	 683.34	 16.00	 3	 0.66	 
MRI_faces_101	 1	 11	 1035.jpg	 2.525803e+01	 12	 999000	 120	 999000	 999	 2.627701e+01	 750.00	 683.34	 19.00	 7	 0.64	 
MRI_faces_101	 1	 11	 2089.jpg	 2.825809e+01	 11	 9.560118e+02	 110	 7.527849e+02	 98	 2.930785e+01	 766.67	 683.34	 13.00	 42	 0.72	 
MRI_faces_101	 1	 11	 2110.jpg	 3.025808e+01	 12	 999000	 120	 999000	 999	 3.127568e+01	 766.67	 683.34	 14.00	 44	 0.69	 
MRI_faces_101	 1	 11	 2043.jpg	 3.425809e+01	 22	 9.169975e+02	 220	 6.861581e+02	 98	 3.530798e+01	 766.67	 700.01	 53.00	 37	 0.22	 
MRI_faces_101	 1	 11	 2194.jpg	 4.025830e+01	 24	 999000	 240	 999000	 999	 4.127940e+01	 766.67	 700.01	 56.00	 54	 0.16	 
MRI_faces_101	 1	 11	 2155.jpg	 4.325830e+01	 24	 999000	 240	 999000	 999	 4.427748e+01	 766.67	 700.01	 41.00	 51	 0.38	 
MRI_faces_101	 1	 11	 1060.jpg	 4.525833e+01	 12	 999000	 120	 999000	 999	 4.627722e+01	 766.67	 700.01	 21.00	 10	 0.60	 
MRI_faces_101	 1	 11	 2006.jpg	 4.725830e+01	 12	 999000	 120	 999000	 999	 4.827714e+01	 766.67	 700.01	 6.00	 31	 0.85	 
MRI_faces_101	 1	 11	 1130.jpg	 4.925839e+01	 22	 9.706990e+02	 220	 7.005684e+02	 98	 5.030825e+01	 766.67	 716.67	 52.00	 15	 0.22	 
MRI_faces_101	 1	 11	 2212.jpg	 5.125841e+01	 12	 999000	 120	 999000	 999	 5.227689e+01	 766.67	 716.67	 8.00	 56	 0.76	 
MRI_faces_101	 1	 11	 1150.jpg	 5.425842e+01	 22	 9.316726e+02	 220	 7.172547e+02	 98	 5.530825e+01	 766.67	 733.34	 50.00	 18	 0.25	 
MRI_faces_101	 1	 11	 2053.jpg	 5.825856e+01	 12	 999000	 120	 999000	 999	 5.927540e+01	 766.67	 733.34	 5.00	 39	 0.85	 
MRI_faces_101	 1	 11	 2024.jpg	 6.125844e+01	 24	 999000	 240	 999000	 999	 6.227837e+01	 766.67	 733.34	 49.00	 34	 0.25	 
MRI_faces_101	 1	 11	 1052.jpg	 6.525845e+01	 24	 999000	 240	 999000	 999	 6.627728e+01	 766.67	 733.34	 54.00	 9	 0.21	 
MRI_faces_101	 1	 11	 2209.jpg	 7.025873e+01	 11	 9.583594e+02	 110	 7.672519e+02	 98	 7.130859e+01	 783.33	 733.34	 12.00	 55	 0.73	 
MRI_faces_101	 1	 11	 1204.jpg	 7.425879e+01	 22	 9.913161e+02	 220	 7.339101e+02	 98	 7.530880e+01	 783.33	 750.01	 44.00	 24	 0.32	 
MRI_faces_101	 1	 11	 2058.jpg	 7.725869e+01	 24	 999000	 240	 999000	 999	 7.827655e+01	 783.33	 750.01	 55.00	 40	 0.20	 
MRI_faces_101	 1	 11	 2240.jpg	 7.925881e+01	 11	 1.176301e+03	 1100	 7.839227e+02	 98	 8.030864e+01	 733.33	 750.01	 10.00	 59	 0.75	 
MRI_faces_101	 1	 11	 1080.jpg	 8.125883e+01	 11	 8.982816e+02	 110	 7.339400e+02	 98	 8.230869e+01	 750.00	 750.01	 7.00	 12	 0.76	 
MRI_faces_101	 1	 11	 1127.jpg	 8.825886e+01	 24	 999000	 240	 999000	 999	 8.928010e+01	 750.00	 750.01	 39.00	 14	 0.42	 
MRI_faces_101	 1	 11	 2181.jpg	 9.125951e+01	 11	 9.665916e+02	 110	 7.505853e+02	 98	 9.230943e+01	 766.67	 750.01	 18.00	 53	 0.65	 
MRI_faces_101	 1	 11	 1146.jpg	 9.325982e+01	 22	 9.982639e+02	 220	 7.506564e+02	 98	 9.430990e+01	 766.67	 766.67	 45.00	 17	 0.31	 
MRI_faces_101	 1	 11	 2063.jpg	 9.725897e+01	 12	 999000	 120	 999000	 999	 9.828001e+01	 766.67	 766.67	 11.00	 41	 0.74	 
MRI_faces_101	 1	 11	 1210.jpg	 9.925905e+01	 12	 999000	 120	 999000	 999	 1.002810e+02	 766.67	 766.67	 22.00	 25	 0.58	 
MRI_faces_101	 1	 11	 1202.jpg	 1.022592e+02	 12	 999000	 120	 999000	 999	 1.032812e+02	 766.67	 766.67	 20.00	 23	 0.60	 
MRI_faces_101	 1	 11	 2094.jpg	 1.042592e+02	 12	 999000	 120	 999000	 999	 1.052816e+02	 766.67	 766.67	 4.00	 43	 0.89	 
MRI_faces_101	 1	 11	 1027.jpg	 1.082593e+02	 24	 999000	 240	 999000	 999	 1.092813e+02	 766.67	 766.67	 43.00	 5	 0.33	 
MRI_faces_101	 1	 11	 1246.jpg	 1.102591e+02	 24	 999000	 240	 999000	 999	 1.112797e+02	 766.67	 766.67	 48.00	 28	 0.25	 
MRI_faces_101	 1	 11	 1013.jpg	 1.142593e+02	 24	 999000	 240	 999000	 999	 1.152804e+02	 766.67	 766.67	 57.00	 2	 0.16	 
MRI_faces_101	 1	 11	 2229.jpg	 1.172592e+02	 11	 9.818327e+02	 110	 7.672297e+02	 98	 1.183093e+02	 783.33	 766.67	 15.00	 58	 0.68	 
MRI_faces_101	 1	 11	 2045.jpg	 1.192595e+02	 24	 999000	 240	 999000	 999	 1.202811e+02	 783.33	 766.67	 58.00	 38	 0.16	 
MRI_faces_101	 1	 11	 2218.jpg	 1.222594e+02	 22	 9.697015e+02	 220	 7.672163e+02	 98	 1.233093e+02	 783.33	 783.34	 47.00	 57	 0.26	 
