subjectID	 order	 runNum	 itemName	 onsetTime	 shuff_trialType	 RT	 respInTime	 AudioTime	 response	 fixationTime	 ladder1	 ladder2	 bidIndex	 itemNameIndex	 bidValue	 
MRI_faces_134	 2	 8	 1262.jpg	 1.242272e+02	 24	 999000	 240	 999000	 999	 1.252439e+02	 716.67	 650.00	 53.00	 30	 0.19	 
MRI_faces_134	 2	 8	 2248.jpg	 1.272272e+02	 12	 999000	 120	 999000	 999	 1.282440e+02	 716.67	 650.00	 18.00	 60	 0.63	 
MRI_faces_134	 2	 8	 1191.jpg	 1.312184e+02	 12	 999000	 120	 999000	 999	 1.322351e+02	 716.67	 650.00	 3.00	 21	 0.88	 
MRI_faces_134	 2	 8	 1027.jpg	 1.342273e+02	 24	 999000	 240	 999000	 999	 1.352440e+02	 716.67	 650.00	 58.00	 5	 0.12	 
MRI_faces_134	 2	 8	 1007.jpg	 1.382275e+02	 11	 9.194895e+02	 110	 7.169693e+02	 98	 1.392441e+02	 733.34	 650.00	 8.00	 1	 0.77	 
MRI_faces_134	 2	 8	 1150.jpg	 1.412274e+02	 22	 8.824585e+02	 220	 6.502842e+02	 98	 1.422442e+02	 733.34	 666.67	 51.00	 18	 0.23	 
MRI_faces_134	 2	 8	 1031.jpg	 1.432275e+02	 11	 9.423809e+02	 110	 7.336180e+02	 98	 1.442442e+02	 750.00	 666.67	 11.00	 6	 0.74	 
MRI_faces_134	 2	 8	 1013.jpg	 1.462275e+02	 24	 999000	 240	 999000	 999	 1.472442e+02	 750.00	 666.67	 41.00	 2	 0.42	 
MRI_faces_134	 2	 8	 2240.jpg	 1.492215e+02	 24	 999000	 240	 999000	 999	 1.502383e+02	 750.00	 666.67	 47.00	 59	 0.31	 
MRI_faces_134	 2	 8	 1146.jpg	 1.542224e+02	 22	 9.235032e+02	 220	 6.669365e+02	 98	 1.552392e+02	 750.00	 683.33	 46.00	 17	 0.31	 
MRI_faces_134	 2	 8	 2015.jpg	 1.562227e+02	 22	 8.651681e+02	 220	 6.836144e+02	 98	 1.572396e+02	 750.00	 700.00	 43.00	 33	 0.39	 
MRI_faces_134	 2	 8	 2006.jpg	 1.582278e+02	 24	 999000	 240	 999000	 999	 1.592444e+02	 750.00	 700.00	 52.00	 31	 0.22	 
MRI_faces_134	 2	 8	 2153.jpg	 1.622238e+02	 11	 9.861166e+02	 110	 7.502638e+02	 98	 1.632406e+02	 766.67	 700.00	 17.00	 50	 0.66	 
MRI_faces_134	 2	 8	 1052.jpg	 1.692251e+02	 24	 999000	 240	 999000	 999	 1.702419e+02	 766.67	 700.00	 45.00	 9	 0.32	 
MRI_faces_134	 2	 8	 2181.jpg	 1.712253e+02	 12	 999000	 120	 999000	 999	 1.722421e+02	 766.67	 700.00	 19.00	 53	 0.62	 
MRI_faces_134	 2	 8	 2194.jpg	 1.732257e+02	 24	 999000	 240	 999000	 999	 1.742446e+02	 766.67	 700.00	 57.00	 54	 0.13	 
MRI_faces_134	 2	 8	 1204.jpg	 1.752280e+02	 22	 1.101883e+03	 2200	 7.002592e+02	 98	 1.762446e+02	 766.67	 650.00	 54.00	 24	 0.18	 
MRI_faces_134	 2	 8	 2218.jpg	 1.772280e+02	 12	 999000	 120	 999000	 999	 1.782447e+02	 766.67	 650.00	 12.00	 57	 0.70	 
MRI_faces_134	 2	 8	 1035.jpg	 1.792268e+02	 11	 1.069151e+03	 1100	 7.669314e+02	 98	 1.802447e+02	 716.67	 650.00	 14.00	 7	 0.68	 
MRI_faces_134	 2	 8	 1173.jpg	 1.822273e+02	 12	 999000	 120	 999000	 999	 1.832448e+02	 716.67	 650.00	 13.00	 19	 0.69	 
MRI_faces_134	 2	 8	 2043.jpg	 1.842276e+02	 24	 999000	 240	 999000	 999	 1.852448e+02	 716.67	 650.00	 39.00	 37	 0.43	 
MRI_faces_134	 2	 8	 2164.jpg	 1.862112e+02	 22	 9.236867e+02	 220	 6.503060e+02	 98	 1.872282e+02	 716.67	 666.67	 48.00	 52	 0.31	 
MRI_faces_134	 2	 8	 2110.jpg	 1.902282e+02	 24	 999000	 240	 999000	 999	 1.912456e+02	 716.67	 666.67	 55.00	 44	 0.17	 
MRI_faces_134	 2	 8	 1080.jpg	 1.942124e+02	 24	 999000	 240	 999000	 999	 1.952296e+02	 716.67	 666.67	 56.00	 12	 0.14	 
MRI_faces_134	 2	 8	 2010.jpg	 2.002138e+02	 12	 999000	 120	 999000	 999	 2.012308e+02	 716.67	 666.67	 10.00	 32	 0.76	 
MRI_faces_134	 2	 8	 1060.jpg	 2.022141e+02	 24	 999000	 240	 999000	 999	 2.032310e+02	 716.67	 666.67	 40.00	 10	 0.42	 
MRI_faces_134	 2	 8	 1226.jpg	 2.042146e+02	 11	 9.663312e+02	 110	 7.169349e+02	 98	 2.052313e+02	 733.34	 666.67	 16.00	 27	 0.66	 
MRI_faces_134	 2	 8	 2089.jpg	 2.062148e+02	 11	 9.460811e+02	 110	 7.335994e+02	 98	 2.072317e+02	 750.00	 666.67	 9.00	 42	 0.77	 
MRI_faces_134	 2	 8	 2212.jpg	 2.102156e+02	 12	 999000	 120	 999000	 999	 2.112323e+02	 750.00	 666.67	 20.00	 56	 0.61	 
MRI_faces_134	 2	 8	 1073.jpg	 2.122158e+02	 12	 999000	 120	 999000	 999	 2.132327e+02	 750.00	 666.67	 15.00	 11	 0.68	 
MRI_faces_134	 2	 8	 2128.jpg	 2.142163e+02	 24	 999000	 240	 999000	 999	 2.152332e+02	 750.00	 666.67	 44.00	 48	 0.39	 
MRI_faces_134	 2	 8	 2125.jpg	 2.162166e+02	 12	 999000	 120	 999000	 999	 2.172335e+02	 750.00	 666.67	 22.00	 47	 0.59	 
MRI_faces_134	 2	 8	 1127.jpg	 2.202173e+02	 24	 999000	 240	 999000	 999	 2.212341e+02	 750.00	 666.67	 42.00	 14	 0.39	 
MRI_faces_134	 2	 8	 2045.jpg	 2.242180e+02	 24	 999000	 240	 999000	 999	 2.252348e+02	 750.00	 666.67	 50.00	 38	 0.27	 
MRI_faces_134	 2	 8	 1255.jpg	 2.272186e+02	 22	 8.793181e+02	 220	 6.669264e+02	 98	 2.282356e+02	 750.00	 683.33	 49.00	 29	 0.29	 
MRI_faces_134	 2	 8	 2041.jpg	 2.322194e+02	 12	 999000	 120	 999000	 999	 2.332363e+02	 750.00	 683.33	 6.00	 36	 0.82	 
MRI_faces_134	 2	 8	 2118.jpg	 2.342197e+02	 12	 999000	 120	 999000	 999	 2.352366e+02	 750.00	 683.33	 4.00	 46	 0.87	 
MRI_faces_134	 2	 8	 1017.jpg	 2.372203e+02	 12	 999000	 120	 999000	 999	 2.382371e+02	 750.00	 683.33	 7.00	 3	 0.81	 
MRI_faces_134	 2	 8	 1246.jpg	 2.412210e+02	 12	 999000	 120	 999000	 999	 2.422378e+02	 750.00	 683.33	 21.00	 28	 0.59	 
MRI_faces_134	 2	 8	 2039.jpg	 2.442215e+02	 12	 999000	 120	 999000	 999	 2.452383e+02	 750.00	 683.33	 5.00	 35	 0.84	 
