subjectID	 order	 runNum	 itemName	 onsetTime	 shuff_trialType	 RT	 respInTime	 AudioTime	 response	 fixationTime	 ladder1	 ladder2	 bidIndex	 itemNameIndex	 bidValue	 
MRI_faces_108	 2	 16	 1216.jpg	 1.242182e+02	 22	 6.710142e+02	 22	 8.836506e+02	 98	 1.252990e+02	 916.65	 900.00	 43.00	 26	 0.37	 
MRI_faces_108	 2	 16	 2164.jpg	 1.262186e+02	 24	 999000	 240	 999000	 999	 1.272353e+02	 916.65	 900.00	 39.00	 52	 0.43	 
MRI_faces_108	 2	 16	 2053.jpg	 1.292191e+02	 22	 7.331085e+02	 22	 9.002838e+02	 98	 1.303158e+02	 916.65	 916.66	 51.00	 39	 0.30	 
MRI_faces_108	 2	 16	 1073.jpg	 1.322196e+02	 12	 999000	 120	 999000	 999	 1.332364e+02	 916.65	 916.66	 15.00	 11	 0.62	 
MRI_faces_108	 2	 16	 1052.jpg	 1.342199e+02	 24	 999000	 240	 999000	 999	 1.352367e+02	 916.65	 916.66	 56.00	 9	 0.24	 
MRI_faces_108	 2	 16	 2094.jpg	 1.382206e+02	 12	 999000	 120	 999000	 999	 1.392375e+02	 916.65	 916.66	 12.00	 43	 0.71	 
MRI_faces_108	 2	 16	 2128.jpg	 1.432215e+02	 24	 999000	 240	 999000	 999	 1.442383e+02	 916.65	 916.66	 44.00	 48	 0.34	 
MRI_faces_108	 2	 16	 2024.jpg	 1.452218e+02	 12	 999000	 120	 999000	 999	 1.462387e+02	 916.65	 916.66	 20.00	 34	 0.60	 
MRI_faces_108	 2	 16	 1173.jpg	 1.482223e+02	 22	 7.209016e+02	 22	 9.169980e+02	 98	 1.493393e+02	 916.65	 916.66	 46.00	 19	 0.34	 
MRI_faces_108	 2	 16	 1027.jpg	 1.502227e+02	 11	 8.814613e+02	 11	 9.169430e+02	 98	 1.513328e+02	 916.65	 916.66	 11.00	 5	 0.72	 
MRI_faces_108	 2	 16	 1017.jpg	 1.562238e+02	 12	 999000	 120	 999000	 999	 1.572407e+02	 916.65	 916.66	 18.00	 3	 0.60	 
MRI_faces_108	 2	 16	 2063.jpg	 1.592243e+02	 12	 999000	 120	 999000	 999	 1.602412e+02	 916.65	 916.66	 5.00	 41	 0.81	 
MRI_faces_108	 2	 16	 2118.jpg	 1.642163e+02	 11	 8.819305e+02	 11	 9.169346e+02	 98	 1.653254e+02	 916.65	 916.66	 14.00	 46	 0.63	 
MRI_faces_108	 2	 16	 2110.jpg	 1.662255e+02	 24	 999000	 240	 999000	 999	 1.672424e+02	 916.65	 916.66	 57.00	 44	 0.19	 
MRI_faces_108	 2	 16	 1114.jpg	 1.682259e+02	 11	 1.108320e+03	 1100	 9.169245e+02	 98	 1.693330e+02	 866.65	 916.66	 17.00	 13	 0.62	 
MRI_faces_108	 2	 16	 2125.jpg	 1.722164e+02	 11	 8.068249e+02	 11	 8.669320e+02	 98	 1.732831e+02	 883.32	 916.66	 8.00	 47	 0.74	 
MRI_faces_108	 2	 16	 1246.jpg	 1.742164e+02	 24	 999000	 240	 999000	 999	 1.752330e+02	 883.32	 916.66	 45.00	 28	 0.34	 
MRI_faces_108	 2	 16	 2181.jpg	 1.772165e+02	 12	 999000	 120	 999000	 999	 1.782331e+02	 883.32	 916.66	 4.00	 53	 0.81	 
MRI_faces_108	 2	 16	 1202.jpg	 1.802165e+02	 24	 999000	 240	 999000	 999	 1.812332e+02	 883.32	 916.66	 42.00	 23	 0.40	 
MRI_faces_108	 2	 16	 2006.jpg	 1.832166e+02	 12	 999000	 120	 999000	 999	 1.842332e+02	 883.32	 916.66	 3.00	 31	 0.82	 
MRI_faces_108	 2	 16	 1130.jpg	 1.852166e+02	 24	 999000	 240	 999000	 999	 1.862332e+02	 883.32	 916.66	 40.00	 15	 0.42	 
MRI_faces_108	 2	 16	 2194.jpg	 1.892167e+02	 22	 6.504865e+02	 22	 9.169913e+02	 98	 1.903297e+02	 883.32	 916.66	 49.00	 54	 0.31	 
MRI_faces_108	 2	 16	 1031.jpg	 1.912166e+02	 12	 999000	 120	 999000	 999	 1.922333e+02	 883.32	 916.66	 22.00	 6	 0.59	 
MRI_faces_108	 2	 16	 1080.jpg	 1.932168e+02	 24	 999000	 240	 999000	 999	 1.942333e+02	 883.32	 916.66	 58.00	 12	 0.16	 
MRI_faces_108	 2	 16	 2153.jpg	 1.952168e+02	 12	 999000	 120	 999000	 999	 1.962334e+02	 883.32	 916.66	 10.00	 50	 0.72	 
MRI_faces_108	 2	 16	 2229.jpg	 1.972168e+02	 12	 999000	 120	 999000	 999	 1.982334e+02	 883.32	 916.66	 13.00	 58	 0.69	 
MRI_faces_108	 2	 16	 2149.jpg	 2.012168e+02	 22	 1.050522e+03	 2200	 9.169482e+02	 98	 2.023337e+02	 883.32	 866.66	 54.00	 49	 0.26	 
MRI_faces_108	 2	 16	 2043.jpg	 2.052169e+02	 22	 8.752830e+02	 220	 8.669185e+02	 98	 2.062825e+02	 883.32	 883.33	 48.00	 37	 0.32	 
MRI_faces_108	 2	 16	 2212.jpg	 2.092169e+02	 12	 999000	 120	 999000	 999	 2.102336e+02	 883.32	 883.33	 6.00	 56	 0.77	 
MRI_faces_108	 2	 16	 2155.jpg	 2.122170e+02	 24	 999000	 240	 999000	 999	 2.132337e+02	 883.32	 883.33	 47.00	 51	 0.34	 
MRI_faces_108	 2	 16	 2058.jpg	 2.142173e+02	 24	 999000	 240	 999000	 999	 2.152341e+02	 883.32	 883.33	 53.00	 40	 0.29	 
MRI_faces_108	 2	 16	 1035.jpg	 2.162176e+02	 24	 999000	 240	 999000	 999	 2.172345e+02	 883.32	 883.33	 55.00	 7	 0.24	 
MRI_faces_108	 2	 16	 1183.jpg	 2.182179e+02	 24	 999000	 240	 999000	 999	 2.192349e+02	 883.32	 883.33	 52.00	 20	 0.30	 
MRI_faces_108	 2	 16	 1007.jpg	 2.202183e+02	 11	 8.988548e+02	 110	 8.836014e+02	 98	 2.212852e+02	 899.98	 883.33	 16.00	 1	 0.62	 
MRI_faces_108	 2	 16	 2039.jpg	 2.242190e+02	 12	 999000	 120	 999000	 999	 2.252359e+02	 899.98	 883.33	 19.00	 35	 0.60	 
MRI_faces_108	 2	 16	 1146.jpg	 2.262194e+02	 24	 999000	 240	 999000	 999	 2.272362e+02	 899.98	 883.33	 50.00	 17	 0.31	 
MRI_faces_108	 2	 16	 1226.jpg	 2.332206e+02	 12	 999000	 120	 999000	 999	 2.342374e+02	 899.98	 883.33	 21.00	 27	 0.60	 
MRI_faces_108	 2	 16	 1019.jpg	 2.372213e+02	 11	 7.589231e+02	 11	 9.002529e+02	 98	 2.383174e+02	 916.65	 883.33	 9.00	 4	 0.73	 
MRI_faces_108	 2	 16	 1060.jpg	 2.402219e+02	 24	 999000	 240	 999000	 999	 2.412387e+02	 916.65	 883.33	 41.00	 10	 0.41	 
MRI_faces_108	 2	 16	 1013.jpg	 2.442227e+02	 12	 999000	 120	 999000	 999	 2.452394e+02	 916.65	 883.33	 7.00	 2	 0.76	 
