subjectID	 order	 runNum	 itemName	 onsetTime	 shuff_trialType	 RT	 respInTime	 AudioTime	 response	 fixationTime	 ladder1	 ladder2	 bidIndex	 itemNameIndex	 bidValue	 
MRI_faces_129	 1	 9	 1052.jpg	 2.412956e+00	 24	 999000	 240	 999000	 999	 3.430316e+00	 816.66	 750.00	 41.00	 9	 0.38	 
MRI_faces_129	 1	 9	 2010.jpg	 7.411606e+00	 12	 999000	 120	 999000	 999	 8.430318e+00	 816.66	 750.00	 8.00	 32	 0.80	 
MRI_faces_129	 1	 9	 2149.jpg	 9.411603e+00	 24	 999000	 240	 999000	 999	 1.043166e+01	 816.66	 750.00	 56.00	 49	 0.18	 
MRI_faces_129	 1	 9	 2058.jpg	 1.241174e+01	 24	 999000	 240	 999000	 999	 1.342845e+01	 816.66	 750.00	 49.00	 40	 0.29	 
MRI_faces_129	 1	 9	 1114.jpg	 1.541177e+01	 12	 999000	 120	 999000	 999	 1.642839e+01	 816.66	 750.00	 6.00	 13	 0.81	 
MRI_faces_129	 1	 9	 1150.jpg	 2.241185e+01	 24	 999000	 240	 999000	 999	 2.342854e+01	 816.66	 750.00	 57.00	 18	 0.18	 
MRI_faces_129	 1	 9	 1210.jpg	 2.441188e+01	 12	 999000	 120	 999000	 999	 2.542853e+01	 816.66	 750.00	 3.00	 25	 0.87	 
MRI_faces_129	 1	 9	 1226.jpg	 2.841194e+01	 24	 999000	 240	 999000	 999	 2.942859e+01	 816.66	 750.00	 43.00	 27	 0.35	 
MRI_faces_129	 1	 9	 2024.jpg	 3.041199e+01	 22	 8.419575e+02	 220	 7.518422e+02	 98	 3.142862e+01	 816.66	 766.67	 47.00	 34	 0.30	 
MRI_faces_129	 1	 9	 2063.jpg	 3.541210e+01	 12	 999000	 120	 999000	 999	 3.642883e+01	 816.66	 766.67	 4.00	 41	 0.83	 
MRI_faces_129	 1	 9	 1146.jpg	 3.941217e+01	 12	 999000	 120	 999000	 999	 4.042882e+01	 816.66	 766.67	 22.00	 17	 0.60	 
MRI_faces_129	 1	 9	 2094.jpg	 4.141217e+01	 11	 6.798020e+02	 11	 8.185232e+02	 98	 4.242875e+01	 833.33	 766.67	 18.00	 43	 0.65	 
MRI_faces_129	 1	 9	 2218.jpg	 4.441217e+01	 22	 9.658296e+02	 220	 7.669577e+02	 98	 4.542882e+01	 833.33	 783.33	 53.00	 57	 0.20	 
MRI_faces_129	 1	 9	 1060.jpg	 4.741218e+01	 24	 999000	 240	 999000	 999	 4.842890e+01	 833.33	 783.33	 58.00	 10	 0.14	 
MRI_faces_129	 1	 9	 2248.jpg	 5.141232e+01	 12	 999000	 120	 999000	 999	 5.242903e+01	 833.33	 783.33	 19.00	 60	 0.64	 
MRI_faces_129	 1	 9	 1192.jpg	 5.541235e+01	 24	 999000	 240	 999000	 999	 5.642907e+01	 833.33	 783.33	 48.00	 22	 0.29	 
MRI_faces_129	 1	 9	 1262.jpg	 5.940597e+01	 12	 999000	 120	 999000	 999	 6.042285e+01	 833.33	 783.33	 9.00	 30	 0.76	 
MRI_faces_129	 1	 9	 2181.jpg	 6.240661e+01	 11	 9.903631e+02	 110	 8.335954e+02	 98	 6.342913e+01	 849.99	 783.33	 13.00	 53	 0.71	 
MRI_faces_129	 1	 9	 1202.jpg	 6.541248e+01	 12	 999000	 120	 999000	 999	 6.642923e+01	 849.99	 783.33	 21.00	 23	 0.61	 
MRI_faces_129	 1	 9	 2110.jpg	 6.841255e+01	 22	 9.334111e+02	 220	 7.836091e+02	 98	 6.942923e+01	 849.99	 800.00	 52.00	 44	 0.21	 
MRI_faces_129	 1	 9	 2006.jpg	 7.041261e+01	 11	 9.673362e+02	 110	 8.502882e+02	 98	 7.146255e+01	 866.66	 800.00	 10.00	 31	 0.75	 
MRI_faces_129	 1	 9	 2118.jpg	 7.340848e+01	 12	 999000	 120	 999000	 999	 7.442529e+01	 866.66	 800.00	 11.00	 46	 0.75	 
MRI_faces_129	 1	 9	 1127.jpg	 7.540882e+01	 24	 999000	 240	 999000	 999	 7.642559e+01	 866.66	 800.00	 55.00	 14	 0.19	 
MRI_faces_129	 1	 9	 2089.jpg	 7.741273e+01	 11	 999000	 1	 8.669785e+02	 999	 7.847933e+01	 816.66	 800.00	 15.00	 42	 0.67	 
MRI_faces_129	 1	 9	 1130.jpg	 7.941270e+01	 24	 999000	 240	 999000	 999	 8.042931e+01	 816.66	 800.00	 54.00	 15	 0.19	 
MRI_faces_129	 1	 9	 1007.jpg	 8.241271e+01	 22	 9.742425e+02	 220	 8.002616e+02	 98	 8.342944e+01	 816.66	 816.67	 50.00	 1	 0.28	 
MRI_faces_129	 1	 9	 1183.jpg	 8.641285e+01	 24	 999000	 240	 999000	 999	 8.742952e+01	 816.66	 816.67	 51.00	 20	 0.25	 
MRI_faces_129	 1	 9	 1255.jpg	 8.841118e+01	 12	 999000	 120	 999000	 999	 8.942959e+01	 816.66	 816.67	 14.00	 29	 0.68	 
MRI_faces_129	 1	 9	 1216.jpg	 9.041152e+01	 11	 1.001469e+03	 1100	 8.169461e+02	 98	 9.142960e+01	 766.66	 816.67	 7.00	 26	 0.81	 
MRI_faces_129	 1	 9	 2155.jpg	 9.441215e+01	 24	 1.315813e+03	 24	 999000	 98	 9.542964e+01	 766.66	 816.67	 42.00	 51	 0.38	 
MRI_faces_129	 1	 9	 1173.jpg	 9.639609e+01	 24	 999000	 240	 999000	 999	 9.741295e+01	 766.66	 816.67	 40.00	 19	 0.38	 
MRI_faces_129	 1	 9	 2043.jpg	 9.839618e+01	 22	 1.021797e+03	 2200	 8.169364e+02	 98	 9.941299e+01	 766.66	 766.67	 44.00	 37	 0.35	 
MRI_faces_129	 1	 9	 1035.jpg	 1.023968e+02	 11	 9.252251e+02	 110	 7.669291e+02	 98	 1.034139e+02	 783.33	 766.67	 12.00	 7	 0.73	 
MRI_faces_129	 1	 9	 1017.jpg	 1.063976e+02	 12	 999000	 120	 999000	 999	 1.074144e+02	 783.33	 766.67	 20.00	 3	 0.63	 
MRI_faces_129	 1	 9	 2112.jpg	 1.084132e+02	 12	 999000	 120	 999000	 999	 1.094316e+02	 783.33	 766.67	 16.00	 45	 0.66	 
MRI_faces_129	 1	 9	 2164.jpg	 1.104132e+02	 24	 999000	 240	 999000	 999	 1.114319e+02	 783.33	 766.67	 39.00	 52	 0.38	 
MRI_faces_129	 1	 9	 2015.jpg	 1.124132e+02	 12	 999000	 120	 999000	 999	 1.134321e+02	 783.33	 766.67	 17.00	 33	 0.66	 
MRI_faces_129	 1	 9	 1204.jpg	 1.144133e+02	 22	 1.115692e+03	 2200	 7.669473e+02	 98	 1.154299e+02	 783.33	 716.67	 45.00	 24	 0.33	 
MRI_faces_129	 1	 9	 2045.jpg	 1.204134e+02	 24	 999000	 240	 999000	 999	 1.214300e+02	 783.33	 716.67	 46.00	 38	 0.32	 
MRI_faces_129	 1	 9	 1031.jpg	 1.224004e+02	 12	 999000	 120	 999000	 999	 1.234172e+02	 783.33	 716.67	 5.00	 6	 0.82	 
