subjectID	 order	 runNum	 itemName	 onsetTime	 shuff_trialType	 RT	 respInTime	 AudioTime	 response	 fixationTime	 ladder1	 ladder2	 bidIndex	 itemNameIndex	 bidValue	 
MRI_faces_134	 2	 10	 1226.jpg	 1.240885e+02	 11	 9.350292e+02	 110	 7.169765e+02	 98	 1.251052e+02	 733.34	 783.33	 16.00	 27	 0.66	 
MRI_faces_134	 2	 10	 2128.jpg	 1.260821e+02	 24	 999000	 240	 999000	 999	 1.270988e+02	 733.34	 783.33	 44.00	 48	 0.39	 
MRI_faces_134	 2	 10	 2153.jpg	 1.290824e+02	 11	 9.540920e+02	 110	 7.336227e+02	 98	 1.300992e+02	 750.00	 783.33	 17.00	 50	 0.66	 
MRI_faces_134	 2	 10	 1080.jpg	 1.320830e+02	 24	 999000	 240	 999000	 999	 1.330999e+02	 750.00	 783.33	 56.00	 12	 0.14	 
MRI_faces_134	 2	 10	 2043.jpg	 1.340887e+02	 24	 999000	 240	 999000	 999	 1.351054e+02	 750.00	 783.33	 39.00	 37	 0.43	 
MRI_faces_134	 2	 10	 2110.jpg	 1.380840e+02	 24	 999000	 240	 999000	 999	 1.391009e+02	 750.00	 783.33	 55.00	 44	 0.17	 
MRI_faces_134	 2	 10	 1017.jpg	 1.430850e+02	 12	 999000	 120	 999000	 999	 1.441017e+02	 750.00	 783.33	 7.00	 3	 0.81	 
MRI_faces_134	 2	 10	 2089.jpg	 1.450853e+02	 11	 1.080270e+03	 1100	 7.502776e+02	 98	 1.461021e+02	 700.00	 783.33	 9.00	 42	 0.77	 
MRI_faces_134	 2	 10	 2006.jpg	 1.480860e+02	 24	 999000	 240	 999000	 999	 1.491026e+02	 700.00	 783.33	 52.00	 31	 0.22	 
MRI_faces_134	 2	 10	 2240.jpg	 1.500890e+02	 24	 999000	 240	 999000	 999	 1.511055e+02	 700.00	 783.33	 47.00	 59	 0.31	 
MRI_faces_134	 2	 10	 1007.jpg	 1.560723e+02	 11	 8.912460e+02	 110	 7.002715e+02	 98	 1.570890e+02	 716.67	 783.33	 8.00	 1	 0.77	 
MRI_faces_134	 2	 10	 1246.jpg	 1.590724e+02	 12	 999000	 120	 999000	 999	 1.600891e+02	 716.67	 783.33	 21.00	 28	 0.59	 
MRI_faces_134	 2	 10	 2039.jpg	 1.640725e+02	 12	 6.080927e+02	 12	 999000	 98	 1.650892e+02	 716.67	 783.33	 5.00	 35	 0.84	 
MRI_faces_134	 2	 10	 2045.jpg	 1.660725e+02	 24	 999000	 240	 999000	 999	 1.670891e+02	 716.67	 783.33	 50.00	 38	 0.27	 
MRI_faces_134	 2	 10	 1031.jpg	 1.680729e+02	 11	 9.776201e+02	 110	 7.169453e+02	 98	 1.690895e+02	 733.34	 783.33	 11.00	 6	 0.74	 
MRI_faces_134	 2	 10	 1127.jpg	 1.720736e+02	 24	 999000	 240	 999000	 999	 1.730902e+02	 733.34	 783.33	 42.00	 14	 0.39	 
MRI_faces_134	 2	 10	 1204.jpg	 1.740904e+02	 22	 1.032115e+03	 2200	 7.836162e+02	 98	 1.751072e+02	 733.34	 733.33	 54.00	 24	 0.18	 
MRI_faces_134	 2	 10	 1173.jpg	 1.770743e+02	 12	 999000	 120	 999000	 999	 1.780911e+02	 733.34	 733.33	 13.00	 19	 0.69	 
MRI_faces_134	 2	 10	 2125.jpg	 1.800914e+02	 12	 999000	 120	 999000	 999	 1.811082e+02	 733.34	 733.33	 22.00	 47	 0.59	 
MRI_faces_134	 2	 10	 1027.jpg	 1.830754e+02	 24	 999000	 240	 999000	 999	 1.840921e+02	 733.34	 733.33	 58.00	 5	 0.12	 
MRI_faces_134	 2	 10	 1255.jpg	 1.850757e+02	 22	 1.008896e+03	 2200	 7.335998e+02	 98	 1.860956e+02	 733.34	 683.33	 49.00	 29	 0.29	 
MRI_faces_134	 2	 10	 2010.jpg	 1.890764e+02	 12	 999000	 120	 999000	 999	 1.900932e+02	 733.34	 683.33	 10.00	 32	 0.76	 
MRI_faces_134	 2	 10	 1146.jpg	 1.910768e+02	 22	 1.068801e+03	 2200	 6.835922e+02	 98	 1.920935e+02	 733.34	 633.33	 46.00	 17	 0.31	 
MRI_faces_134	 2	 10	 2118.jpg	 1.930771e+02	 12	 999000	 120	 999000	 999	 1.940939e+02	 733.34	 633.33	 4.00	 46	 0.87	 
MRI_faces_134	 2	 10	 1052.jpg	 1.950774e+02	 24	 999000	 240	 999000	 999	 1.960942e+02	 733.34	 633.33	 45.00	 9	 0.32	 
MRI_faces_134	 2	 10	 2248.jpg	 1.970778e+02	 12	 999000	 120	 999000	 999	 1.980945e+02	 733.34	 633.33	 18.00	 60	 0.63	 
MRI_faces_134	 2	 10	 1073.jpg	 2.010786e+02	 12	 999000	 120	 999000	 999	 2.020953e+02	 733.34	 633.33	 15.00	 11	 0.68	 
MRI_faces_134	 2	 10	 1191.jpg	 2.050793e+02	 12	 999000	 120	 999000	 999	 2.060959e+02	 733.34	 633.33	 3.00	 21	 0.88	 
MRI_faces_134	 2	 10	 1013.jpg	 2.090799e+02	 24	 999000	 240	 999000	 999	 2.100967e+02	 733.34	 633.33	 41.00	 2	 0.42	 
MRI_faces_134	 2	 10	 2212.jpg	 2.120804e+02	 12	 999000	 120	 999000	 999	 2.130972e+02	 733.34	 633.33	 20.00	 56	 0.61	 
MRI_faces_134	 2	 10	 1150.jpg	 2.140808e+02	 22	 9.887957e+02	 220	 6.336053e+02	 98	 2.150975e+02	 733.34	 650.00	 51.00	 18	 0.23	 
MRI_faces_134	 2	 10	 1262.jpg	 2.160811e+02	 24	 999000	 240	 999000	 999	 2.170978e+02	 733.34	 650.00	 53.00	 30	 0.19	 
MRI_faces_134	 2	 10	 2015.jpg	 2.180814e+02	 22	 9.301346e+02	 220	 6.502425e+02	 98	 2.190983e+02	 733.34	 666.66	 43.00	 33	 0.39	 
MRI_faces_134	 2	 10	 2194.jpg	 2.200818e+02	 24	 999000	 240	 999000	 999	 2.210986e+02	 733.34	 666.66	 57.00	 54	 0.13	 
MRI_faces_134	 2	 10	 1060.jpg	 2.240900e+02	 24	 999000	 240	 999000	 999	 2.251066e+02	 733.34	 666.66	 40.00	 10	 0.42	 
MRI_faces_134	 2	 10	 2218.jpg	 2.260828e+02	 12	 999000	 120	 999000	 999	 2.270998e+02	 733.34	 666.66	 12.00	 57	 0.70	 
MRI_faces_134	 2	 10	 1035.jpg	 2.330841e+02	 11	 1.092442e+03	 1100	 7.336021e+02	 98	 2.341009e+02	 683.34	 666.66	 14.00	 7	 0.68	 
MRI_faces_134	 2	 10	 2164.jpg	 2.370847e+02	 22	 8.777942e+02	 220	 6.669408e+02	 98	 2.381016e+02	 683.34	 683.33	 48.00	 52	 0.31	 
MRI_faces_134	 2	 10	 2041.jpg	 2.400853e+02	 12	 999000	 120	 999000	 999	 2.411021e+02	 683.34	 683.33	 6.00	 36	 0.82	 
MRI_faces_134	 2	 10	 2181.jpg	 2.440861e+02	 12	 999000	 120	 999000	 999	 2.451028e+02	 683.34	 683.33	 19.00	 53	 0.62	 
