subjectID	 order	 runNum	 itemName	 onsetTime	 shuff_trialType	 RT	 respInTime	 AudioTime	 response	 fixationTime	 ladder1	 ladder2	 bidIndex	 itemNameIndex	 bidValue	 
MRI_faces_105	 1	 16	 2089.jpg	 1.241846e+02	 22	 9.535271e+02	 220	 7.169402e+02	 98	 1.252014e+02	 783.34	 733.33	 50.00	 42	 0.27	 
MRI_faces_105	 1	 16	 2110.jpg	 1.291772e+02	 24	 999000	 240	 999000	 999	 1.301938e+02	 783.34	 733.33	 58.00	 44	 0.13	 
MRI_faces_105	 1	 16	 2024.jpg	 1.311771e+02	 22	 9.559671e+02	 220	 7.336127e+02	 98	 1.321938e+02	 783.34	 749.99	 44.00	 34	 0.38	 
MRI_faces_105	 1	 16	 1035.jpg	 1.341773e+02	 12	 999000	 120	 999000	 999	 1.351939e+02	 783.34	 749.99	 3.00	 7	 0.85	 
MRI_faces_105	 1	 16	 2164.jpg	 1.371772e+02	 12	 999000	 120	 999000	 999	 1.381938e+02	 783.34	 749.99	 19.00	 52	 0.66	 
MRI_faces_105	 1	 16	 2010.jpg	 1.441773e+02	 24	 999000	 240	 999000	 999	 1.451940e+02	 783.34	 749.99	 41.00	 32	 0.40	 
MRI_faces_105	 1	 16	 1202.jpg	 1.461774e+02	 24	 999000	 240	 999000	 999	 1.471940e+02	 783.34	 749.99	 39.00	 23	 0.41	 
MRI_faces_105	 1	 16	 1216.jpg	 1.501775e+02	 11	 9.565873e+02	 110	 7.836895e+02	 98	 1.511941e+02	 800.01	 749.99	 12.00	 26	 0.71	 
MRI_faces_105	 1	 16	 1262.jpg	 1.521774e+02	 12	 999000	 120	 999000	 999	 1.531941e+02	 800.01	 749.99	 9.00	 30	 0.75	 
MRI_faces_105	 1	 16	 2118.jpg	 1.571775e+02	 12	 999000	 120	 999000	 999	 1.581942e+02	 800.01	 749.99	 8.00	 46	 0.76	 
MRI_faces_105	 1	 16	 1255.jpg	 1.611776e+02	 12	 999000	 120	 999000	 999	 1.621943e+02	 800.01	 749.99	 20.00	 29	 0.65	 
MRI_faces_105	 1	 16	 2039.jpg	 1.631776e+02	 22	 9.654685e+02	 220	 7.502917e+02	 98	 1.641943e+02	 800.01	 766.66	 52.00	 35	 0.23	 
MRI_faces_105	 1	 16	 2058.jpg	 1.661776e+02	 24	 999000	 240	 999000	 999	 1.671943e+02	 800.01	 766.66	 55.00	 40	 0.19	 
MRI_faces_105	 1	 16	 2240.jpg	 1.691777e+02	 11	 9.933767e+02	 110	 8.002920e+02	 98	 1.701944e+02	 816.67	 766.66	 18.00	 59	 0.67	 
MRI_faces_105	 1	 16	 2181.jpg	 1.731778e+02	 12	 999000	 120	 999000	 999	 1.741944e+02	 816.67	 766.66	 6.00	 53	 0.82	 
MRI_faces_105	 1	 16	 2112.jpg	 1.771778e+02	 22	 9.173020e+02	 220	 7.669260e+02	 98	 1.781945e+02	 816.67	 783.33	 53.00	 45	 0.23	 
MRI_faces_105	 1	 16	 1017.jpg	 1.811778e+02	 22	 9.932567e+02	 220	 7.836347e+02	 98	 1.821947e+02	 816.67	 799.99	 45.00	 3	 0.36	 
MRI_faces_105	 1	 16	 1019.jpg	 1.841784e+02	 22	 9.926603e+02	 220	 8.002723e+02	 98	 1.851952e+02	 816.67	 816.66	 47.00	 4	 0.28	 
MRI_faces_105	 1	 16	 1013.jpg	 1.871789e+02	 12	 999000	 120	 999000	 999	 1.881958e+02	 816.67	 816.66	 14.00	 2	 0.70	 
MRI_faces_105	 1	 16	 2153.jpg	 1.901795e+02	 24	 999000	 240	 999000	 999	 1.911963e+02	 816.67	 816.66	 46.00	 50	 0.30	 
MRI_faces_105	 1	 16	 1183.jpg	 1.921798e+02	 24	 999000	 240	 999000	 999	 1.931966e+02	 816.67	 816.66	 57.00	 20	 0.17	 
MRI_faces_105	 1	 16	 1146.jpg	 1.951804e+02	 24	 999000	 240	 999000	 999	 1.961971e+02	 816.67	 816.66	 43.00	 17	 0.39	 
MRI_faces_105	 1	 16	 1145.jpg	 1.971806e+02	 24	 999000	 240	 999000	 999	 1.981976e+02	 816.67	 816.66	 42.00	 16	 0.40	 
MRI_faces_105	 1	 16	 2094.jpg	 1.991810e+02	 11	 9.340636e+02	 110	 8.169451e+02	 98	 2.001978e+02	 833.34	 816.66	 13.00	 43	 0.71	 
MRI_faces_105	 1	 16	 1114.jpg	 2.011814e+02	 12	 999000	 120	 999000	 999	 2.021984e+02	 833.34	 816.66	 11.00	 13	 0.73	 
MRI_faces_105	 1	 16	 2218.jpg	 2.041819e+02	 11	 1.040202e+03	 1100	 8.336230e+02	 98	 2.052115e+02	 783.34	 816.66	 15.00	 57	 0.70	 
MRI_faces_105	 1	 16	 2229.jpg	 2.081826e+02	 24	 999000	 240	 999000	 999	 2.091995e+02	 783.34	 816.66	 51.00	 58	 0.23	 
MRI_faces_105	 1	 16	 1073.jpg	 2.101830e+02	 12	 999000	 120	 999000	 999	 2.111998e+02	 783.34	 816.66	 4.00	 11	 0.83	 
MRI_faces_105	 1	 16	 2194.jpg	 2.121833e+02	 24	 999000	 240	 999000	 999	 2.132001e+02	 783.34	 816.66	 40.00	 54	 0.41	 
MRI_faces_105	 1	 16	 1060.jpg	 2.161840e+02	 24	 999000	 240	 999000	 999	 2.172008e+02	 783.34	 816.66	 49.00	 10	 0.28	 
MRI_faces_105	 1	 16	 2128.jpg	 2.181844e+02	 24	 999000	 240	 999000	 999	 2.192012e+02	 783.34	 816.66	 48.00	 48	 0.28	 
MRI_faces_105	 1	 16	 2053.jpg	 2.201847e+02	 11	 9.193559e+02	 110	 7.836009e+02	 98	 2.212015e+02	 800.01	 816.66	 7.00	 39	 0.78	 
MRI_faces_105	 1	 16	 1210.jpg	 2.241855e+02	 12	 999000	 120	 999000	 999	 2.252023e+02	 800.01	 816.66	 21.00	 25	 0.63	 
MRI_faces_105	 1	 16	 1226.jpg	 2.281861e+02	 12	 999000	 120	 999000	 999	 2.292029e+02	 800.01	 816.66	 17.00	 27	 0.68	 
MRI_faces_105	 1	 16	 1031.jpg	 2.301786e+02	 12	 999000	 120	 999000	 999	 2.311953e+02	 800.01	 816.66	 22.00	 6	 0.61	 
MRI_faces_105	 1	 16	 2063.jpg	 2.321786e+02	 12	 999000	 120	 999000	 999	 2.331952e+02	 800.01	 816.66	 16.00	 41	 0.69	 
MRI_faces_105	 1	 16	 1192.jpg	 2.341787e+02	 12	 999000	 120	 999000	 999	 2.351953e+02	 800.01	 816.66	 5.00	 22	 0.82	 
MRI_faces_105	 1	 16	 1204.jpg	 2.361789e+02	 24	 999000	 240	 999000	 999	 2.371953e+02	 800.01	 816.66	 54.00	 24	 0.20	 
MRI_faces_105	 1	 16	 2045.jpg	 2.421788e+02	 24	 999000	 240	 999000	 999	 2.431955e+02	 800.01	 816.66	 56.00	 38	 0.18	 
MRI_faces_105	 1	 16	 1127.jpg	 2.441789e+02	 11	 1.065154e+03	 1100	 8.002935e+02	 98	 2.451955e+02	 750.01	 816.66	 10.00	 14	 0.75	 
