subjectID	 order	 runNum	 itemName	 onsetTime	 shuff_trialType	 RT	 respInTime	 AudioTime	 response	 fixationTime	 ladder1	 ladder2	 bidIndex	 itemNameIndex	 bidValue	 
MRI_faces_101	 1	 10	 1060.jpg	 1.241167e+02	 24	 999000	 240	 999000	 999	 1.251363e+02	 850.00	 783.33	 57.00	 10	 0.17	 
MRI_faces_101	 1	 10	 1210.jpg	 1.291010e+02	 22	 9.263084e+02	 220	 7.836474e+02	 98	 1.301479e+02	 850.00	 800.00	 45.00	 25	 0.30	 
MRI_faces_101	 1	 10	 1050.jpg	 1.311013e+02	 12	 999000	 120	 999000	 999	 1.321192e+02	 850.00	 800.00	 17.00	 8	 0.70	 
MRI_faces_101	 1	 10	 2063.jpg	 1.341019e+02	 12	 999000	 120	 999000	 999	 1.351223e+02	 850.00	 800.00	 21.00	 41	 0.65	 
MRI_faces_101	 1	 10	 2248.jpg	 1.371023e+02	 12	 999000	 120	 999000	 999	 1.381212e+02	 850.00	 800.00	 20.00	 60	 0.66	 
MRI_faces_101	 1	 10	 1150.jpg	 1.441035e+02	 24	 999000	 240	 999000	 999	 1.451218e+02	 850.00	 800.00	 56.00	 18	 0.17	 
MRI_faces_101	 1	 10	 2110.jpg	 1.461039e+02	 22	 9.133947e+02	 220	 8.003004e+02	 98	 1.471482e+02	 850.00	 816.66	 52.00	 44	 0.25	 
MRI_faces_101	 1	 10	 2094.jpg	 1.501046e+02	 11	 8.836581e+02	 110	 8.502942e+02	 98	 1.511485e+02	 866.67	 816.66	 18.00	 43	 0.68	 
MRI_faces_101	 1	 10	 1146.jpg	 1.521049e+02	 24	 999000	 240	 999000	 999	 1.531316e+02	 866.67	 816.66	 49.00	 17	 0.28	 
MRI_faces_101	 1	 10	 2041.jpg	 1.571059e+02	 11	 1.057415e+03	 1100	 8.670237e+02	 98	 1.581483e+02	 816.67	 816.66	 12.00	 36	 0.74	 
MRI_faces_101	 1	 10	 2212.jpg	 1.611066e+02	 11	 9.177072e+02	 110	 8.169664e+02	 98	 1.621500e+02	 833.33	 816.66	 15.00	 56	 0.73	 
MRI_faces_101	 1	 10	 2164.jpg	 1.631070e+02	 12	 999000	 120	 999000	 999	 1.641249e+02	 833.33	 816.66	 19.00	 52	 0.67	 
MRI_faces_101	 1	 10	 1007.jpg	 1.661074e+02	 24	 999000	 240	 999000	 999	 1.671272e+02	 833.33	 816.66	 42.00	 1	 0.31	 
MRI_faces_101	 1	 10	 2194.jpg	 1.691081e+02	 24	 999000	 240	 999000	 999	 1.701264e+02	 833.33	 816.66	 54.00	 54	 0.19	 
MRI_faces_101	 1	 10	 1262.jpg	 1.731086e+02	 22	 9.477016e+02	 220	 8.169587e+02	 98	 1.741487e+02	 833.33	 833.33	 50.00	 30	 0.26	 
MRI_faces_101	 1	 10	 2149.jpg	 1.771093e+02	 24	 999000	 240	 999000	 999	 1.781320e+02	 833.33	 833.33	 58.00	 49	 0.11	 
MRI_faces_101	 1	 10	 2043.jpg	 1.811102e+02	 12	 999000	 120	 999000	 999	 1.821320e+02	 833.33	 833.33	 11.00	 37	 0.74	 
MRI_faces_101	 1	 10	 2053.jpg	 1.841106e+02	 12	 999000	 120	 999000	 999	 1.851343e+02	 833.33	 833.33	 8.00	 39	 0.78	 
MRI_faces_101	 1	 10	 1073.jpg	 1.871112e+02	 24	 999000	 240	 999000	 999	 1.881327e+02	 833.33	 833.33	 39.00	 11	 0.40	 
MRI_faces_101	 1	 10	 2045.jpg	 1.901116e+02	 12	 999000	 120	 999000	 999	 1.911323e+02	 833.33	 833.33	 6.00	 38	 0.83	 
MRI_faces_101	 1	 10	 2118.jpg	 1.921154e+02	 12	 999000	 120	 999000	 999	 1.931329e+02	 833.33	 833.33	 5.00	 46	 0.83	 
MRI_faces_101	 1	 10	 1192.jpg	 1.951124e+02	 22	 7.018310e+02	 22	 8.336339e+02	 98	 1.961499e+02	 833.33	 850.00	 47.00	 22	 0.28	 
MRI_faces_101	 1	 10	 1226.jpg	 1.971129e+02	 24	 999000	 240	 999000	 999	 1.981324e+02	 833.33	 850.00	 46.00	 27	 0.28	 
MRI_faces_101	 1	 10	 2155.jpg	 1.991132e+02	 22	 8.510513e+02	 220	 8.503391e+02	 98	 2.001511e+02	 833.33	 866.66	 53.00	 51	 0.22	 
MRI_faces_101	 1	 10	 2128.jpg	 2.011135e+02	 24	 999000	 240	 999000	 999	 2.021323e+02	 833.33	 866.66	 40.00	 48	 0.37	 
MRI_faces_101	 1	 10	 1183.jpg	 2.041141e+02	 24	 999000	 240	 999000	 999	 2.051336e+02	 833.33	 866.66	 55.00	 20	 0.18	 
MRI_faces_101	 1	 10	 2024.jpg	 2.080990e+02	 24	 999000	 240	 999000	 999	 2.091160e+02	 833.33	 866.66	 41.00	 34	 0.32	 
MRI_faces_101	 1	 10	 2218.jpg	 2.100991e+02	 12	 999000	 120	 999000	 999	 2.111180e+02	 833.33	 866.66	 22.00	 57	 0.64	 
MRI_faces_101	 1	 10	 1035.jpg	 2.120988e+02	 12	 999000	 120	 999000	 999	 2.131195e+02	 833.33	 866.66	 9.00	 7	 0.76	 
MRI_faces_101	 1	 10	 1204.jpg	 2.160995e+02	 24	 999000	 240	 999000	 999	 2.171204e+02	 833.33	 866.66	 51.00	 24	 0.26	 
MRI_faces_101	 1	 10	 1127.jpg	 2.180998e+02	 22	 9.954885e+02	 220	 8.669584e+02	 98	 2.191336e+02	 833.33	 883.33	 44.00	 14	 0.30	 
MRI_faces_101	 1	 10	 1216.jpg	 2.201002e+02	 11	 6.600482e+02	 11	 8.336636e+02	 98	 2.211343e+02	 850.00	 883.33	 13.00	 26	 0.74	 
MRI_faces_101	 1	 10	 2153.jpg	 2.241011e+02	 11	 7.591877e+02	 11	 8.503122e+02	 98	 2.251366e+02	 866.67	 883.33	 7.00	 50	 0.80	 
MRI_faces_101	 1	 10	 2089.jpg	 2.281016e+02	 12	 999000	 120	 999000	 999	 2.291218e+02	 866.67	 883.33	 3.00	 42	 0.85	 
MRI_faces_101	 1	 10	 2006.jpg	 2.301020e+02	 12	 999000	 120	 999000	 999	 2.311195e+02	 866.67	 883.33	 14.00	 31	 0.73	 
MRI_faces_101	 1	 10	 1255.jpg	 2.321024e+02	 24	 999000	 240	 999000	 999	 2.331232e+02	 866.67	 883.33	 48.00	 29	 0.28	 
MRI_faces_101	 1	 10	 1031.jpg	 2.341027e+02	 11	 6.476195e+02	 11	 8.669667e+02	 98	 2.351494e+02	 883.33	 883.33	 10.00	 6	 0.76	 
MRI_faces_101	 1	 10	 2010.jpg	 2.361030e+02	 12	 999000	 120	 999000	 999	 2.371204e+02	 883.33	 883.33	 4.00	 32	 0.83	 
MRI_faces_101	 1	 10	 1052.jpg	 2.421041e+02	 24	 999000	 240	 999000	 999	 2.431209e+02	 883.33	 883.33	 43.00	 9	 0.31	 
MRI_faces_101	 1	 10	 2015.jpg	 2.441045e+02	 12	 999000	 120	 999000	 999	 2.451248e+02	 883.33	 883.33	 16.00	 33	 0.72	 
