subjectID	 order	 runNum	 itemName	 onsetTime	 shuff_trialType	 RT	 respInTime	 AudioTime	 response	 fixationTime	 ladder1	 ladder2	 bidIndex	 itemNameIndex	 bidValue	 
MRI_faces_115	 1	 7	 1183.jpg	 2.396340e+00	 22	 1.096798e+03	 2200	 8.190041e+02	 98	 3.413719e+00	 750.00	 766.66	 45.00	 20	 0.36	 
MRI_faces_115	 1	 7	 1150.jpg	 7.394124e+00	 24	 999000	 240	 999000	 999	 8.410811e+00	 750.00	 766.66	 56.00	 18	 0.16	 
MRI_faces_115	 1	 7	 1035.jpg	 9.394265e+00	 12	 999000	 120	 999000	 999	 1.041088e+01	 750.00	 766.66	 19.00	 7	 0.68	 
MRI_faces_115	 1	 7	 1146.jpg	 1.239424e+01	 24	 999000	 240	 999000	 999	 1.341093e+01	 750.00	 766.66	 42.00	 17	 0.38	 
MRI_faces_115	 1	 7	 2063.jpg	 1.538162e+01	 12	 999000	 120	 999000	 999	 1.639847e+01	 750.00	 766.66	 21.00	 41	 0.62	 
MRI_faces_115	 1	 7	 1127.jpg	 2.239443e+01	 22	 1.009721e+03	 2200	 7.683827e+02	 98	 2.341161e+01	 750.00	 716.66	 53.00	 14	 0.21	 
MRI_faces_115	 1	 7	 1262.jpg	 2.439448e+01	 24	 999000	 240	 999000	 999	 2.541112e+01	 750.00	 716.66	 55.00	 30	 0.18	 
MRI_faces_115	 1	 7	 2155.jpg	 2.838403e+01	 24	 999000	 240	 999000	 999	 2.940076e+01	 750.00	 716.66	 58.00	 51	 0.15	 
MRI_faces_115	 1	 7	 2248.jpg	 3.039455e+01	 12	 999000	 120	 999000	 999	 3.141120e+01	 750.00	 716.66	 3.00	 60	 0.86	 
MRI_faces_115	 1	 7	 1050.jpg	 3.538515e+01	 12	 999000	 120	 999000	 999	 3.640208e+01	 750.00	 716.66	 6.00	 8	 0.84	 
MRI_faces_115	 1	 7	 2229.jpg	 3.939468e+01	 11	 9.674614e+02	 110	 7.561653e+02	 98	 4.041133e+01	 766.67	 716.66	 10.00	 58	 0.76	 
MRI_faces_115	 1	 7	 1210.jpg	 4.139474e+01	 22	 9.414147e+02	 220	 7.169429e+02	 98	 4.241139e+01	 766.67	 733.33	 47.00	 25	 0.33	 
MRI_faces_115	 1	 7	 2209.jpg	 4.438682e+01	 11	 9.673158e+02	 110	 7.669414e+02	 98	 4.540379e+01	 783.33	 733.33	 7.00	 55	 0.83	 
MRI_faces_115	 1	 7	 2218.jpg	 4.739482e+01	 24	 999000	 240	 999000	 999	 4.841146e+01	 783.33	 733.33	 40.00	 57	 0.40	 
MRI_faces_115	 1	 7	 1060.jpg	 5.139491e+01	 22	 9.272480e+02	 220	 7.336011e+02	 98	 5.241153e+01	 783.33	 749.99	 44.00	 10	 0.37	 
MRI_faces_115	 1	 7	 1114.jpg	 5.539493e+01	 24	 999000	 240	 999000	 999	 5.641157e+01	 783.33	 749.99	 43.00	 13	 0.37	 
MRI_faces_115	 1	 7	 2112.jpg	 5.938941e+01	 12	 999000	 120	 999000	 999	 6.040622e+01	 783.33	 749.99	 5.00	 45	 0.84	 
MRI_faces_115	 1	 7	 2118.jpg	 6.239000e+01	 12	 999000	 120	 999000	 999	 6.340678e+01	 783.33	 749.99	 14.00	 46	 0.71	 
MRI_faces_115	 1	 7	 2010.jpg	 6.539057e+01	 12	 999000	 120	 999000	 999	 6.640732e+01	 783.33	 749.99	 8.00	 32	 0.77	 
MRI_faces_115	 1	 7	 1145.jpg	 6.839521e+01	 24	 999000	 240	 999000	 999	 6.941177e+01	 783.33	 749.99	 48.00	 16	 0.26	 
MRI_faces_115	 1	 7	 1255.jpg	 7.039518e+01	 12	 999000	 120	 999000	 999	 7.141177e+01	 783.33	 749.99	 17.00	 29	 0.69	 
MRI_faces_115	 1	 7	 2128.jpg	 7.339193e+01	 24	 999000	 240	 999000	 999	 7.440873e+01	 783.33	 749.99	 41.00	 48	 0.39	 
MRI_faces_115	 1	 7	 1052.jpg	 7.539232e+01	 12	 999000	 120	 999000	 999	 7.640912e+01	 783.33	 749.99	 16.00	 9	 0.70	 
MRI_faces_115	 1	 7	 2149.jpg	 7.739255e+01	 24	 999000	 240	 999000	 999	 7.840961e+01	 783.33	 749.99	 54.00	 49	 0.19	 
MRI_faces_115	 1	 7	 2039.jpg	 7.939303e+01	 11	 1.060136e+03	 1100	 7.836967e+02	 98	 8.040997e+01	 733.33	 749.99	 13.00	 35	 0.71	 
MRI_faces_115	 1	 7	 2015.jpg	 8.239354e+01	 12	 999000	 120	 999000	 999	 8.341203e+01	 733.33	 749.99	 4.00	 33	 0.85	 
MRI_faces_115	 1	 7	 1073.jpg	 8.639417e+01	 24	 999000	 240	 999000	 999	 8.741209e+01	 733.33	 749.99	 39.00	 11	 0.40	 
MRI_faces_115	 1	 7	 1191.jpg	 8.839458e+01	 24	 999000	 240	 999000	 999	 8.941212e+01	 733.33	 749.99	 49.00	 21	 0.22	 
MRI_faces_115	 1	 7	 1204.jpg	 9.037850e+01	 22	 9.836389e+02	 220	 7.502829e+02	 98	 9.139540e+01	 733.33	 766.66	 52.00	 24	 0.21	 
MRI_faces_115	 1	 7	 1246.jpg	 9.437870e+01	 24	 999000	 240	 999000	 999	 9.539575e+01	 733.33	 766.66	 46.00	 28	 0.35	 
MRI_faces_115	 1	 7	 1080.jpg	 9.637934e+01	 12	 999000	 120	 999000	 999	 9.739612e+01	 733.33	 766.66	 9.00	 12	 0.76	 
MRI_faces_115	 1	 7	 1216.jpg	 9.837959e+01	 11	 9.525476e+02	 110	 7.335847e+02	 98	 9.939651e+01	 750.00	 766.66	 18.00	 26	 0.68	 
MRI_faces_115	 1	 7	 1007.jpg	 1.023804e+02	 12	 999000	 120	 999000	 999	 1.033971e+02	 750.00	 766.66	 11.00	 1	 0.73	 
MRI_faces_115	 1	 7	 1017.jpg	 1.063811e+02	 22	 9.790318e+02	 220	 7.669504e+02	 98	 1.073978e+02	 750.00	 783.33	 50.00	 3	 0.22	 
MRI_faces_115	 1	 7	 2212.jpg	 1.083814e+02	 12	 999000	 120	 999000	 999	 1.093982e+02	 750.00	 783.33	 20.00	 56	 0.63	 
MRI_faces_115	 1	 7	 1173.jpg	 1.103817e+02	 24	 999000	 240	 999000	 999	 1.113985e+02	 750.00	 783.33	 57.00	 19	 0.15	 
MRI_faces_115	 1	 7	 2153.jpg	 1.123821e+02	 11	 9.300560e+02	 110	 7.502790e+02	 98	 1.133989e+02	 766.67	 783.33	 12.00	 50	 0.72	 
MRI_faces_115	 1	 7	 2181.jpg	 1.143825e+02	 12	 999000	 120	 999000	 999	 1.153993e+02	 766.67	 783.33	 22.00	 53	 0.62	 
MRI_faces_115	 1	 7	 2043.jpg	 1.203835e+02	 11	 9.516247e+02	 110	 7.669394e+02	 98	 1.214003e+02	 783.33	 783.33	 15.00	 37	 0.70	 
MRI_faces_115	 1	 7	 2041.jpg	 1.223840e+02	 24	 999000	 240	 999000	 999	 1.234007e+02	 783.33	 783.33	 51.00	 36	 0.21	 
