subjectID	 order	 runNum	 itemName	 onsetTime	 shuff_trialType	 RT	 respInTime	 AudioTime	 response	 fixationTime	 ladder1	 ladder2	 bidIndex	 itemNameIndex	 bidValue	 
MRI_faces_108	 2	 1	 1246.jpg	 2.380008e+00	 24	 999000	 240	 999000	 999	 3.398885e+00	 750.00	 750.00	 45.00	 28	 0.34	 
MRI_faces_108	 2	 1	 1013.jpg	 6.362525e+00	 12	 999000	 120	 999000	 999	 7.379555e+00	 750.00	 750.00	 7.00	 2	 0.76	 
MRI_faces_108	 2	 1	 2024.jpg	 8.363230e+00	 12	 999000	 120	 999000	 999	 9.379917e+00	 750.00	 750.00	 20.00	 34	 0.60	 
MRI_faces_108	 2	 1	 2125.jpg	 1.337946e+01	 11	 9.999076e+02	 110	 7.563516e+02	 98	 1.440060e+01	 766.67	 750.00	 8.00	 47	 0.74	 
MRI_faces_108	 2	 1	 1017.jpg	 1.536437e+01	 12	 999000	 120	 999000	 999	 1.638124e+01	 766.67	 750.00	 18.00	 3	 0.60	 
MRI_faces_108	 2	 1	 1226.jpg	 1.736480e+01	 12	 999000	 120	 999000	 999	 1.838150e+01	 766.67	 750.00	 21.00	 27	 0.60	 
MRI_faces_108	 2	 1	 1031.jpg	 2.136548e+01	 12	 999000	 120	 999000	 999	 2.238228e+01	 766.67	 750.00	 22.00	 6	 0.59	 
MRI_faces_108	 2	 1	 1027.jpg	 2.336584e+01	 11	 9.745343e+02	 110	 7.669871e+02	 98	 2.438261e+01	 783.33	 750.00	 11.00	 5	 0.72	 
MRI_faces_108	 2	 1	 2164.jpg	 2.536622e+01	 24	 999000	 240	 999000	 999	 2.638299e+01	 783.33	 750.00	 39.00	 52	 0.43	 
MRI_faces_108	 2	 1	 2212.jpg	 2.836667e+01	 12	 999000	 120	 999000	 999	 2.938357e+01	 783.33	 750.00	 6.00	 56	 0.77	 
MRI_faces_108	 2	 1	 2110.jpg	 3.036698e+01	 24	 999000	 240	 999000	 999	 3.138383e+01	 783.33	 750.00	 57.00	 44	 0.19	 
MRI_faces_108	 2	 1	 1007.jpg	 3.436779e+01	 11	 9.755811e+02	 110	 7.836088e+02	 98	 3.538455e+01	 800.00	 750.00	 16.00	 1	 0.62	 
MRI_faces_108	 2	 1	 2118.jpg	 4.036881e+01	 11	 1.008558e+03	 1100	 8.003405e+02	 98	 4.138626e+01	 750.00	 750.00	 14.00	 46	 0.63	 
MRI_faces_108	 2	 1	 1216.jpg	 4.336927e+01	 22	 9.991010e+02	 220	 7.525955e+02	 98	 4.438598e+01	 750.00	 766.67	 43.00	 26	 0.37	 
MRI_faces_108	 2	 1	 2194.jpg	 4.536967e+01	 22	 9.417072e+02	 220	 7.669527e+02	 98	 4.638670e+01	 750.00	 783.33	 49.00	 54	 0.31	 
MRI_faces_108	 2	 1	 2128.jpg	 4.736999e+01	 24	 999000	 240	 999000	 999	 4.838683e+01	 750.00	 783.33	 44.00	 48	 0.34	 
MRI_faces_108	 2	 1	 2155.jpg	 4.937039e+01	 24	 999000	 240	 999000	 999	 5.038714e+01	 750.00	 783.33	 47.00	 51	 0.34	 
MRI_faces_108	 2	 1	 1080.jpg	 5.137077e+01	 24	 999000	 240	 999000	 999	 5.238757e+01	 750.00	 783.33	 58.00	 12	 0.16	 
MRI_faces_108	 2	 1	 1019.jpg	 5.437134e+01	 11	 9.300400e+02	 110	 7.503593e+02	 98	 5.538807e+01	 766.67	 783.33	 9.00	 4	 0.73	 
MRI_faces_108	 2	 1	 1035.jpg	 5.837211e+01	 24	 999000	 240	 999000	 999	 5.938882e+01	 766.67	 783.33	 55.00	 7	 0.24	 
MRI_faces_108	 2	 1	 1114.jpg	 6.137257e+01	 11	 9.488004e+02	 110	 7.669299e+02	 98	 6.238935e+01	 783.33	 783.33	 17.00	 13	 0.62	 
MRI_faces_108	 2	 1	 2043.jpg	 6.537321e+01	 22	 3.721518e+02	 22	 7.836528e+02	 98	 6.639005e+01	 783.33	 800.00	 48.00	 37	 0.32	 
MRI_faces_108	 2	 1	 1073.jpg	 7.037409e+01	 12	 999000	 120	 999000	 999	 7.139093e+01	 783.33	 800.00	 15.00	 11	 0.62	 
MRI_faces_108	 2	 1	 1130.jpg	 7.437486e+01	 24	 999000	 240	 999000	 999	 7.539162e+01	 783.33	 800.00	 40.00	 15	 0.42	 
MRI_faces_108	 2	 1	 1173.jpg	 7.737526e+01	 22	 1.060134e+03	 2200	 8.002774e+02	 98	 7.839216e+01	 783.33	 750.00	 46.00	 19	 0.34	 
MRI_faces_108	 2	 1	 2063.jpg	 7.937565e+01	 12	 999000	 120	 999000	 999	 8.039253e+01	 783.33	 750.00	 5.00	 41	 0.81	 
MRI_faces_108	 2	 1	 2153.jpg	 8.137605e+01	 12	 999000	 120	 999000	 999	 8.239288e+01	 783.33	 750.00	 10.00	 50	 0.72	 
MRI_faces_108	 2	 1	 2058.jpg	 8.837725e+01	 24	 999000	 240	 999000	 999	 8.939407e+01	 783.33	 750.00	 53.00	 40	 0.29	 
MRI_faces_108	 2	 1	 2039.jpg	 9.137779e+01	 12	 999000	 120	 999000	 999	 9.239465e+01	 783.33	 750.00	 19.00	 35	 0.60	 
MRI_faces_108	 2	 1	 2053.jpg	 9.337807e+01	 22	 1.044330e+03	 2200	 7.502714e+02	 98	 9.439495e+01	 783.33	 700.00	 51.00	 39	 0.30	 
MRI_faces_108	 2	 1	 1052.jpg	 9.737886e+01	 24	 999000	 240	 999000	 999	 9.839749e+01	 783.33	 700.00	 56.00	 9	 0.24	 
MRI_faces_108	 2	 1	 1202.jpg	 9.937920e+01	 24	 999000	 240	 999000	 999	 1.003974e+02	 783.33	 700.00	 42.00	 23	 0.40	 
MRI_faces_108	 2	 1	 1183.jpg	 1.023641e+02	 24	 999000	 240	 999000	 999	 1.033808e+02	 783.33	 700.00	 52.00	 20	 0.30	 
MRI_faces_108	 2	 1	 2094.jpg	 1.043643e+02	 12	 999000	 120	 999000	 999	 1.053809e+02	 783.33	 700.00	 12.00	 43	 0.71	 
MRI_faces_108	 2	 1	 2006.jpg	 1.083640e+02	 12	 999000	 120	 999000	 999	 1.093809e+02	 783.33	 700.00	 3.00	 31	 0.82	 
MRI_faces_108	 2	 1	 1146.jpg	 1.103645e+02	 24	 999000	 240	 999000	 999	 1.113813e+02	 783.33	 700.00	 50.00	 17	 0.31	 
MRI_faces_108	 2	 1	 2149.jpg	 1.143652e+02	 22	 9.092134e+02	 220	 7.003509e+02	 98	 1.153820e+02	 783.33	 716.67	 54.00	 49	 0.26	 
MRI_faces_108	 2	 1	 1060.jpg	 1.173657e+02	 24	 999000	 240	 999000	 999	 1.183825e+02	 783.33	 716.67	 41.00	 10	 0.41	 
MRI_faces_108	 2	 1	 2229.jpg	 1.193661e+02	 12	 999000	 120	 999000	 999	 1.203828e+02	 783.33	 716.67	 13.00	 58	 0.69	 
MRI_faces_108	 2	 1	 2181.jpg	 1.223666e+02	 12	 999000	 120	 999000	 999	 1.233834e+02	 783.33	 716.67	 4.00	 53	 0.81	 
