subjectID	 order	 runNum	 itemName	 onsetTime	 shuff_trialType	 RT	 respInTime	 AudioTime	 response	 fixationTime	 ladder1	 ladder2	 bidIndex	 itemNameIndex	 bidValue	 
MRI_faces_138	 2	 4	 2063.jpg	 1.241982e+02	 11	 9.590867e+02	 110	 7.169664e+02	 98	 1.252150e+02	 733.34	 716.67	 11.00	 41	 0.72	 
MRI_faces_138	 2	 4	 1216.jpg	 1.291991e+02	 24	 999000	 240	 999000	 999	 1.302159e+02	 733.34	 716.67	 45.00	 26	 0.32	 
MRI_faces_138	 2	 4	 1013.jpg	 1.311994e+02	 24	 999000	 240	 999000	 999	 1.322162e+02	 733.34	 716.67	 56.00	 2	 0.19	 
MRI_faces_138	 2	 4	 2112.jpg	 1.342000e+02	 11	 9.752995e+02	 110	 7.336723e+02	 98	 1.352168e+02	 750.00	 716.67	 8.00	 45	 0.77	 
MRI_faces_138	 2	 4	 1031.jpg	 1.372005e+02	 12	 999000	 120	 999000	 999	 1.382173e+02	 750.00	 716.67	 10.00	 6	 0.75	 
MRI_faces_138	 2	 4	 2015.jpg	 1.441986e+02	 12	 999000	 120	 999000	 999	 1.452151e+02	 750.00	 716.67	 18.00	 33	 0.64	 
MRI_faces_138	 2	 4	 2164.jpg	 1.461985e+02	 12	 999000	 120	 999000	 999	 1.472151e+02	 750.00	 716.67	 20.00	 52	 0.64	 
MRI_faces_138	 2	 4	 1255.jpg	 1.501986e+02	 24	 999000	 240	 999000	 999	 1.512152e+02	 750.00	 716.67	 58.00	 29	 0.16	 
MRI_faces_138	 2	 4	 2089.jpg	 1.521986e+02	 11	 1.067622e+03	 1100	 7.502707e+02	 98	 1.532153e+02	 700.00	 716.67	 14.00	 42	 0.71	 
MRI_faces_138	 2	 4	 2155.jpg	 1.571987e+02	 12	 999000	 120	 999000	 999	 1.582153e+02	 700.00	 716.67	 19.00	 51	 0.64	 
MRI_faces_138	 2	 4	 2149.jpg	 1.611988e+02	 24	 999000	 240	 999000	 999	 1.622154e+02	 700.00	 716.67	 57.00	 49	 0.19	 
MRI_faces_138	 2	 4	 2058.jpg	 1.631988e+02	 24	 999000	 240	 999000	 999	 1.642155e+02	 700.00	 716.67	 47.00	 40	 0.31	 
MRI_faces_138	 2	 4	 2094.jpg	 1.661988e+02	 12	 999000	 120	 999000	 999	 1.672155e+02	 700.00	 716.67	 3.00	 43	 0.85	 
MRI_faces_138	 2	 4	 2128.jpg	 1.691989e+02	 24	 999000	 240	 999000	 999	 1.702155e+02	 700.00	 716.67	 40.00	 48	 0.35	 
MRI_faces_138	 2	 4	 1183.jpg	 1.731990e+02	 24	 999000	 240	 999000	 999	 1.742156e+02	 700.00	 716.67	 42.00	 20	 0.35	 
MRI_faces_138	 2	 4	 2053.jpg	 1.771990e+02	 12	 999000	 120	 999000	 999	 1.782157e+02	 700.00	 716.67	 12.00	 39	 0.71	 
MRI_faces_138	 2	 4	 1146.jpg	 1.811990e+02	 22	 9.531987e+02	 220	 7.169368e+02	 98	 1.822158e+02	 700.00	 733.34	 48.00	 17	 0.30	 
MRI_faces_138	 2	 4	 2110.jpg	 1.841991e+02	 24	 999000	 240	 999000	 999	 1.852158e+02	 700.00	 733.34	 39.00	 44	 0.39	 
MRI_faces_138	 2	 4	 1262.jpg	 1.871991e+02	 22	 1.170134e+03	 2200	 7.336142e+02	 98	 1.882158e+02	 700.00	 683.34	 51.00	 30	 0.25	 
MRI_faces_138	 2	 4	 1007.jpg	 1.901992e+02	 24	 999000	 240	 999000	 999	 1.912159e+02	 700.00	 683.34	 50.00	 1	 0.28	 
MRI_faces_138	 2	 4	 1150.jpg	 1.921993e+02	 24	 999000	 240	 999000	 999	 1.932159e+02	 700.00	 683.34	 44.00	 18	 0.32	 
MRI_faces_138	 2	 4	 2218.jpg	 1.951993e+02	 11	 8.959502e+02	 110	 7.002658e+02	 98	 1.962159e+02	 716.67	 683.34	 16.00	 57	 0.67	 
MRI_faces_138	 2	 4	 1210.jpg	 1.971994e+02	 12	 999000	 120	 999000	 999	 1.982159e+02	 716.67	 683.34	 22.00	 25	 0.62	 
MRI_faces_138	 2	 4	 2153.jpg	 1.991993e+02	 12	 999000	 120	 999000	 999	 2.002160e+02	 716.67	 683.34	 4.00	 50	 0.83	 
MRI_faces_138	 2	 4	 1192.jpg	 2.011993e+02	 24	 999000	 240	 999000	 999	 2.022160e+02	 716.67	 683.34	 53.00	 22	 0.23	 
MRI_faces_138	 2	 4	 2041.jpg	 2.041995e+02	 24	 999000	 240	 999000	 999	 2.052161e+02	 716.67	 683.34	 41.00	 36	 0.35	 
MRI_faces_138	 2	 4	 2006.jpg	 2.081995e+02	 12	 999000	 120	 999000	 999	 2.092161e+02	 716.67	 683.34	 7.00	 31	 0.81	 
MRI_faces_138	 2	 4	 2125.jpg	 2.101996e+02	 11	 9.196869e+02	 110	 7.169924e+02	 98	 2.112161e+02	 733.34	 683.34	 9.00	 47	 0.76	 
MRI_faces_138	 2	 4	 1027.jpg	 2.121995e+02	 24	 999000	 240	 999000	 999	 2.132162e+02	 733.34	 683.34	 52.00	 5	 0.25	 
MRI_faces_138	 2	 4	 1114.jpg	 2.161997e+02	 11	 9.875991e+02	 110	 7.336190e+02	 98	 2.172163e+02	 750.00	 683.34	 17.00	 13	 0.65	 
MRI_faces_138	 2	 4	 1173.jpg	 2.181997e+02	 24	 999000	 240	 999000	 999	 2.192163e+02	 750.00	 683.34	 55.00	 19	 0.20	 
MRI_faces_138	 2	 4	 1202.jpg	 2.201997e+02	 22	 9.295332e+02	 220	 6.836041e+02	 98	 2.212163e+02	 750.00	 700.00	 46.00	 23	 0.31	 
MRI_faces_138	 2	 4	 1246.jpg	 2.241998e+02	 22	 9.654492e+02	 220	 7.002746e+02	 98	 2.252164e+02	 750.00	 716.67	 54.00	 28	 0.22	 
MRI_faces_138	 2	 4	 2212.jpg	 2.281998e+02	 12	 999000	 120	 999000	 999	 2.292167e+02	 750.00	 716.67	 6.00	 56	 0.82	 
MRI_faces_138	 2	 4	 1127.jpg	 2.302001e+02	 22	 9.601145e+02	 220	 7.169361e+02	 98	 2.312170e+02	 750.00	 733.34	 43.00	 14	 0.33	 
MRI_faces_138	 2	 4	 1035.jpg	 2.322005e+02	 12	 999000	 120	 999000	 999	 2.332173e+02	 750.00	 733.34	 13.00	 7	 0.71	 
MRI_faces_138	 2	 4	 2039.jpg	 2.342009e+02	 12	 999000	 120	 999000	 999	 2.352177e+02	 750.00	 733.34	 15.00	 35	 0.70	 
MRI_faces_138	 2	 4	 1019.jpg	 2.361999e+02	 22	 9.813086e+02	 220	 7.335971e+02	 98	 2.372180e+02	 750.00	 750.00	 49.00	 4	 0.29	 
MRI_faces_138	 2	 4	 2181.jpg	 2.422000e+02	 12	 999000	 120	 999000	 999	 2.432167e+02	 750.00	 750.00	 5.00	 53	 0.82	 
MRI_faces_138	 2	 4	 1191.jpg	 2.442000e+02	 12	 999000	 120	 999000	 999	 2.452167e+02	 750.00	 750.00	 21.00	 21	 0.62	 
