subjectID	 order	 runNum	 itemName	 onsetTime	 shuff_trialType	 RT	 respInTime	 AudioTime	 response	 fixationTime	 ladder1	 ladder2	 bidIndex	 itemNameIndex	 bidValue	 
MRI_faces_105	 1	 2	 2058.jpg	 1.241678e+02	 24	 999000	 240	 999000	 999	 1.251846e+02	 783.33	 716.67	 55.00	 40	 0.19	 
MRI_faces_105	 1	 2	 1035.jpg	 1.271553e+02	 12	 999000	 120	 999000	 999	 1.281720e+02	 783.33	 716.67	 3.00	 7	 0.85	 
MRI_faces_105	 1	 2	 1216.jpg	 1.311554e+02	 11	 9.499363e+02	 110	 7.836344e+02	 98	 1.321720e+02	 800.00	 716.67	 12.00	 26	 0.71	 
MRI_faces_105	 1	 2	 1145.jpg	 1.341554e+02	 24	 999000	 240	 999000	 999	 1.351720e+02	 800.00	 716.67	 42.00	 16	 0.40	 
MRI_faces_105	 1	 2	 1210.jpg	 1.381555e+02	 12	 999000	 120	 999000	 999	 1.391722e+02	 800.00	 716.67	 21.00	 25	 0.63	 
MRI_faces_105	 1	 2	 1262.jpg	 1.411556e+02	 12	 999000	 120	 999000	 999	 1.421722e+02	 800.00	 716.67	 9.00	 30	 0.75	 
MRI_faces_105	 1	 2	 1192.jpg	 1.431556e+02	 12	 999000	 120	 999000	 999	 1.441722e+02	 800.00	 716.67	 5.00	 22	 0.82	 
MRI_faces_105	 1	 2	 1202.jpg	 1.461556e+02	 24	 999000	 240	 999000	 999	 1.471723e+02	 800.00	 716.67	 39.00	 23	 0.41	 
MRI_faces_105	 1	 2	 2024.jpg	 1.491557e+02	 22	 9.565948e+02	 220	 7.169658e+02	 98	 1.501723e+02	 800.00	 733.34	 44.00	 34	 0.38	 
MRI_faces_105	 1	 2	 1226.jpg	 1.541564e+02	 12	 999000	 120	 999000	 999	 1.551732e+02	 800.00	 733.34	 17.00	 27	 0.68	 
MRI_faces_105	 1	 2	 1183.jpg	 1.561567e+02	 24	 999000	 240	 999000	 999	 1.571736e+02	 800.00	 733.34	 57.00	 20	 0.17	 
MRI_faces_105	 1	 2	 1204.jpg	 1.581571e+02	 24	 999000	 240	 999000	 999	 1.591739e+02	 800.00	 733.34	 54.00	 24	 0.20	 
MRI_faces_105	 1	 2	 2240.jpg	 1.621580e+02	 11	 9.723591e+02	 110	 8.002746e+02	 98	 1.631748e+02	 816.66	 733.34	 18.00	 59	 0.67	 
MRI_faces_105	 1	 2	 2010.jpg	 1.691590e+02	 24	 999000	 240	 999000	 999	 1.701758e+02	 816.66	 733.34	 41.00	 32	 0.40	 
MRI_faces_105	 1	 2	 1060.jpg	 1.711594e+02	 24	 999000	 240	 999000	 999	 1.721762e+02	 816.66	 733.34	 49.00	 10	 0.28	 
MRI_faces_105	 1	 2	 2089.jpg	 1.731598e+02	 22	 9.625349e+02	 220	 7.336099e+02	 98	 1.741765e+02	 816.66	 750.00	 50.00	 42	 0.27	 
MRI_faces_105	 1	 2	 2181.jpg	 1.751600e+02	 12	 999000	 120	 999000	 999	 1.761769e+02	 816.66	 750.00	 6.00	 53	 0.82	 
MRI_faces_105	 1	 2	 1146.jpg	 1.771604e+02	 24	 999000	 240	 999000	 999	 1.781772e+02	 816.66	 750.00	 43.00	 17	 0.39	 
MRI_faces_105	 1	 2	 2153.jpg	 1.791608e+02	 24	 999000	 240	 999000	 999	 1.801777e+02	 816.66	 750.00	 46.00	 50	 0.30	 
MRI_faces_105	 1	 2	 1013.jpg	 1.821613e+02	 12	 999000	 120	 999000	 999	 1.831782e+02	 816.66	 750.00	 14.00	 2	 0.70	 
MRI_faces_105	 1	 2	 1073.jpg	 1.841617e+02	 12	 999000	 120	 999000	 999	 1.851785e+02	 816.66	 750.00	 4.00	 11	 0.83	 
MRI_faces_105	 1	 2	 2110.jpg	 1.861620e+02	 24	 999000	 240	 999000	 999	 1.871788e+02	 816.66	 750.00	 58.00	 44	 0.13	 
MRI_faces_105	 1	 2	 2112.jpg	 1.901627e+02	 22	 9.976540e+02	 220	 7.503015e+02	 98	 1.911793e+02	 816.66	 766.67	 53.00	 45	 0.23	 
MRI_faces_105	 1	 2	 1114.jpg	 1.941635e+02	 12	 999000	 120	 999000	 999	 1.951802e+02	 816.66	 766.67	 11.00	 13	 0.73	 
MRI_faces_105	 1	 2	 2164.jpg	 2.001645e+02	 12	 999000	 120	 999000	 999	 2.011813e+02	 816.66	 766.67	 19.00	 52	 0.66	 
MRI_faces_105	 1	 2	 2045.jpg	 2.021649e+02	 24	 999000	 240	 999000	 999	 2.031816e+02	 816.66	 766.67	 56.00	 38	 0.18	 
MRI_faces_105	 1	 2	 2194.jpg	 2.041652e+02	 24	 999000	 240	 999000	 999	 2.051820e+02	 816.66	 766.67	 40.00	 54	 0.41	 
MRI_faces_105	 1	 2	 1019.jpg	 2.061655e+02	 22	 9.968347e+02	 220	 7.669351e+02	 98	 2.071824e+02	 816.66	 783.34	 47.00	 4	 0.28	 
MRI_faces_105	 1	 2	 1127.jpg	 2.101663e+02	 11	 1.100089e+03	 1100	 8.169478e+02	 98	 2.111831e+02	 766.66	 783.34	 10.00	 14	 0.75	 
MRI_faces_105	 1	 2	 2128.jpg	 2.121666e+02	 24	 999000	 240	 999000	 999	 2.131834e+02	 766.66	 783.34	 48.00	 48	 0.28	 
MRI_faces_105	 1	 2	 2094.jpg	 2.141669e+02	 11	 9.844452e+02	 110	 7.669374e+02	 98	 2.151837e+02	 783.33	 783.34	 13.00	 43	 0.71	 
MRI_faces_105	 1	 2	 2118.jpg	 2.161566e+02	 12	 999000	 120	 999000	 999	 2.171733e+02	 783.33	 783.34	 8.00	 46	 0.76	 
MRI_faces_105	 1	 2	 2063.jpg	 2.201567e+02	 12	 999000	 120	 999000	 999	 2.211734e+02	 783.33	 783.34	 16.00	 41	 0.69	 
MRI_faces_105	 1	 2	 2218.jpg	 2.241568e+02	 11	 1.004547e+03	 1100	 7.836174e+02	 98	 2.251767e+02	 733.33	 783.34	 15.00	 57	 0.70	 
MRI_faces_105	 1	 2	 2039.jpg	 2.271568e+02	 22	 1.047550e+03	 2200	 7.836186e+02	 98	 2.281735e+02	 733.33	 733.34	 52.00	 35	 0.23	 
MRI_faces_105	 1	 2	 2053.jpg	 2.321570e+02	 11	 9.633773e+02	 110	 7.336307e+02	 98	 2.331736e+02	 750.00	 733.34	 7.00	 39	 0.78	 
MRI_faces_105	 1	 2	 2229.jpg	 2.341570e+02	 24	 999000	 240	 999000	 999	 2.351736e+02	 750.00	 733.34	 51.00	 58	 0.23	 
MRI_faces_105	 1	 2	 1255.jpg	 2.371570e+02	 12	 999000	 120	 999000	 999	 2.381736e+02	 750.00	 733.34	 20.00	 29	 0.65	 
MRI_faces_105	 1	 2	 1031.jpg	 2.411570e+02	 12	 999000	 120	 999000	 999	 2.421737e+02	 750.00	 733.34	 22.00	 6	 0.61	 
MRI_faces_105	 1	 2	 1017.jpg	 2.441571e+02	 22	 9.912497e+02	 220	 7.336236e+02	 98	 2.451738e+02	 750.00	 750.00	 45.00	 3	 0.36	 
