subjectID	 order	 runNum	 itemName	 onsetTime	 shuff_trialType	 RT	 respInTime	 AudioTime	 response	 fixationTime	 ladder1	 ladder2	 bidIndex	 itemNameIndex	 bidValue	 
MRI_faces_130	 2	 2	 2015.jpg	 1.241680e+02	 11	 9.238789e+02	 110	 7.227948e+02	 98	 1.251850e+02	 733.34	 783.33	 16.00	 33	 0.64	 
MRI_faces_130	 2	 2	 2053.jpg	 1.281688e+02	 11	 9.520786e+02	 110	 7.336190e+02	 98	 1.291856e+02	 750.00	 783.33	 14.00	 39	 0.64	 
MRI_faces_130	 2	 2	 1150.jpg	 1.301691e+02	 22	 9.447968e+02	 220	 7.836225e+02	 98	 1.311860e+02	 750.00	 800.00	 51.00	 18	 0.29	 
MRI_faces_130	 2	 2	 1192.jpg	 1.351701e+02	 24	 999000	 240	 999000	 999	 1.361868e+02	 750.00	 800.00	 53.00	 22	 0.27	 
MRI_faces_130	 2	 2	 1216.jpg	 1.371703e+02	 12	 999000	 120	 999000	 999	 1.381872e+02	 750.00	 800.00	 4.00	 26	 0.82	 
MRI_faces_130	 2	 2	 1114.jpg	 1.391708e+02	 11	 1.010128e+03	 1100	 7.502900e+02	 98	 1.401883e+02	 700.00	 800.00	 8.00	 13	 0.78	 
MRI_faces_130	 2	 2	 1146.jpg	 1.431715e+02	 22	 1.001460e+03	 2200	 8.002797e+02	 98	 1.441883e+02	 700.00	 750.00	 46.00	 17	 0.33	 
MRI_faces_130	 2	 2	 2229.jpg	 1.451718e+02	 24	 999000	 240	 999000	 999	 1.461886e+02	 700.00	 750.00	 50.00	 58	 0.31	 
MRI_faces_130	 2	 2	 2218.jpg	 1.471721e+02	 24	 999000	 240	 999000	 999	 1.481889e+02	 700.00	 750.00	 42.00	 57	 0.37	 
MRI_faces_130	 2	 2	 2063.jpg	 1.501727e+02	 11	 8.902124e+02	 110	 7.002793e+02	 98	 1.511895e+02	 716.67	 750.00	 11.00	 41	 0.72	 
MRI_faces_130	 2	 2	 1127.jpg	 1.521730e+02	 24	 999000	 240	 999000	 999	 1.531898e+02	 716.67	 750.00	 41.00	 14	 0.38	 
MRI_faces_130	 2	 2	 1019.jpg	 1.561737e+02	 12	 999000	 120	 999000	 999	 1.571906e+02	 716.67	 750.00	 18.00	 4	 0.61	 
MRI_faces_130	 2	 2	 2212.jpg	 1.621748e+02	 11	 8.901700e+02	 110	 7.169540e+02	 98	 1.631915e+02	 733.34	 750.00	 9.00	 56	 0.76	 
MRI_faces_130	 2	 2	 2164.jpg	 1.651753e+02	 24	 999000	 240	 999000	 999	 1.661921e+02	 733.34	 750.00	 47.00	 52	 0.33	 
MRI_faces_130	 2	 2	 2010.jpg	 1.671756e+02	 24	 999000	 240	 999000	 999	 1.681925e+02	 733.34	 750.00	 39.00	 32	 0.42	 
MRI_faces_130	 2	 2	 1060.jpg	 1.691760e+02	 24	 999000	 240	 999000	 999	 1.701928e+02	 733.34	 750.00	 44.00	 10	 0.36	 
MRI_faces_130	 2	 2	 1035.jpg	 1.711764e+02	 12	 999000	 120	 999000	 999	 1.721932e+02	 733.34	 750.00	 3.00	 7	 0.84	 
MRI_faces_130	 2	 2	 1262.jpg	 1.731767e+02	 24	 999000	 240	 999000	 999	 1.741935e+02	 733.34	 750.00	 52.00	 30	 0.27	 
MRI_faces_130	 2	 2	 2248.jpg	 1.761654e+02	 12	 999000	 120	 999000	 999	 1.771821e+02	 733.34	 750.00	 19.00	 60	 0.60	 
MRI_faces_130	 2	 2	 2089.jpg	 1.801654e+02	 12	 999000	 120	 999000	 999	 1.811822e+02	 733.34	 750.00	 12.00	 42	 0.70	 
MRI_faces_130	 2	 2	 1183.jpg	 1.831655e+02	 22	 9.804240e+02	 220	 7.503269e+02	 98	 1.841822e+02	 733.34	 766.66	 48.00	 20	 0.32	 
MRI_faces_130	 2	 2	 1210.jpg	 1.871656e+02	 12	 999000	 120	 999000	 999	 1.881822e+02	 733.34	 766.66	 10.00	 25	 0.72	 
MRI_faces_130	 2	 2	 1080.jpg	 1.921656e+02	 22	 1.004301e+03	 2200	 7.669439e+02	 98	 1.931827e+02	 733.34	 716.66	 43.00	 12	 0.36	 
MRI_faces_130	 2	 2	 2045.jpg	 1.961657e+02	 24	 999000	 240	 999000	 999	 1.971824e+02	 733.34	 716.66	 45.00	 38	 0.33	 
MRI_faces_130	 2	 2	 2112.jpg	 1.991658e+02	 12	 999000	 120	 999000	 999	 2.001824e+02	 733.34	 716.66	 21.00	 45	 0.59	 
MRI_faces_130	 2	 2	 2149.jpg	 2.011657e+02	 24	 999000	 240	 999000	 999	 2.021824e+02	 733.34	 716.66	 40.00	 49	 0.40	 
MRI_faces_130	 2	 2	 1202.jpg	 2.031658e+02	 12	 999000	 120	 999000	 999	 2.041824e+02	 733.34	 716.66	 15.00	 23	 0.64	 
MRI_faces_130	 2	 2	 2039.jpg	 2.101665e+02	 24	 999000	 240	 999000	 999	 2.111833e+02	 733.34	 716.66	 58.00	 35	 0.22	 
MRI_faces_130	 2	 2	 2041.jpg	 2.131670e+02	 22	 9.638866e+02	 220	 7.169471e+02	 98	 2.141839e+02	 733.34	 733.33	 49.00	 36	 0.31	 
MRI_faces_130	 2	 2	 1204.jpg	 2.151676e+02	 11	 9.593255e+02	 110	 7.336540e+02	 98	 2.161844e+02	 750.00	 733.33	 17.00	 24	 0.62	 
MRI_faces_130	 2	 2	 2118.jpg	 2.191681e+02	 12	 999000	 120	 999000	 999	 2.201849e+02	 750.00	 733.33	 22.00	 46	 0.57	 
MRI_faces_130	 2	 2	 1073.jpg	 2.211685e+02	 24	 999000	 240	 999000	 999	 2.221852e+02	 750.00	 733.33	 57.00	 11	 0.24	 
MRI_faces_130	 2	 2	 2125.jpg	 2.241690e+02	 12	 999000	 120	 999000	 999	 2.251859e+02	 750.00	 733.33	 20.00	 47	 0.59	 
MRI_faces_130	 2	 2	 2043.jpg	 2.261693e+02	 12	 999000	 120	 999000	 999	 2.271861e+02	 750.00	 733.33	 13.00	 37	 0.65	 
MRI_faces_130	 2	 2	 1173.jpg	 2.301701e+02	 24	 999000	 240	 999000	 999	 2.311869e+02	 750.00	 733.33	 55.00	 19	 0.25	 
MRI_faces_130	 2	 2	 1226.jpg	 2.321704e+02	 24	 999000	 240	 999000	 999	 2.331872e+02	 750.00	 733.33	 56.00	 27	 0.24	 
MRI_faces_130	 2	 2	 1191.jpg	 2.361711e+02	 12	 999000	 120	 999000	 999	 2.371880e+02	 750.00	 733.33	 7.00	 21	 0.79	 
MRI_faces_130	 2	 2	 1031.jpg	 2.391716e+02	 12	 999000	 120	 999000	 999	 2.401885e+02	 750.00	 733.33	 6.00	 6	 0.81	 
MRI_faces_130	 2	 2	 2110.jpg	 2.411720e+02	 22	 8.909039e+02	 220	 7.336075e+02	 98	 2.421887e+02	 750.00	 750.00	 54.00	 44	 0.25	 
MRI_faces_130	 2	 2	 2181.jpg	 2.441725e+02	 12	 999000	 120	 999000	 999	 2.451893e+02	 750.00	 750.00	 5.00	 53	 0.82	 
