subjectID	 order	 runNum	 itemName	 onsetTime	 shuff_trialType	 RT	 respInTime	 AudioTime	 response	 fixationTime	 ladder1	 ladder2	 bidIndex	 itemNameIndex	 bidValue	 
MRI_faces_146	 2	 4	 2194.jpg	 1.242453e+02	 24	 999000	 240	 999000	 999	 1.252620e+02	 583.34	 583.34	 53.00	 54	 0.23	 
MRI_faces_146	 2	 4	 1019.jpg	 1.292352e+02	 22	 9.226449e+02	 220	 5.836403e+02	 98	 1.302523e+02	 583.34	 600.01	 54.00	 4	 0.21	 
MRI_faces_146	 2	 4	 2089.jpg	 1.312357e+02	 12	 999000	 120	 999000	 999	 1.322525e+02	 583.34	 600.01	 6.00	 42	 0.82	 
MRI_faces_146	 2	 4	 1127.jpg	 1.342362e+02	 24	 999000	 240	 999000	 999	 1.352530e+02	 583.34	 600.01	 50.00	 14	 0.26	 
MRI_faces_146	 2	 4	 2149.jpg	 1.372367e+02	 24	 999000	 240	 999000	 999	 1.382536e+02	 583.34	 600.01	 45.00	 49	 0.33	 
MRI_faces_146	 2	 4	 1204.jpg	 1.442379e+02	 24	 999000	 240	 999000	 999	 1.452550e+02	 583.34	 600.01	 42.00	 24	 0.36	 
MRI_faces_146	 2	 4	 2006.jpg	 1.462382e+02	 12	 999000	 120	 999000	 999	 1.472550e+02	 583.34	 600.01	 3.00	 31	 0.85	 
MRI_faces_146	 2	 4	 1226.jpg	 1.502390e+02	 24	 999000	 240	 999000	 999	 1.512558e+02	 583.34	 600.01	 58.00	 27	 0.13	 
MRI_faces_146	 2	 4	 2240.jpg	 1.522393e+02	 11	 9.205855e+02	 110	 5.836835e+02	 98	 1.532561e+02	 600.01	 600.01	 9.00	 59	 0.79	 
MRI_faces_146	 2	 4	 2155.jpg	 1.572402e+02	 22	 1.069662e+03	 2200	 6.002864e+02	 98	 1.582570e+02	 600.01	 550.01	 43.00	 51	 0.36	 
MRI_faces_146	 2	 4	 2110.jpg	 1.612409e+02	 24	 999000	 240	 999000	 999	 1.622578e+02	 600.01	 550.01	 55.00	 44	 0.20	 
MRI_faces_146	 2	 4	 2094.jpg	 1.632413e+02	 24	 999000	 240	 999000	 999	 1.642580e+02	 600.01	 550.01	 52.00	 43	 0.23	 
MRI_faces_146	 2	 4	 2063.jpg	 1.662418e+02	 12	 999000	 120	 999000	 999	 1.672586e+02	 600.01	 550.01	 21.00	 41	 0.62	 
MRI_faces_146	 2	 4	 2218.jpg	 1.692424e+02	 11	 999000	 1	 6.002576e+02	 999	 1.702591e+02	 550.01	 550.01	 16.00	 57	 0.72	 
MRI_faces_146	 2	 4	 1060.jpg	 1.732433e+02	 24	 999000	 240	 999000	 999	 1.742598e+02	 550.01	 550.01	 41.00	 10	 0.36	 
MRI_faces_146	 2	 4	 1192.jpg	 1.772295e+02	 24	 999000	 240	 999000	 999	 1.782461e+02	 550.01	 550.01	 57.00	 22	 0.16	 
MRI_faces_146	 2	 4	 2053.jpg	 1.812295e+02	 12	 999000	 120	 999000	 999	 1.822462e+02	 550.01	 550.01	 20.00	 39	 0.62	 
MRI_faces_146	 2	 4	 2125.jpg	 1.842297e+02	 12	 999000	 120	 999000	 999	 1.852463e+02	 550.01	 550.01	 4.00	 47	 0.83	 
MRI_faces_146	 2	 4	 1080.jpg	 1.872297e+02	 12	 999000	 120	 999000	 999	 1.882463e+02	 550.01	 550.01	 13.00	 12	 0.75	 
MRI_faces_146	 2	 4	 2229.jpg	 1.902297e+02	 12	 999000	 120	 999000	 999	 1.912463e+02	 550.01	 550.01	 5.00	 58	 0.82	 
MRI_faces_146	 2	 4	 2045.jpg	 1.922297e+02	 22	 8.801952e+02	 220	 5.502855e+02	 98	 1.932466e+02	 550.01	 566.67	 49.00	 38	 0.28	 
MRI_faces_146	 2	 4	 2058.jpg	 1.952302e+02	 12	 999000	 120	 999000	 999	 1.962470e+02	 550.01	 566.67	 12.00	 40	 0.75	 
MRI_faces_146	 2	 4	 2181.jpg	 1.972306e+02	 11	 8.172911e+02	 110	 5.503055e+02	 98	 1.982473e+02	 566.67	 566.67	 11.00	 53	 0.76	 
MRI_faces_146	 2	 4	 1262.jpg	 1.992311e+02	 22	 8.748228e+02	 220	 5.669552e+02	 98	 2.002477e+02	 566.67	 583.34	 51.00	 30	 0.25	 
MRI_faces_146	 2	 4	 2248.jpg	 2.012313e+02	 12	 999000	 120	 999000	 999	 2.022481e+02	 566.67	 583.34	 7.00	 60	 0.81	 
MRI_faces_146	 2	 4	 1013.jpg	 2.042318e+02	 24	 999000	 240	 999000	 999	 2.052486e+02	 566.67	 583.34	 47.00	 2	 0.30	 
MRI_faces_146	 2	 4	 2041.jpg	 2.082325e+02	 11	 8.624049e+02	 110	 5.669493e+02	 98	 2.092493e+02	 583.34	 583.34	 17.00	 36	 0.70	 
MRI_faces_146	 2	 4	 2153.jpg	 2.102329e+02	 11	 8.699454e+02	 110	 5.836827e+02	 98	 2.112497e+02	 600.01	 583.34	 8.00	 50	 0.80	 
MRI_faces_146	 2	 4	 1027.jpg	 2.122332e+02	 22	 8.607035e+02	 220	 5.836251e+02	 98	 2.132500e+02	 600.01	 600.01	 48.00	 5	 0.28	 
MRI_faces_146	 2	 4	 1255.jpg	 2.162340e+02	 12	 999000	 120	 999000	 999	 2.172507e+02	 600.01	 600.01	 18.00	 29	 0.65	 
MRI_faces_146	 2	 4	 2010.jpg	 2.182343e+02	 12	 999000	 120	 999000	 999	 2.192512e+02	 600.01	 600.01	 10.00	 32	 0.78	 
MRI_faces_146	 2	 4	 2118.jpg	 2.202346e+02	 12	 999000	 120	 999000	 999	 2.212515e+02	 600.01	 600.01	 19.00	 46	 0.65	 
MRI_faces_146	 2	 4	 1210.jpg	 2.242353e+02	 22	 8.845939e+02	 220	 6.003035e+02	 98	 2.252521e+02	 600.01	 616.67	 46.00	 25	 0.30	 
MRI_faces_146	 2	 4	 2128.jpg	 2.282360e+02	 12	 999000	 120	 999000	 999	 2.292528e+02	 600.01	 616.67	 15.00	 48	 0.72	 
MRI_faces_146	 2	 4	 1130.jpg	 2.302364e+02	 24	 999000	 240	 999000	 999	 2.312532e+02	 600.01	 616.67	 40.00	 15	 0.38	 
MRI_faces_146	 2	 4	 1146.jpg	 2.322367e+02	 24	 999000	 240	 999000	 999	 2.332535e+02	 600.01	 616.67	 39.00	 17	 0.39	 
MRI_faces_146	 2	 4	 1150.jpg	 2.342371e+02	 24	 999000	 240	 999000	 999	 2.352539e+02	 600.01	 616.67	 56.00	 18	 0.17	 
MRI_faces_146	 2	 4	 1031.jpg	 2.362375e+02	 12	 999000	 120	 999000	 999	 2.372542e+02	 600.01	 616.67	 22.00	 6	 0.62	 
MRI_faces_146	 2	 4	 1183.jpg	 2.422385e+02	 24	 999000	 240	 999000	 999	 2.432553e+02	 600.01	 616.67	 44.00	 20	 0.34	 
MRI_faces_146	 2	 4	 2209.jpg	 2.442388e+02	 11	 1.063114e+03	 1100	 6.002823e+02	 98	 2.452556e+02	 550.01	 616.67	 14.00	 55	 0.73	 
