subjectID	 order	 runNum	 itemName	 onsetTime	 shuff_trialType	 RT	 respInTime	 AudioTime	 response	 fixationTime	 ladder1	 ladder2	 bidIndex	 itemNameIndex	 bidValue	 
MRI_faces_148	 2	 1	 2112.jpg	 2.396704e+00	 11	 1.021637e+03	 1100	 7.537084e+02	 98	 3.423810e+00	 700.00	 750.00	 8.00	 45	 0.82	 
MRI_faces_148	 2	 1	 1183.jpg	 7.387305e+00	 24	 999000	 240	 999000	 999	 8.403975e+00	 700.00	 750.00	 53.00	 20	 0.24	 
MRI_faces_148	 2	 1	 2128.jpg	 9.387632e+00	 24	 999000	 240	 999000	 999	 1.040399e+01	 700.00	 750.00	 47.00	 48	 0.27	 
MRI_faces_148	 2	 1	 2039.jpg	 1.238732e+01	 12	 999000	 120	 999000	 999	 1.340409e+01	 700.00	 750.00	 3.00	 35	 0.88	 
MRI_faces_148	 2	 1	 1150.jpg	 1.538746e+01	 22	 9.598231e+02	 220	 7.529935e+02	 98	 1.640406e+01	 700.00	 766.67	 48.00	 18	 0.27	 
MRI_faces_148	 2	 1	 2006.jpg	 2.238767e+01	 12	 999000	 120	 999000	 999	 2.340426e+01	 700.00	 766.67	 10.00	 31	 0.81	 
MRI_faces_148	 2	 1	 2010.jpg	 2.438759e+01	 24	 999000	 240	 999000	 999	 2.540428e+01	 700.00	 766.67	 39.00	 32	 0.40	 
MRI_faces_148	 2	 1	 1050.jpg	 2.838764e+01	 11	 9.526558e+02	 110	 7.027864e+02	 98	 2.940427e+01	 716.67	 766.67	 17.00	 8	 0.71	 
MRI_faces_148	 2	 1	 1146.jpg	 3.038773e+01	 24	 999000	 240	 999000	 999	 3.140437e+01	 716.67	 766.67	 40.00	 17	 0.35	 
MRI_faces_148	 2	 1	 2218.jpg	 3.538792e+01	 24	 999000	 240	 999000	 999	 3.640447e+01	 716.67	 766.67	 55.00	 57	 0.19	 
MRI_faces_148	 2	 1	 2240.jpg	 3.938790e+01	 22	 9.633883e+02	 220	 7.669545e+02	 98	 4.040443e+01	 716.67	 783.33	 49.00	 59	 0.25	 
MRI_faces_148	 2	 1	 1210.jpg	 4.138782e+01	 24	 999000	 240	 999000	 999	 4.240449e+01	 716.67	 783.33	 45.00	 25	 0.30	 
MRI_faces_148	 2	 1	 1226.jpg	 4.438801e+01	 24	 999000	 240	 999000	 999	 4.540463e+01	 716.67	 783.33	 58.00	 27	 0.06	 
MRI_faces_148	 2	 1	 2041.jpg	 4.738793e+01	 24	 999000	 240	 999000	 999	 4.840463e+01	 716.67	 783.33	 50.00	 36	 0.24	 
MRI_faces_148	 2	 1	 2149.jpg	 5.138801e+01	 24	 999000	 240	 999000	 999	 5.240476e+01	 716.67	 783.33	 41.00	 49	 0.34	 
MRI_faces_148	 2	 1	 2125.jpg	 5.538868e+01	 12	 999000	 120	 999000	 999	 5.640549e+01	 716.67	 783.33	 4.00	 47	 0.87	 
MRI_faces_148	 2	 1	 1073.jpg	 5.938930e+01	 12	 999000	 120	 999000	 999	 6.040621e+01	 716.67	 783.33	 21.00	 11	 0.59	 
MRI_faces_148	 2	 1	 2045.jpg	 6.238990e+01	 12	 999000	 120	 999000	 999	 6.340668e+01	 716.67	 783.33	 5.00	 38	 0.84	 
MRI_faces_148	 2	 1	 1262.jpg	 6.539046e+01	 11	 9.298283e+02	 110	 7.169864e+02	 98	 6.640744e+01	 733.33	 783.33	 9.00	 30	 0.81	 
MRI_faces_148	 2	 1	 2153.jpg	 6.838828e+01	 11	 9.910023e+02	 110	 7.336734e+02	 98	 6.940777e+01	 750.00	 783.33	 11.00	 50	 0.79	 
MRI_faces_148	 2	 1	 1127.jpg	 7.038831e+01	 24	 999000	 240	 999000	 999	 7.140493e+01	 750.00	 783.33	 57.00	 14	 0.15	 
MRI_faces_148	 2	 1	 2024.jpg	 7.338834e+01	 22	 1.010936e+03	 2200	 7.836608e+02	 98	 7.440766e+01	 750.00	 733.33	 43.00	 34	 0.32	 
MRI_faces_148	 2	 1	 1080.jpg	 7.538841e+01	 12	 999000	 120	 999000	 999	 7.640504e+01	 750.00	 733.33	 15.00	 12	 0.73	 
MRI_faces_148	 2	 1	 1204.jpg	 7.738846e+01	 24	 999000	 240	 999000	 999	 7.840510e+01	 750.00	 733.33	 52.00	 24	 0.24	 
MRI_faces_148	 2	 1	 2181.jpg	 7.938856e+01	 12	 999000	 120	 999000	 999	 8.040517e+01	 750.00	 733.33	 6.00	 53	 0.84	 
MRI_faces_148	 2	 1	 2089.jpg	 8.238852e+01	 12	 999000	 120	 999000	 999	 8.340533e+01	 750.00	 733.33	 19.00	 42	 0.68	 
MRI_faces_148	 2	 1	 2063.jpg	 8.638851e+01	 12	 999000	 120	 999000	 999	 8.740518e+01	 750.00	 733.33	 20.00	 41	 0.63	 
MRI_faces_148	 2	 1	 2118.jpg	 8.838855e+01	 11	 9.697463e+02	 110	 7.503672e+02	 98	 8.940529e+01	 766.67	 733.33	 16.00	 46	 0.72	 
MRI_faces_148	 2	 1	 1031.jpg	 9.038862e+01	 12	 999000	 120	 999000	 999	 9.140524e+01	 766.67	 733.33	 13.00	 6	 0.76	 
MRI_faces_148	 2	 1	 1035.jpg	 9.438873e+01	 12	 999000	 120	 999000	 999	 9.540532e+01	 766.67	 733.33	 7.00	 7	 0.82	 
MRI_faces_148	 2	 1	 1246.jpg	 9.638875e+01	 24	 999000	 240	 999000	 999	 9.740534e+01	 766.67	 733.33	 42.00	 28	 0.33	 
MRI_faces_148	 2	 1	 2212.jpg	 9.838878e+01	 11	 9.685110e+02	 110	 7.669531e+02	 98	 9.940534e+01	 783.33	 733.33	 14.00	 56	 0.74	 
MRI_faces_148	 2	 1	 2194.jpg	 1.023888e+02	 24	 999000	 240	 999000	 999	 1.034054e+02	 783.33	 733.33	 56.00	 54	 0.18	 
MRI_faces_148	 2	 1	 1173.jpg	 1.063889e+02	 22	 9.474357e+02	 220	 7.336273e+02	 98	 1.074056e+02	 783.33	 750.00	 51.00	 19	 0.24	 
MRI_faces_148	 2	 1	 2155.jpg	 1.083890e+02	 22	 9.823367e+02	 220	 7.502862e+02	 98	 1.094055e+02	 783.33	 766.67	 46.00	 51	 0.28	 
MRI_faces_148	 2	 1	 2229.jpg	 1.103889e+02	 12	 999000	 120	 999000	 999	 1.114055e+02	 783.33	 766.67	 12.00	 58	 0.76	 
MRI_faces_148	 2	 1	 1027.jpg	 1.123890e+02	 12	 999000	 120	 999000	 999	 1.134056e+02	 783.33	 766.67	 18.00	 5	 0.69	 
MRI_faces_148	 2	 1	 2058.jpg	 1.143890e+02	 22	 9.643198e+02	 220	 7.669388e+02	 98	 1.154057e+02	 783.33	 783.33	 54.00	 40	 0.22	 
MRI_faces_148	 2	 1	 2164.jpg	 1.203891e+02	 24	 999000	 240	 999000	 999	 1.214057e+02	 783.33	 783.33	 44.00	 52	 0.30	 
MRI_faces_148	 2	 1	 2043.jpg	 1.223891e+02	 12	 999000	 120	 999000	 999	 1.234058e+02	 783.33	 783.33	 22.00	 37	 0.58	 
