subjectID	 order	 runNum	 itemName	 onsetTime	 shuff_trialType	 RT	 respInTime	 AudioTime	 response	 fixationTime	 ladder1	 ladder2	 bidIndex	 itemNameIndex	 bidValue	 
MRI_faces_129	 1	 4	 2063.jpg	 1.241974e+02	 12	 999000	 120	 999000	 999	 1.252140e+02	 783.33	 716.67	 4.00	 41	 0.83	 
MRI_faces_129	 1	 4	 2089.jpg	 1.271976e+02	 11	 1.059519e+03	 1100	 7.835984e+02	 98	 1.282141e+02	 733.33	 716.67	 15.00	 42	 0.67	 
MRI_faces_129	 1	 4	 1210.jpg	 1.311975e+02	 12	 999000	 120	 999000	 999	 1.322141e+02	 733.33	 716.67	 3.00	 25	 0.87	 
MRI_faces_129	 1	 4	 1127.jpg	 1.341975e+02	 24	 999000	 240	 999000	 999	 1.352143e+02	 733.33	 716.67	 55.00	 14	 0.19	 
MRI_faces_129	 1	 4	 1183.jpg	 1.381975e+02	 24	 999000	 240	 999000	 999	 1.392143e+02	 733.33	 716.67	 51.00	 20	 0.25	 
MRI_faces_129	 1	 4	 2218.jpg	 1.411976e+02	 22	 9.714548e+02	 220	 7.169520e+02	 98	 1.422143e+02	 733.33	 733.34	 53.00	 57	 0.20	 
MRI_faces_129	 1	 4	 1226.jpg	 1.431976e+02	 24	 999000	 240	 999000	 999	 1.442144e+02	 733.33	 733.34	 43.00	 27	 0.35	 
MRI_faces_129	 1	 4	 2155.jpg	 1.461978e+02	 24	 999000	 240	 999000	 999	 1.472143e+02	 733.33	 733.34	 42.00	 51	 0.38	 
MRI_faces_129	 1	 4	 1255.jpg	 1.491979e+02	 12	 999000	 120	 999000	 999	 1.502144e+02	 733.33	 733.34	 14.00	 29	 0.68	 
MRI_faces_129	 1	 4	 2010.jpg	 1.541978e+02	 12	 999000	 120	 999000	 999	 1.552145e+02	 733.33	 733.34	 8.00	 32	 0.80	 
MRI_faces_129	 1	 4	 1262.jpg	 1.561979e+02	 12	 999000	 120	 999000	 999	 1.572145e+02	 733.33	 733.34	 9.00	 30	 0.76	 
MRI_faces_129	 1	 4	 2112.jpg	 1.581979e+02	 12	 999000	 120	 999000	 999	 1.592145e+02	 733.33	 733.34	 16.00	 45	 0.66	 
MRI_faces_129	 1	 4	 2164.jpg	 1.621984e+02	 24	 999000	 240	 999000	 999	 1.632152e+02	 733.33	 733.34	 39.00	 52	 0.38	 
MRI_faces_129	 1	 4	 2024.jpg	 1.691997e+02	 22	 1.015405e+03	 2200	 7.336097e+02	 98	 1.702164e+02	 733.33	 683.34	 47.00	 34	 0.30	 
MRI_faces_129	 1	 4	 1007.jpg	 1.711999e+02	 22	 9.941325e+02	 220	 6.836112e+02	 98	 1.722168e+02	 733.33	 700.00	 50.00	 1	 0.28	 
MRI_faces_129	 1	 4	 1031.jpg	 1.732004e+02	 12	 999000	 120	 999000	 999	 1.742171e+02	 733.33	 700.00	 5.00	 6	 0.82	 
MRI_faces_129	 1	 4	 2058.jpg	 1.752007e+02	 24	 999000	 240	 999000	 999	 1.762174e+02	 733.33	 700.00	 49.00	 40	 0.29	 
MRI_faces_129	 1	 4	 1216.jpg	 1.772010e+02	 11	 9.340894e+02	 110	 7.335941e+02	 98	 1.782178e+02	 750.00	 700.00	 7.00	 26	 0.81	 
MRI_faces_129	 1	 4	 2248.jpg	 1.792013e+02	 12	 999000	 120	 999000	 999	 1.802181e+02	 750.00	 700.00	 19.00	 60	 0.64	 
MRI_faces_129	 1	 4	 2043.jpg	 1.822019e+02	 22	 9.061888e+02	 220	 7.002559e+02	 98	 1.832187e+02	 750.00	 716.67	 44.00	 37	 0.35	 
MRI_faces_129	 1	 4	 1202.jpg	 1.842022e+02	 12	 999000	 120	 999000	 999	 1.852190e+02	 750.00	 716.67	 21.00	 23	 0.61	 
MRI_faces_129	 1	 4	 2006.jpg	 1.862026e+02	 11	 1.017456e+03	 1100	 7.502804e+02	 98	 1.872194e+02	 700.00	 716.67	 10.00	 31	 0.75	 
MRI_faces_129	 1	 4	 1192.jpg	 1.901985e+02	 24	 999000	 240	 999000	 999	 1.912150e+02	 700.00	 716.67	 48.00	 22	 0.29	 
MRI_faces_129	 1	 4	 2149.jpg	 1.941986e+02	 24	 999000	 240	 999000	 999	 1.952151e+02	 700.00	 716.67	 56.00	 49	 0.18	 
MRI_faces_129	 1	 4	 2110.jpg	 2.001985e+02	 22	 8.695790e+02	 220	 7.170108e+02	 98	 2.012151e+02	 700.00	 733.34	 52.00	 44	 0.21	 
MRI_faces_129	 1	 4	 1173.jpg	 2.021986e+02	 24	 999000	 240	 999000	 999	 2.032153e+02	 700.00	 733.34	 40.00	 19	 0.38	 
MRI_faces_129	 1	 4	 2118.jpg	 2.041986e+02	 12	 999000	 120	 999000	 999	 2.052153e+02	 700.00	 733.34	 11.00	 46	 0.75	 
MRI_faces_129	 1	 4	 2015.jpg	 2.061986e+02	 12	 999000	 120	 999000	 999	 2.072153e+02	 700.00	 733.34	 17.00	 33	 0.66	 
MRI_faces_129	 1	 4	 2181.jpg	 2.101986e+02	 11	 8.954582e+02	 110	 7.002684e+02	 98	 2.112154e+02	 716.66	 733.34	 13.00	 53	 0.71	 
MRI_faces_129	 1	 4	 2045.jpg	 2.121987e+02	 24	 999000	 240	 999000	 999	 2.132154e+02	 716.66	 733.34	 46.00	 38	 0.32	 
MRI_faces_129	 1	 4	 1035.jpg	 2.141987e+02	 11	 9.033272e+02	 110	 7.169168e+02	 98	 2.152154e+02	 733.33	 733.34	 12.00	 7	 0.73	 
MRI_faces_129	 1	 4	 1114.jpg	 2.161988e+02	 12	 999000	 120	 999000	 999	 2.172155e+02	 733.33	 733.34	 6.00	 13	 0.81	 
MRI_faces_129	 1	 4	 1150.jpg	 2.201988e+02	 24	 999000	 240	 999000	 999	 2.212156e+02	 733.33	 733.34	 57.00	 18	 0.18	 
MRI_faces_129	 1	 4	 1204.jpg	 2.241990e+02	 22	 8.820825e+02	 220	 7.335927e+02	 98	 2.252155e+02	 733.33	 750.00	 45.00	 24	 0.33	 
MRI_faces_129	 1	 4	 1060.jpg	 2.271989e+02	 24	 999000	 240	 999000	 999	 2.282156e+02	 733.33	 750.00	 58.00	 10	 0.14	 
MRI_faces_129	 1	 4	 2094.jpg	 2.321990e+02	 11	 9.701479e+02	 110	 7.336373e+02	 98	 2.332157e+02	 750.00	 750.00	 18.00	 43	 0.65	 
MRI_faces_129	 1	 4	 1146.jpg	 2.341990e+02	 12	 999000	 120	 999000	 999	 2.352157e+02	 750.00	 750.00	 22.00	 17	 0.60	 
MRI_faces_129	 1	 4	 1052.jpg	 2.371990e+02	 24	 999000	 240	 999000	 999	 2.382158e+02	 750.00	 750.00	 41.00	 9	 0.38	 
MRI_faces_129	 1	 4	 1017.jpg	 2.411991e+02	 12	 999000	 120	 999000	 999	 2.422157e+02	 750.00	 750.00	 20.00	 3	 0.63	 
MRI_faces_129	 1	 4	 1130.jpg	 2.441992e+02	 24	 999000	 240	 999000	 999	 2.452158e+02	 750.00	 750.00	 54.00	 15	 0.19	 
