subjectID	 order	 runNum	 itemName	 onsetTime	 shuff_trialType	 RT	 respInTime	 AudioTime	 response	 fixationTime	 ladder1	 ladder2	 bidIndex	 itemNameIndex	 bidValue	 
MRI_faces_134	 2	 3	 1246.jpg	 2.421631e+00	 12	 999000	 120	 999000	 999	 3.439074e+00	 750.00	 816.67	 21.00	 28	 0.59	 
MRI_faces_134	 2	 3	 2043.jpg	 6.412786e+00	 24	 999000	 240	 999000	 999	 7.429395e+00	 750.00	 816.67	 39.00	 37	 0.43	 
MRI_faces_134	 2	 3	 1150.jpg	 8.412964e+00	 22	 9.984775e+02	 220	 8.184865e+02	 98	 9.433089e+00	 750.00	 833.34	 51.00	 18	 0.23	 
MRI_faces_134	 2	 3	 1035.jpg	 1.341265e+01	 11	 9.447931e+02	 110	 7.517758e+02	 98	 1.442951e+01	 766.67	 833.34	 14.00	 7	 0.68	 
MRI_faces_134	 2	 3	 2153.jpg	 1.541290e+01	 11	 9.605529e+02	 110	 7.669455e+02	 98	 1.642956e+01	 783.33	 833.34	 17.00	 50	 0.66	 
MRI_faces_134	 2	 3	 1204.jpg	 1.741292e+01	 22	 1.013532e+03	 2200	 8.336082e+02	 98	 1.844102e+01	 783.33	 783.34	 54.00	 24	 0.18	 
MRI_faces_134	 2	 3	 2181.jpg	 2.141310e+01	 12	 999000	 120	 999000	 999	 2.242971e+01	 783.33	 783.34	 19.00	 53	 0.62	 
MRI_faces_134	 2	 3	 1052.jpg	 2.341314e+01	 24	 999000	 240	 999000	 999	 2.442971e+01	 783.33	 783.34	 45.00	 9	 0.32	 
MRI_faces_134	 2	 3	 2128.jpg	 2.541311e+01	 24	 999000	 240	 999000	 999	 2.642977e+01	 783.33	 783.34	 44.00	 48	 0.39	 
MRI_faces_134	 2	 3	 2125.jpg	 2.841308e+01	 12	 999000	 120	 999000	 999	 2.942993e+01	 783.33	 783.34	 22.00	 47	 0.59	 
MRI_faces_134	 2	 3	 2041.jpg	 3.041314e+01	 12	 999000	 120	 999000	 999	 3.142986e+01	 783.33	 783.34	 6.00	 36	 0.82	 
MRI_faces_134	 2	 3	 2248.jpg	 3.441326e+01	 12	 999000	 120	 999000	 999	 3.542984e+01	 783.33	 783.34	 18.00	 60	 0.63	 
MRI_faces_134	 2	 3	 2006.jpg	 4.041339e+01	 24	 999000	 240	 999000	 999	 4.142998e+01	 783.33	 783.34	 52.00	 31	 0.22	 
MRI_faces_134	 2	 3	 1031.jpg	 4.341337e+01	 11	 9.840851e+02	 110	 7.836014e+02	 98	 4.443006e+01	 800.00	 783.34	 11.00	 6	 0.74	 
MRI_faces_134	 2	 3	 2218.jpg	 4.541335e+01	 12	 999000	 120	 999000	 999	 4.643001e+01	 800.00	 783.34	 12.00	 57	 0.70	 
MRI_faces_134	 2	 3	 2194.jpg	 4.741350e+01	 24	 999000	 240	 999000	 999	 4.843006e+01	 800.00	 783.34	 57.00	 54	 0.13	 
MRI_faces_134	 2	 3	 2240.jpg	 4.941342e+01	 24	 999000	 240	 999000	 999	 5.043009e+01	 800.00	 783.34	 47.00	 59	 0.31	 
MRI_faces_134	 2	 3	 1146.jpg	 5.141354e+01	 22	 9.738877e+02	 220	 7.836185e+02	 98	 5.243027e+01	 800.00	 800.00	 46.00	 17	 0.31	 
MRI_faces_134	 2	 3	 2212.jpg	 5.441400e+01	 12	 999000	 120	 999000	 999	 5.543081e+01	 800.00	 800.00	 20.00	 56	 0.61	 
MRI_faces_134	 2	 3	 1173.jpg	 5.841475e+01	 12	 999000	 120	 999000	 999	 5.943159e+01	 800.00	 800.00	 13.00	 19	 0.69	 
MRI_faces_134	 2	 3	 2039.jpg	 6.141521e+01	 12	 999000	 120	 999000	 999	 6.243205e+01	 800.00	 800.00	 5.00	 35	 0.84	 
MRI_faces_134	 2	 3	 1060.jpg	 6.541587e+01	 24	 999000	 240	 999000	 999	 6.643289e+01	 800.00	 800.00	 40.00	 10	 0.42	 
MRI_faces_134	 2	 3	 1255.jpg	 7.041680e+01	 22	 9.736518e+02	 220	 8.002727e+02	 98	 7.143359e+01	 800.00	 816.67	 49.00	 29	 0.29	 
MRI_faces_134	 2	 3	 2110.jpg	 7.441752e+01	 24	 999000	 240	 999000	 999	 7.543431e+01	 800.00	 816.67	 55.00	 44	 0.17	 
MRI_faces_134	 2	 3	 1080.jpg	 7.741799e+01	 24	 999000	 240	 999000	 999	 7.843489e+01	 800.00	 816.67	 56.00	 12	 0.14	 
MRI_faces_134	 2	 3	 1017.jpg	 7.941834e+01	 12	 999000	 120	 999000	 999	 8.043518e+01	 800.00	 816.67	 7.00	 3	 0.81	 
MRI_faces_134	 2	 3	 2010.jpg	 8.141398e+01	 12	 999000	 120	 999000	 999	 8.243064e+01	 800.00	 816.67	 10.00	 32	 0.76	 
MRI_faces_134	 2	 3	 1226.jpg	 8.841405e+01	 11	 1.230399e+03	 1100	 8.002903e+02	 98	 8.943073e+01	 750.00	 816.67	 16.00	 27	 0.66	 
MRI_faces_134	 2	 3	 2164.jpg	 9.141415e+01	 22	 1.029298e+03	 2200	 8.169408e+02	 98	 9.243077e+01	 750.00	 766.67	 48.00	 52	 0.31	 
MRI_faces_134	 2	 3	 1073.jpg	 9.341413e+01	 12	 999000	 120	 999000	 999	 9.443077e+01	 750.00	 766.67	 15.00	 11	 0.68	 
MRI_faces_134	 2	 3	 2118.jpg	 9.741418e+01	 12	 999000	 120	 999000	 999	 9.843085e+01	 750.00	 766.67	 4.00	 46	 0.87	 
MRI_faces_134	 2	 3	 1027.jpg	 9.941421e+01	 24	 999000	 240	 999000	 999	 1.004309e+02	 750.00	 766.67	 58.00	 5	 0.12	 
MRI_faces_134	 2	 3	 2089.jpg	 1.024143e+02	 11	 1.005196e+03	 1100	 7.502788e+02	 98	 1.034313e+02	 700.00	 766.67	 9.00	 42	 0.77	 
MRI_faces_134	 2	 3	 1262.jpg	 1.044143e+02	 24	 999000	 240	 999000	 999	 1.054310e+02	 700.00	 766.67	 53.00	 30	 0.19	 
MRI_faces_134	 2	 3	 1191.jpg	 1.084143e+02	 12	 999000	 120	 999000	 999	 1.094310e+02	 700.00	 766.67	 3.00	 21	 0.88	 
MRI_faces_134	 2	 3	 1013.jpg	 1.104144e+02	 24	 999000	 240	 999000	 999	 1.114310e+02	 700.00	 766.67	 41.00	 2	 0.42	 
MRI_faces_134	 2	 3	 1007.jpg	 1.144144e+02	 11	 8.650072e+02	 110	 7.003015e+02	 98	 1.154311e+02	 716.67	 766.67	 8.00	 1	 0.77	 
MRI_faces_134	 2	 3	 1127.jpg	 1.174146e+02	 24	 999000	 240	 999000	 999	 1.184312e+02	 716.67	 766.67	 42.00	 14	 0.39	 
MRI_faces_134	 2	 3	 2015.jpg	 1.194146e+02	 22	 1.006838e+03	 2200	 7.669364e+02	 98	 1.204333e+02	 716.67	 716.67	 43.00	 33	 0.39	 
MRI_faces_134	 2	 3	 2045.jpg	 1.224147e+02	 24	 999000	 240	 999000	 999	 1.234313e+02	 716.67	 716.67	 50.00	 38	 0.27	 
