subjectID	 order	 runNum	 itemName	 onsetTime	 shuff_trialType	 RT	 respInTime	 AudioTime	 response	 fixationTime	 ladder1	 ladder2	 bidIndex	 itemNameIndex	 bidValue	 
MRI_faces_134	 2	 14	 1173.jpg	 1.240860e+02	 12	 999000	 120	 999000	 999	 1.251027e+02	 783.33	 716.67	 13.00	 19	 0.69	 
MRI_faces_134	 2	 14	 1150.jpg	 1.260776e+02	 22	 9.739895e+02	 220	 7.170012e+02	 98	 1.270940e+02	 783.33	 733.34	 51.00	 18	 0.23	 
MRI_faces_134	 2	 14	 1204.jpg	 1.290778e+02	 22	 1.021829e+03	 2200	 7.336073e+02	 98	 1.300943e+02	 783.33	 683.34	 54.00	 24	 0.18	 
MRI_faces_134	 2	 14	 2010.jpg	 1.320776e+02	 12	 999000	 120	 999000	 999	 1.330943e+02	 783.33	 683.34	 10.00	 32	 0.76	 
MRI_faces_134	 2	 14	 2043.jpg	 1.340875e+02	 24	 999000	 240	 999000	 999	 1.351044e+02	 783.33	 683.34	 39.00	 37	 0.43	 
MRI_faces_134	 2	 14	 1146.jpg	 1.380776e+02	 22	 9.029760e+02	 220	 6.836031e+02	 98	 1.390944e+02	 783.33	 700.00	 46.00	 17	 0.31	 
MRI_faces_134	 2	 14	 2212.jpg	 1.430777e+02	 12	 999000	 120	 999000	 999	 1.440944e+02	 783.33	 700.00	 20.00	 56	 0.61	 
MRI_faces_134	 2	 14	 1255.jpg	 1.450778e+02	 22	 9.398146e+02	 220	 7.003262e+02	 98	 1.460945e+02	 783.33	 716.67	 49.00	 29	 0.29	 
MRI_faces_134	 2	 14	 2045.jpg	 1.480778e+02	 24	 999000	 240	 999000	 999	 1.490945e+02	 783.33	 716.67	 50.00	 38	 0.27	 
MRI_faces_134	 2	 14	 1191.jpg	 1.500904e+02	 12	 999000	 120	 999000	 999	 1.511073e+02	 783.33	 716.67	 3.00	 21	 0.88	 
MRI_faces_134	 2	 14	 1226.jpg	 1.560779e+02	 11	 9.686655e+02	 110	 7.836279e+02	 98	 1.570947e+02	 800.00	 716.67	 16.00	 27	 0.66	 
MRI_faces_134	 2	 14	 1246.jpg	 1.590780e+02	 12	 999000	 120	 999000	 999	 1.600946e+02	 800.00	 716.67	 21.00	 28	 0.59	 
MRI_faces_134	 2	 14	 2089.jpg	 1.640782e+02	 11	 1.041384e+03	 1100	 8.002707e+02	 98	 1.650947e+02	 750.00	 716.67	 9.00	 42	 0.77	 
MRI_faces_134	 2	 14	 1080.jpg	 1.660780e+02	 24	 999000	 240	 999000	 999	 1.670948e+02	 750.00	 716.67	 56.00	 12	 0.14	 
MRI_faces_134	 2	 14	 2128.jpg	 1.680782e+02	 24	 999000	 240	 999000	 999	 1.690947e+02	 750.00	 716.67	 44.00	 48	 0.39	 
MRI_faces_134	 2	 14	 1017.jpg	 1.720782e+02	 12	 999000	 120	 999000	 999	 1.730948e+02	 750.00	 716.67	 7.00	 3	 0.81	 
MRI_faces_134	 2	 14	 2194.jpg	 1.740782e+02	 24	 999000	 240	 999000	 999	 1.750949e+02	 750.00	 716.67	 57.00	 54	 0.13	 
MRI_faces_134	 2	 14	 2041.jpg	 1.770787e+02	 12	 999000	 120	 999000	 999	 1.780953e+02	 750.00	 716.67	 6.00	 36	 0.82	 
MRI_faces_134	 2	 14	 2153.jpg	 1.800791e+02	 11	 1.032559e+03	 1100	 7.502788e+02	 98	 1.810958e+02	 700.00	 716.67	 17.00	 50	 0.66	 
MRI_faces_134	 2	 14	 2218.jpg	 1.830795e+02	 12	 999000	 120	 999000	 999	 1.840963e+02	 700.00	 716.67	 12.00	 57	 0.70	 
MRI_faces_134	 2	 14	 2164.jpg	 1.850798e+02	 22	 9.157441e+02	 220	 7.169361e+02	 98	 1.860967e+02	 700.00	 733.34	 48.00	 52	 0.31	 
MRI_faces_134	 2	 14	 1007.jpg	 1.890806e+02	 11	 8.559808e+02	 110	 7.002633e+02	 98	 1.900974e+02	 716.66	 733.34	 8.00	 1	 0.77	 
MRI_faces_134	 2	 14	 2248.jpg	 1.910809e+02	 12	 999000	 120	 999000	 999	 1.920978e+02	 716.66	 733.34	 18.00	 60	 0.63	 
MRI_faces_134	 2	 14	 1262.jpg	 1.930813e+02	 24	 999000	 240	 999000	 999	 1.940981e+02	 716.66	 733.34	 53.00	 30	 0.19	 
MRI_faces_134	 2	 14	 2118.jpg	 1.950816e+02	 12	 999000	 120	 999000	 999	 1.960985e+02	 716.66	 733.34	 4.00	 46	 0.87	 
MRI_faces_134	 2	 14	 2181.jpg	 1.970819e+02	 12	 999000	 120	 999000	 999	 1.980988e+02	 716.66	 733.34	 19.00	 53	 0.62	 
MRI_faces_134	 2	 14	 1031.jpg	 2.010786e+02	 11	 8.950070e+02	 110	 7.169415e+02	 98	 2.020952e+02	 733.33	 733.34	 11.00	 6	 0.74	 
MRI_faces_134	 2	 14	 2125.jpg	 2.050788e+02	 12	 999000	 120	 999000	 999	 2.060953e+02	 733.33	 733.34	 22.00	 47	 0.59	 
MRI_faces_134	 2	 14	 1052.jpg	 2.090788e+02	 24	 999000	 240	 999000	 999	 2.100954e+02	 733.33	 733.34	 45.00	 9	 0.32	 
MRI_faces_134	 2	 14	 2240.jpg	 2.120788e+02	 24	 1.497736e+02	 24	 999000	 98	 2.130954e+02	 733.33	 733.34	 47.00	 59	 0.31	 
MRI_faces_134	 2	 14	 2015.jpg	 2.140788e+02	 22	 1.000797e+03	 2200	 7.336314e+02	 98	 2.150955e+02	 733.33	 683.34	 43.00	 33	 0.39	 
MRI_faces_134	 2	 14	 1013.jpg	 2.160788e+02	 24	 999000	 240	 999000	 999	 2.170956e+02	 733.33	 683.34	 41.00	 2	 0.42	 
MRI_faces_134	 2	 14	 1027.jpg	 2.180791e+02	 24	 999000	 240	 999000	 999	 2.190956e+02	 733.33	 683.34	 58.00	 5	 0.12	 
MRI_faces_134	 2	 14	 1035.jpg	 2.200860e+02	 11	 9.225927e+02	 110	 7.336191e+02	 98	 2.211028e+02	 750.00	 683.34	 14.00	 7	 0.68	 
MRI_faces_134	 2	 14	 1060.jpg	 2.240790e+02	 24	 999000	 240	 999000	 999	 2.250956e+02	 750.00	 683.34	 40.00	 10	 0.42	 
MRI_faces_134	 2	 14	 2039.jpg	 2.260870e+02	 12	 999000	 120	 999000	 999	 2.271039e+02	 750.00	 683.34	 5.00	 35	 0.84	 
MRI_faces_134	 2	 14	 1127.jpg	 2.330792e+02	 24	 999000	 240	 999000	 999	 2.340959e+02	 750.00	 683.34	 42.00	 14	 0.39	 
MRI_faces_134	 2	 14	 2110.jpg	 2.370792e+02	 24	 999000	 240	 999000	 999	 2.380958e+02	 750.00	 683.34	 55.00	 44	 0.17	 
MRI_faces_134	 2	 14	 2006.jpg	 2.400793e+02	 24	 999000	 240	 999000	 999	 2.410959e+02	 750.00	 683.34	 52.00	 31	 0.22	 
MRI_faces_134	 2	 14	 1073.jpg	 2.440793e+02	 12	 999000	 120	 999000	 999	 2.450959e+02	 750.00	 683.34	 15.00	 11	 0.68	 
