subjectID	order	itemIndABC	stimName	bidInd	runtrial	isOld?	subjectAnswerIsOld	onsettime_isOld	resp_isOld	RT_isOld	isGo?	subjectAnswerIsGo	onsettime_isGo	resp_isGo	RT_isGo
MRI_faces_131	1	49	6124.jpg	0	1	0	4	2.642209e-02	4	5.007248e+00	0	5	5.582612e+00	5	8.590601e-01	
MRI_faces_131	1	21	2094.jpg	6	2	1	1	8.001932e+00	1	1.591737e+00	0	4	1.013768e+01	4	4.687989e+00	
MRI_faces_131	1	55	6221.jpg	0	3	0	5	1.637801e+01	5	2.135647e+00	0	5	1.904766e+01	5	1.282014e+00	
MRI_faces_131	1	22	2110.jpg	55	4	1	1	2.188417e+01	1	1.693501e+00	0	5	2.411996e+01	5	2.969700e+00	
MRI_faces_131	1	4	1035.jpg	46	5	1	1	2.864165e+01	1	1.464012e+00	0	4	3.064365e+01	4	1.686016e+00	
MRI_faces_131	1	56	6249.jpg	0	6	0	5	3.388088e+01	5	1.792787e+00	0	5	3.621693e+01	5	1.024740e+00	
MRI_faces_131	1	16	2045.jpg	52	7	1	1	3.880311e+01	1	1.774558e+00	1	3	4.112232e+01	3	1.479356e+00	
MRI_faces_131	1	51	6190.jpg	0	8	0	5	4.415911e+01	5	1.650563e+00	0	5	4.634489e+01	5	2.800781e+00	
MRI_faces_131	1	7	1114.jpg	18	9	1	1	5.069972e+01	1	2.405954e+00	1	2	5.363632e+01	2	1.117350e+00	
MRI_faces_131	1	29	5009.jpg	0	10	0	5	5.630599e+01	5	1.671683e+00	0	5	5.850841e+01	5	7.172601e-01	
MRI_faces_131	1	28	2248.jpg	8	11	1	2	6.077771e+01	2	2.695955e+00	0	3	6.401469e+01	3	2.506969e+00	
MRI_faces_131	1	10	1183.jpg	53	12	1	1	6.806922e+01	1	2.068444e+00	1	3	7.067212e+01	3	2.257553e+00	
MRI_faces_131	1	40	5220.jpg	0	13	0	4	7.449304e+01	4	1.964633e+00	0	5	7.699590e+01	5	1.653768e+00	
MRI_faces_131	1	19	2063.jpg	17	14	1	3	8.019944e+01	3	2.866227e+00	0	4	8.360328e+01	4	2.174392e+00	
MRI_faces_131	1	14	2006.jpg	10	15	1	2	8.732400e+01	2	3.381665e+00	1	4	9.124516e+01	4	2.572554e+00	
MRI_faces_131	1	47	6054.jpg	0	16	0	5	9.536638e+01	5	1.595291e+00	0	5	9.750218e+01	5	6.114872e-01	
MRI_faces_131	1	15	2010.jpg	9	17	1	2	9.967118e+01	2	2.410492e+00	0	3	1.026246e+02	3	2.513113e+00	
MRI_faces_131	1	43	6008.jpg	0	18	0	5	1.066957e+02	5	1.593976e+00	0	5	1.088315e+02	5	6.501426e-01	
MRI_faces_131	1	26	2209.jpg	15	19	1	1	1.110340e+02	1	2.079698e+00	1	2	1.136536e+02	2	1.348058e+00	
MRI_faces_131	1	34	5115.jpg	0	20	0	5	1.165568e+02	5	1.508860e+00	0	5	1.186091e+02	5	4.805912e-01	
MRI_faces_131	1	41	5228.jpg	0	21	0	5	1.206447e+02	5	9.649542e-01	0	5	1.221463e+02	5	4.793488e-01	
MRI_faces_131	1	5	1052.jpg	47	22	1	1	1.241819e+02	1	1.491735e+00	1	1	1.262176e+02	1	6.480651e-01	
MRI_faces_131	1	50	6154.jpg	0	23	0	3	1.284201e+02	3	2.277609e+00	0	4	1.312399e+02	4	8.497339e-01	
MRI_faces_131	1	52	6201.jpg	0	24	0	4	1.336427e+02	4	2.030972e+00	0	5	1.362121e+02	5	1.061547e+00	
MRI_faces_131	1	53	6213.jpg	0	25	0	5	1.388317e+02	5	1.153939e+00	0	5	1.405169e+02	5	6.207401e-01	
MRI_faces_131	1	25	2194.jpg	56	26	1	1	1.426857e+02	1	1.379929e+00	0	4	1.446048e+02	4	2.596830e+00	
MRI_faces_131	1	11	1202.jpg	11	27	1	1	1.487595e+02	1	1.138218e+00	0	4	1.504280e+02	4	7.976880e-01	
MRI_faces_131	1	33	5081.jpg	0	28	0	5	1.527807e+02	5	1.900977e+00	0	5	1.552168e+02	5	2.880842e+00	
MRI_faces_131	1	18	2058.jpg	16	29	1	2	1.596551e+02	2	2.130610e+00	0	2	1.623247e+02	2	1.125010e+00	
MRI_faces_131	1	32	5057.jpg	0	30	0	5	1.650110e+02	5	1.358685e+00	0	5	1.669131e+02	5	5.525480e-01	
MRI_faces_131	1	37	5152.jpg	0	31	0	5	1.690155e+02	5	1.074160e+00	0	5	1.706340e+02	5	4.159134e-01	
MRI_faces_131	1	13	1216.jpg	51	32	1	1	1.726028e+02	1	1.438835e+00	0	2	1.745717e+02	2	7.979393e-01	
MRI_faces_131	1	42	5254.jpg	0	33	0	5	1.769243e+02	5	1.333345e+00	0	5	1.787931e+02	5	7.845693e-01	
MRI_faces_131	1	17	2053.jpg	45	34	1	1	1.811291e+02	1	1.096549e+00	1	3	1.827643e+02	3	3.309357e+00	
MRI_faces_131	1	44	6016.jpg	0	35	0	5	1.876364e+02	5	1.605251e+00	0	5	1.897720e+02	5	2.536304e-01	
MRI_faces_131	1	20	2089.jpg	12	36	1	2	1.915741e+02	2	1.859626e+00	1	3	1.939768e+02	3	2.312830e+00	
MRI_faces_131	1	3	1019.jpg	43	37	1	1	1.978478e+02	1	1.169861e+00	0	3	1.995498e+02	3	7.639202e-01	
MRI_faces_131	1	48	6111.jpg	0	38	0	4	2.018690e+02	4	1.084690e+00	0	5	2.034875e+02	5	7.622108e-01	
MRI_faces_131	1	12	1210.jpg	14	39	1	1	2.058067e+02	1	1.106982e+00	0	1	2.074586e+02	1	8.230615e-01	
MRI_faces_131	1	24	2153.jpg	7	40	1	1	2.098446e+02	1	1.173058e+00	1	2	2.115464e+02	2	1.799230e+00	
MRI_faces_131	1	31	5049.jpg	0	41	0	5	2.149003e+02	5	1.661406e+00	0	5	2.171027e+02	5	5.869882e-01	
MRI_faces_131	1	45	6036.jpg	0	42	0	5	2.192384e+02	5	1.043245e+00	0	5	2.208235e+02	5	4.022343e-01	
MRI_faces_131	1	9	1150.jpg	54	43	1	1	2.227758e+02	1	2.145844e+00	0	2	2.254621e+02	2	1.475623e+00	
MRI_faces_131	1	39	5207.jpg	0	44	0	3	2.284988e+02	3	2.470878e+00	0	4	2.315022e+02	4	8.434674e-01	
MRI_faces_131	1	46	6042.jpg	0	45	0	4	2.339048e+02	4	1.880847e+00	0	5	2.363242e+02	5	1.325495e+00	
MRI_faces_131	1	30	5028.jpg	0	46	0	5	2.392108e+02	5	1.166827e+00	0	5	2.409127e+02	5	5.529554e-01	
MRI_faces_131	1	38	5182.jpg	0	47	0	5	2.430317e+02	5	1.265927e+00	0	5	2.448338e+02	5	3.438349e-01	
MRI_faces_131	1	54	6217.jpg	0	48	0	3	2.467358e+02	3	1.913829e+00	0	4	2.491886e+02	4	2.077113e+00	
MRI_faces_131	1	23	2112.jpg	13	49	1	2	2.528261e+02	2	1.703602e+00	1	2	2.550618e+02	2	1.467842e+00	
MRI_faces_131	1	35	5129.jpg	0	50	0	5	2.580819e+02	5	2.151798e+00	0	5	2.607683e+02	5	5.613541e-01	
MRI_faces_131	1	8	1146.jpg	48	51	1	1	2.628873e+02	1	1.234336e+00	0	3	2.646559e+02	3	1.849742e+00	
MRI_faces_131	1	1	1013.jpg	44	52	1	2	2.680598e+02	2	2.173894e+00	1	4	2.707794e+02	4	9.422552e-01	
MRI_faces_131	1	27	2212.jpg	5	53	1	3	2.732823e+02	3	2.447396e+00	0	4	2.762690e+02	4	6.846855e-01	
MRI_faces_131	1	2	1017.jpg	49	54	1	1	2.785047e+02	1	1.112934e+00	0	3	2.801566e+02	3	6.450563e-01	
MRI_faces_131	1	36	5144.jpg	0	55	0	4	2.823592e+02	4	2.426521e+00	0	5	2.853291e+02	5	4.966075e-01	
MRI_faces_131	1	6	1080.jpg	50	56	1	1	2.873814e+02	1	1.244273e+00	1	1	2.891668e+02	1	7.868441e-01	
