subjectID	 order	 runNum	 itemName	 onsetTime	 shuff_trialType	 RT	 respInTime	 AudioTime	 response	 fixationTime	 ladder1	 ladder2	 bidIndex	 itemNameIndex	 bidValue	 
MRI_faces_145	 1	 8	 2024.jpg	 1.240955e+02	 22	 9.251413e+02	 220	 7.169918e+02	 98	 1.251124e+02	 783.33	 733.34	 53.00	 34	 0.24	 
MRI_faces_145	 1	 8	 2240.jpg	 1.280956e+02	 22	 9.250507e+02	 220	 7.336244e+02	 98	 1.291123e+02	 783.33	 750.00	 50.00	 59	 0.28	 
MRI_faces_145	 1	 8	 1080.jpg	 1.300957e+02	 24	 999000	 240	 999000	 999	 1.311123e+02	 783.33	 750.00	 54.00	 12	 0.23	 
MRI_faces_145	 1	 8	 1204.jpg	 1.350958e+02	 11	 9.428467e+02	 110	 7.836327e+02	 98	 1.361123e+02	 800.00	 750.00	 18.00	 24	 0.61	 
MRI_faces_145	 1	 8	 2209.jpg	 1.370957e+02	 24	 999000	 240	 999000	 999	 1.381125e+02	 800.00	 750.00	 39.00	 55	 0.42	 
MRI_faces_145	 1	 8	 1050.jpg	 1.390961e+02	 12	 999000	 120	 999000	 999	 1.401129e+02	 800.00	 750.00	 6.00	 8	 0.82	 
MRI_faces_145	 1	 8	 2164.jpg	 1.430967e+02	 22	 1.028941e+03	 2200	 7.503522e+02	 98	 1.441135e+02	 800.00	 700.00	 44.00	 52	 0.38	 
MRI_faces_145	 1	 8	 1013.jpg	 1.450970e+02	 12	 999000	 120	 999000	 999	 1.461138e+02	 800.00	 700.00	 20.00	 2	 0.60	 
MRI_faces_145	 1	 8	 1027.jpg	 1.470974e+02	 11	 9.872394e+02	 110	 8.002760e+02	 98	 1.481142e+02	 816.66	 700.00	 12.00	 5	 0.73	 
MRI_faces_145	 1	 8	 1202.jpg	 1.500979e+02	 12	 999000	 120	 999000	 999	 1.511147e+02	 816.66	 700.00	 9.00	 23	 0.75	 
MRI_faces_145	 1	 8	 2053.jpg	 1.520983e+02	 11	 9.843194e+02	 110	 8.169490e+02	 98	 1.531151e+02	 833.33	 700.00	 13.00	 39	 0.71	 
MRI_faces_145	 1	 8	 1130.jpg	 1.560990e+02	 24	 999000	 240	 999000	 999	 1.571158e+02	 833.33	 700.00	 43.00	 15	 0.39	 
MRI_faces_145	 1	 8	 2118.jpg	 1.621000e+02	 12	 3.966893e+02	 12	 999000	 98	 1.631169e+02	 833.33	 700.00	 11.00	 46	 0.74	 
MRI_faces_145	 1	 8	 2128.jpg	 1.651006e+02	 12	 999000	 120	 999000	 999	 1.661174e+02	 833.33	 700.00	 14.00	 48	 0.70	 
MRI_faces_145	 1	 8	 2041.jpg	 1.671009e+02	 22	 1.108770e+03	 2200	 7.003021e+02	 98	 1.681177e+02	 833.33	 650.00	 52.00	 36	 0.26	 
MRI_faces_145	 1	 8	 1255.jpg	 1.691014e+02	 12	 999000	 120	 999000	 999	 1.701181e+02	 833.33	 650.00	 16.00	 29	 0.63	 
MRI_faces_145	 1	 8	 1262.jpg	 1.711016e+02	 12	 999000	 120	 999000	 999	 1.721184e+02	 833.33	 650.00	 5.00	 30	 0.83	 
MRI_faces_145	 1	 8	 2089.jpg	 1.731019e+02	 24	 999000	 240	 999000	 999	 1.741187e+02	 833.33	 650.00	 42.00	 42	 0.40	 
MRI_faces_145	 1	 8	 1146.jpg	 1.761025e+02	 24	 999000	 240	 999000	 999	 1.771193e+02	 833.33	 650.00	 56.00	 17	 0.20	 
MRI_faces_145	 1	 8	 1035.jpg	 1.800964e+02	 12	 999000	 120	 999000	 999	 1.811130e+02	 833.33	 650.00	 4.00	 7	 0.85	 
MRI_faces_145	 1	 8	 2153.jpg	 1.830965e+02	 12	 999000	 120	 999000	 999	 1.841131e+02	 833.33	 650.00	 8.00	 50	 0.76	 
MRI_faces_145	 1	 8	 1114.jpg	 1.870965e+02	 12	 999000	 120	 999000	 999	 1.881131e+02	 833.33	 650.00	 21.00	 13	 0.59	 
MRI_faces_145	 1	 8	 2110.jpg	 1.920965e+02	 24	 999000	 240	 999000	 999	 1.931132e+02	 833.33	 650.00	 51.00	 44	 0.26	 
MRI_faces_145	 1	 8	 1073.jpg	 1.960968e+02	 22	 9.358617e+02	 220	 6.502624e+02	 98	 1.971132e+02	 833.33	 666.67	 45.00	 11	 0.35	 
MRI_faces_145	 1	 8	 2112.jpg	 1.990967e+02	 12	 999000	 120	 999000	 999	 2.001133e+02	 833.33	 666.67	 22.00	 45	 0.58	 
MRI_faces_145	 1	 8	 1060.jpg	 2.010967e+02	 24	 999000	 240	 999000	 999	 2.021133e+02	 833.33	 666.67	 55.00	 10	 0.21	 
MRI_faces_145	 1	 8	 1226.jpg	 2.030967e+02	 22	 9.698943e+02	 220	 6.669225e+02	 98	 2.041135e+02	 833.33	 683.34	 47.00	 27	 0.31	 
MRI_faces_145	 1	 8	 2125.jpg	 2.100969e+02	 11	 1.107765e+03	 1100	 8.336290e+02	 98	 2.111253e+02	 783.33	 683.34	 10.00	 47	 0.74	 
MRI_faces_145	 1	 8	 2015.jpg	 2.130968e+02	 12	 999000	 120	 999000	 999	 2.141135e+02	 783.33	 683.34	 19.00	 33	 0.60	 
MRI_faces_145	 1	 8	 2155.jpg	 2.150969e+02	 24	 999000	 240	 999000	 999	 2.161136e+02	 783.33	 683.34	 48.00	 51	 0.31	 
MRI_faces_145	 1	 8	 1127.jpg	 2.190970e+02	 24	 999000	 240	 999000	 999	 2.201138e+02	 783.33	 683.34	 49.00	 14	 0.28	 
MRI_faces_145	 1	 8	 1192.jpg	 2.210971e+02	 24	 999000	 240	 999000	 999	 2.221137e+02	 783.33	 683.34	 57.00	 22	 0.18	 
MRI_faces_145	 1	 8	 1246.jpg	 2.240970e+02	 24	 999000	 240	 999000	 999	 2.251138e+02	 783.33	 683.34	 46.00	 28	 0.32	 
MRI_faces_145	 1	 8	 2181.jpg	 2.260970e+02	 11	 1.034614e+03	 1100	 7.835911e+02	 98	 2.271137e+02	 733.33	 683.34	 7.00	 53	 0.77	 
MRI_faces_145	 1	 8	 2043.jpg	 2.300971e+02	 11	 9.125499e+02	 110	 7.335780e+02	 98	 2.311138e+02	 750.00	 683.34	 15.00	 37	 0.63	 
MRI_faces_145	 1	 8	 2058.jpg	 2.320973e+02	 24	 999000	 240	 999000	 999	 2.331138e+02	 750.00	 683.34	 41.00	 40	 0.40	 
MRI_faces_145	 1	 8	 1150.jpg	 2.360972e+02	 24	 999000	 240	 999000	 999	 2.371140e+02	 750.00	 683.34	 58.00	 18	 0.15	 
MRI_faces_145	 1	 8	 1216.jpg	 2.390972e+02	 12	 999000	 120	 999000	 999	 2.401139e+02	 750.00	 683.34	 17.00	 26	 0.63	 
MRI_faces_145	 1	 8	 1007.jpg	 2.410973e+02	 24	 999000	 240	 999000	 999	 2.421143e+02	 750.00	 683.34	 40.00	 1	 0.41	 
MRI_faces_145	 1	 8	 2094.jpg	 2.440977e+02	 12	 999000	 120	 999000	 999	 2.451146e+02	 750.00	 683.34	 3.00	 43	 0.87	 
