subjectID	 order	 runNum	 itemName	 onsetTime	 shuff_trialType	 RT	 respInTime	 AudioTime	 response	 fixationTime	 ladder1	 ladder2	 bidIndex	 itemNameIndex	 bidValue	 
MRI_faces_107	 1	 3	 2181.jpg	 2.260291e+00	 12	 999000	 120	 999000	 999	 3.276798e+00	 683.34	 683.34	 9.00	 53	 0.81	 
MRI_faces_107	 1	 3	 1052.jpg	 6.253023e+00	 22	 1.019937e+03	 2200	 6.859778e+02	 98	 7.269745e+00	 683.34	 633.34	 53.00	 9	 0.22	 
MRI_faces_107	 1	 3	 2094.jpg	 8.253346e+00	 12	 999000	 120	 999000	 999	 9.270053e+00	 683.34	 633.34	 20.00	 43	 0.62	 
MRI_faces_107	 1	 3	 2149.jpg	 1.325425e+01	 24	 999000	 240	 999000	 999	 1.427100e+01	 683.34	 633.34	 40.00	 49	 0.37	 
MRI_faces_107	 1	 3	 2128.jpg	 1.525462e+01	 11	 9.303339e+02	 110	 6.856809e+02	 98	 1.627134e+01	 700.01	 633.34	 18.00	 48	 0.64	 
MRI_faces_107	 1	 3	 1216.jpg	 1.725486e+01	 24	 999000	 240	 999000	 999	 1.827178e+01	 700.01	 633.34	 46.00	 26	 0.25	 
MRI_faces_107	 1	 3	 1226.jpg	 2.125560e+01	 22	 8.603707e+02	 220	 6.335967e+02	 98	 2.227237e+01	 700.01	 650.01	 50.00	 27	 0.22	 
MRI_faces_107	 1	 3	 1127.jpg	 2.325591e+01	 24	 999000	 240	 999000	 999	 2.427276e+01	 700.01	 650.01	 56.00	 14	 0.18	 
MRI_faces_107	 1	 3	 2125.jpg	 2.525648e+01	 11	 9.274785e+02	 110	 7.002764e+02	 98	 2.627315e+01	 716.67	 650.01	 10.00	 47	 0.79	 
MRI_faces_107	 1	 3	 2229.jpg	 2.825683e+01	 12	 999000	 120	 999000	 999	 2.927368e+01	 716.67	 650.01	 3.00	 58	 0.86	 
MRI_faces_107	 1	 3	 2164.jpg	 3.025716e+01	 22	 8.828343e+02	 220	 6.502849e+02	 98	 3.127402e+01	 716.67	 666.67	 47.00	 52	 0.24	 
MRI_faces_107	 1	 3	 2194.jpg	 3.425794e+01	 22	 1.012030e+03	 2200	 6.669826e+02	 98	 3.527593e+01	 716.67	 616.67	 52.00	 54	 0.22	 
MRI_faces_107	 1	 3	 2010.jpg	 4.025895e+01	 12	 999000	 120	 999000	 999	 4.127746e+01	 716.67	 616.67	 5.00	 32	 0.85	 
MRI_faces_107	 1	 3	 1017.jpg	 4.325950e+01	 24	 999000	 240	 999000	 999	 4.427754e+01	 716.67	 616.67	 48.00	 3	 0.23	 
MRI_faces_107	 1	 3	 1183.jpg	 4.524427e+01	 22	 8.716817e+02	 220	 6.169320e+02	 98	 4.626093e+01	 716.67	 633.34	 45.00	 20	 0.31	 
MRI_faces_107	 1	 3	 2045.jpg	 4.724448e+01	 11	 9.814710e+02	 110	 7.169483e+02	 98	 4.826095e+01	 733.34	 633.34	 15.00	 38	 0.66	 
MRI_faces_107	 1	 3	 1204.jpg	 4.924443e+01	 24	 999000	 240	 999000	 999	 5.026096e+01	 733.34	 633.34	 43.00	 24	 0.32	 
MRI_faces_107	 1	 3	 2153.jpg	 5.124439e+01	 11	 9.995819e+02	 110	 7.335901e+02	 98	 5.226119e+01	 750.01	 633.34	 7.00	 50	 0.83	 
MRI_faces_107	 1	 3	 1145.jpg	 5.424450e+01	 24	 999000	 240	 999000	 999	 5.526159e+01	 750.01	 633.34	 49.00	 16	 0.23	 
MRI_faces_107	 1	 3	 2212.jpg	 5.824550e+01	 12	 999000	 120	 999000	 999	 5.926219e+01	 750.01	 633.34	 11.00	 56	 0.78	 
MRI_faces_107	 1	 3	 1146.jpg	 6.124596e+01	 24	 999000	 240	 999000	 999	 6.226285e+01	 750.01	 633.34	 57.00	 17	 0.14	 
MRI_faces_107	 1	 3	 2043.jpg	 6.524674e+01	 24	 999000	 240	 999000	 999	 6.626351e+01	 750.01	 633.34	 42.00	 37	 0.34	 
MRI_faces_107	 1	 3	 2015.jpg	 7.024752e+01	 12	 999000	 120	 999000	 999	 7.126436e+01	 750.01	 633.34	 8.00	 33	 0.82	 
MRI_faces_107	 1	 3	 1191.jpg	 7.424825e+01	 22	 9.317200e+02	 220	 6.336601e+02	 98	 7.526507e+01	 750.01	 650.01	 44.00	 21	 0.31	 
MRI_faces_107	 1	 3	 2039.jpg	 7.724877e+01	 12	 999000	 120	 999000	 999	 7.826574e+01	 750.01	 650.01	 6.00	 35	 0.84	 
MRI_faces_107	 1	 3	 1027.jpg	 7.924928e+01	 12	 999000	 120	 999000	 999	 8.026599e+01	 750.01	 650.01	 19.00	 5	 0.64	 
MRI_faces_107	 1	 3	 2112.jpg	 8.124947e+01	 12	 999000	 120	 999000	 999	 8.226632e+01	 750.01	 650.01	 4.00	 45	 0.85	 
MRI_faces_107	 1	 3	 1173.jpg	 8.825077e+01	 24	 999000	 240	 999000	 999	 8.926755e+01	 750.01	 650.01	 58.00	 19	 0.13	 
MRI_faces_107	 1	 3	 2041.jpg	 9.125126e+01	 12	 999000	 120	 999000	 999	 9.226812e+01	 750.01	 650.01	 14.00	 36	 0.70	 
MRI_faces_107	 1	 3	 1192.jpg	 9.325164e+01	 24	 999000	 240	 999000	 999	 9.426847e+01	 750.01	 650.01	 55.00	 22	 0.18	 
MRI_faces_107	 1	 3	 1246.jpg	 9.725231e+01	 24	 999000	 240	 999000	 999	 9.826917e+01	 750.01	 650.01	 54.00	 28	 0.21	 
MRI_faces_107	 1	 3	 1114.jpg	 9.925264e+01	 12	 999000	 120	 999000	 999	 1.002695e+02	 750.01	 650.01	 17.00	 13	 0.64	 
MRI_faces_107	 1	 3	 1262.jpg	 1.022532e+02	 12	 999000	 120	 999000	 999	 1.032700e+02	 750.01	 650.01	 16.00	 30	 0.66	 
MRI_faces_107	 1	 3	 1013.jpg	 1.042536e+02	 24	 999000	 240	 999000	 999	 1.052704e+02	 750.01	 650.01	 41.00	 2	 0.37	 
MRI_faces_107	 1	 3	 1210.jpg	 1.082543e+02	 24	 999000	 240	 999000	 999	 1.092711e+02	 750.01	 650.01	 39.00	 25	 0.38	 
MRI_faces_107	 1	 3	 2118.jpg	 1.102547e+02	 12	 999000	 120	 999000	 999	 1.112714e+02	 750.01	 650.01	 22.00	 46	 0.61	 
MRI_faces_107	 1	 3	 2024.jpg	 1.142553e+02	 11	 1.003716e+03	 1100	 7.502707e+02	 98	 1.152745e+02	 700.01	 650.01	 12.00	 34	 0.77	 
MRI_faces_107	 1	 3	 2248.jpg	 1.172558e+02	 11	 9.951837e+02	 110	 7.002728e+02	 98	 1.182728e+02	 716.67	 650.01	 13.00	 60	 0.71	 
MRI_faces_107	 1	 3	 1073.jpg	 1.192562e+02	 12	 999000	 120	 999000	 999	 1.202730e+02	 716.67	 650.01	 21.00	 11	 0.62	 
MRI_faces_107	 1	 3	 1150.jpg	 1.222567e+02	 24	 999000	 240	 999000	 999	 1.232736e+02	 716.67	 650.01	 51.00	 18	 0.22	 
