subjectID	 order	 runNum	 itemName	 onsetTime	 shuff_trialType	 RT	 respInTime	 AudioTime	 response	 fixationTime	 ladder1	 ladder2	 bidIndex	 itemNameIndex	 bidValue	 
MRI_faces_133	 1	 10	 1204.jpg	 1.242306e+02	 22	 1.005299e+03	 2200	 7.169893e+02	 98	 1.252475e+02	 650.01	 666.68	 47.00	 24	 0.26	 
MRI_faces_133	 1	 10	 1210.jpg	 1.272307e+02	 24	 999000	 240	 999000	 999	 1.282474e+02	 650.01	 666.68	 43.00	 25	 0.30	 
MRI_faces_133	 1	 10	 2128.jpg	 1.312308e+02	 12	 999000	 120	 999000	 999	 1.322474e+02	 650.01	 666.68	 20.00	 48	 0.64	 
MRI_faces_133	 1	 10	 1150.jpg	 1.342309e+02	 24	 999000	 240	 999000	 999	 1.352475e+02	 650.01	 666.68	 54.00	 18	 0.21	 
MRI_faces_133	 1	 10	 2112.jpg	 1.382309e+02	 12	 999000	 120	 999000	 999	 1.392475e+02	 650.01	 666.68	 3.00	 45	 0.89	 
MRI_faces_133	 1	 10	 2089.jpg	 1.412309e+02	 12	 999000	 120	 999000	 999	 1.422476e+02	 650.01	 666.68	 4.00	 42	 0.88	 
MRI_faces_133	 1	 10	 1050.jpg	 1.432310e+02	 24	 999000	 240	 999000	 999	 1.442476e+02	 650.01	 666.68	 41.00	 8	 0.33	 
MRI_faces_133	 1	 10	 2125.jpg	 1.462310e+02	 12	 999000	 120	 999000	 999	 1.472477e+02	 650.01	 666.68	 9.00	 47	 0.76	 
MRI_faces_133	 1	 10	 2006.jpg	 1.492311e+02	 11	 9.208628e+02	 110	 6.502738e+02	 98	 1.502477e+02	 666.68	 666.68	 15.00	 31	 0.72	 
MRI_faces_133	 1	 10	 2041.jpg	 1.542312e+02	 12	 999000	 120	 999000	 999	 1.552478e+02	 666.68	 666.68	 21.00	 36	 0.62	 
MRI_faces_133	 1	 10	 2153.jpg	 1.562312e+02	 11	 9.237150e+02	 110	 6.669490e+02	 98	 1.572478e+02	 683.34	 666.68	 12.00	 50	 0.73	 
MRI_faces_133	 1	 10	 1052.jpg	 1.582313e+02	 24	 999000	 240	 999000	 999	 1.592480e+02	 683.34	 666.68	 49.00	 9	 0.23	 
MRI_faces_133	 1	 10	 2212.jpg	 1.622312e+02	 12	 999000	 120	 999000	 999	 1.632479e+02	 683.34	 666.68	 17.00	 56	 0.68	 
MRI_faces_133	 1	 10	 2209.jpg	 1.692320e+02	 11	 9.359211e+02	 110	 6.835982e+02	 98	 1.702488e+02	 700.01	 666.68	 13.00	 55	 0.73	 
MRI_faces_133	 1	 10	 2248.jpg	 1.712324e+02	 12	 999000	 120	 999000	 999	 1.722492e+02	 700.01	 666.68	 5.00	 60	 0.85	 
MRI_faces_133	 1	 10	 2010.jpg	 1.732327e+02	 12	 999000	 120	 999000	 999	 1.742496e+02	 700.01	 666.68	 6.00	 32	 0.80	 
MRI_faces_133	 1	 10	 2118.jpg	 1.752315e+02	 11	 9.404474e+02	 110	 7.002779e+02	 98	 1.762500e+02	 716.68	 666.68	 7.00	 46	 0.77	 
MRI_faces_133	 1	 10	 1019.jpg	 1.772315e+02	 24	 999000	 240	 999000	 999	 1.782502e+02	 716.68	 666.68	 57.00	 4	 0.18	 
MRI_faces_133	 1	 10	 1027.jpg	 1.792316e+02	 24	 999000	 240	 999000	 999	 1.802482e+02	 716.68	 666.68	 58.00	 5	 0.17	 
MRI_faces_133	 1	 10	 1173.jpg	 1.822316e+02	 22	 9.133729e+02	 220	 6.669195e+02	 98	 1.832482e+02	 716.68	 683.35	 45.00	 19	 0.28	 
MRI_faces_133	 1	 10	 1191.jpg	 1.842316e+02	 24	 999000	 240	 999000	 999	 1.852482e+02	 716.68	 683.35	 51.00	 21	 0.22	 
MRI_faces_133	 1	 10	 2094.jpg	 1.862317e+02	 12	 999000	 120	 999000	 999	 1.872483e+02	 716.68	 683.35	 22.00	 43	 0.61	 
MRI_faces_133	 1	 10	 2149.jpg	 1.902316e+02	 22	 1.011338e+03	 2200	 6.836111e+02	 98	 1.912490e+02	 716.68	 633.35	 53.00	 49	 0.21	 
MRI_faces_133	 1	 10	 1013.jpg	 1.942317e+02	 24	 999000	 240	 999000	 999	 1.952483e+02	 716.68	 633.35	 39.00	 2	 0.38	 
MRI_faces_133	 1	 10	 1202.jpg	 2.002318e+02	 12	 999000	 120	 999000	 999	 2.012487e+02	 716.68	 633.35	 11.00	 23	 0.73	 
MRI_faces_133	 1	 10	 2024.jpg	 2.022319e+02	 12	 999000	 120	 999000	 999	 2.032484e+02	 716.68	 633.35	 19.00	 34	 0.65	 
MRI_faces_133	 1	 10	 1146.jpg	 2.042319e+02	 24	 999000	 240	 999000	 999	 2.052486e+02	 716.68	 633.35	 46.00	 17	 0.27	 
MRI_faces_133	 1	 10	 1080.jpg	 2.062318e+02	 24	 999000	 240	 999000	 999	 2.072486e+02	 716.68	 633.35	 55.00	 12	 0.21	 
MRI_faces_133	 1	 10	 1073.jpg	 2.102319e+02	 22	 8.599793e+02	 220	 6.336145e+02	 98	 2.112486e+02	 716.68	 650.01	 50.00	 11	 0.23	 
MRI_faces_133	 1	 10	 1226.jpg	 2.122320e+02	 24	 999000	 240	 999000	 999	 2.132486e+02	 716.68	 650.01	 56.00	 27	 0.19	 
MRI_faces_133	 1	 10	 2043.jpg	 2.142321e+02	 12	 999000	 120	 999000	 999	 2.152489e+02	 716.68	 650.01	 8.00	 37	 0.77	 
MRI_faces_133	 1	 10	 2240.jpg	 2.162321e+02	 11	 9.748703e+02	 110	 7.169762e+02	 98	 2.172487e+02	 733.34	 650.01	 10.00	 59	 0.74	 
MRI_faces_133	 1	 10	 1246.jpg	 2.202323e+02	 24	 999000	 240	 999000	 999	 2.212487e+02	 733.34	 650.01	 40.00	 28	 0.36	 
MRI_faces_133	 1	 10	 1017.jpg	 2.242322e+02	 22	 8.897530e+02	 220	 6.502833e+02	 98	 2.252488e+02	 733.34	 666.68	 52.00	 3	 0.22	 
MRI_faces_133	 1	 10	 2058.jpg	 2.272322e+02	 12	 999000	 120	 999000	 999	 2.282490e+02	 733.34	 666.68	 16.00	 40	 0.69	 
MRI_faces_133	 1	 10	 2218.jpg	 2.322323e+02	 12	 999000	 120	 999000	 999	 2.332491e+02	 733.34	 666.68	 14.00	 57	 0.72	 
MRI_faces_133	 1	 10	 1060.jpg	 2.342323e+02	 22	 9.145760e+02	 220	 6.670386e+02	 98	 2.352490e+02	 733.34	 683.35	 44.00	 10	 0.30	 
MRI_faces_133	 1	 10	 1192.jpg	 2.372323e+02	 24	 999000	 240	 999000	 999	 2.382491e+02	 733.34	 683.35	 48.00	 22	 0.26	 
MRI_faces_133	 1	 10	 2194.jpg	 2.412326e+02	 11	 9.613693e+02	 110	 7.336283e+02	 98	 2.422491e+02	 750.01	 683.35	 18.00	 54	 0.68	 
MRI_faces_133	 1	 10	 1127.jpg	 2.442325e+02	 24	 999000	 240	 999000	 999	 2.452492e+02	 750.01	 683.35	 42.00	 14	 0.32	 
