subjectID	 order	 runNum	 itemName	 onsetTime	 shuff_trialType	 RT	 respInTime	 AudioTime	 response	 fixationTime	 ladder1	 ladder2	 bidIndex	 itemNameIndex	 bidValue	 
MRI_faces_109	 1	 5	 2006.jpg	 2.409388e+00	 12	 999000	 120	 999000	 999	 3.430432e+00	 750.00	 750.00	 8.00	 31	 0.76	 
MRI_faces_109	 1	 5	 1060.jpg	 5.396668e+00	 24	 999000	 240	 999000	 999	 6.413571e+00	 750.00	 750.00	 51.00	 10	 0.23	 
MRI_faces_109	 1	 5	 2153.jpg	 9.397421e+00	 12	 999000	 120	 999000	 999	 1.041511e+01	 750.00	 750.00	 19.00	 50	 0.63	 
MRI_faces_109	 1	 5	 2155.jpg	 1.239789e+01	 24	 999000	 240	 999000	 999	 1.341469e+01	 750.00	 750.00	 41.00	 51	 0.38	 
MRI_faces_109	 1	 5	 2125.jpg	 1.639857e+01	 11	 1.060537e+03	 1100	 7.519132e+02	 98	 1.741542e+01	 700.00	 750.00	 10.00	 47	 0.74	 
MRI_faces_109	 1	 5	 2112.jpg	 1.939911e+01	 11	 9.249963e+02	 110	 7.002511e+02	 98	 2.041591e+01	 716.67	 750.00	 13.00	 45	 0.69	 
MRI_faces_109	 1	 5	 2094.jpg	 2.139949e+01	 12	 999000	 120	 999000	 999	 2.241634e+01	 716.67	 750.00	 4.00	 43	 0.84	 
MRI_faces_109	 1	 5	 1216.jpg	 2.440000e+01	 11	 9.491482e+02	 110	 7.169413e+02	 98	 2.541680e+01	 733.33	 750.00	 15.00	 26	 0.69	 
MRI_faces_109	 1	 5	 2212.jpg	 2.740057e+01	 12	 999000	 120	 999000	 999	 2.841733e+01	 733.33	 750.00	 16.00	 56	 0.66	 
MRI_faces_109	 1	 5	 1183.jpg	 3.240135e+01	 24	 4.357506e+02	 24	 999000	 98	 3.341822e+01	 733.33	 750.00	 55.00	 20	 0.20	 
MRI_faces_109	 1	 5	 2043.jpg	 3.440172e+01	 22	 1.007415e+03	 2200	 7.516656e+02	 98	 3.541864e+01	 733.33	 700.00	 45.00	 37	 0.30	 
MRI_faces_109	 1	 5	 2149.jpg	 3.640215e+01	 24	 999000	 240	 999000	 999	 3.741888e+01	 733.33	 700.00	 43.00	 49	 0.31	 
MRI_faces_109	 1	 5	 1027.jpg	 4.040286e+01	 24	 999000	 240	 999000	 999	 4.141983e+01	 733.33	 700.00	 39.00	 5	 0.39	 
MRI_faces_109	 1	 5	 1013.jpg	 4.740410e+01	 11	 1.041002e+03	 1100	 7.335906e+02	 98	 4.842091e+01	 683.33	 700.00	 12.00	 2	 0.70	 
MRI_faces_109	 1	 5	 2248.jpg	 4.940437e+01	 11	 9.307281e+02	 110	 6.835903e+02	 98	 5.042123e+01	 700.00	 700.00	 18.00	 60	 0.64	 
MRI_faces_109	 1	 5	 2041.jpg	 5.140498e+01	 24	 999000	 240	 999000	 999	 5.242156e+01	 700.00	 700.00	 56.00	 36	 0.20	 
MRI_faces_109	 1	 5	 1202.jpg	 5.340510e+01	 12	 999000	 120	 999000	 999	 5.442191e+01	 700.00	 700.00	 17.00	 23	 0.65	 
MRI_faces_109	 1	 5	 1246.jpg	 5.539329e+01	 22	 9.838331e+02	 220	 7.002675e+02	 98	 5.640998e+01	 700.00	 716.67	 44.00	 28	 0.31	 
MRI_faces_109	 1	 5	 1130.jpg	 5.739333e+01	 22	 1.067753e+03	 2200	 7.169162e+02	 98	 5.840990e+01	 700.00	 666.67	 47.00	 15	 0.30	 
MRI_faces_109	 1	 5	 2053.jpg	 6.039337e+01	 12	 999000	 120	 999000	 999	 6.141009e+01	 700.00	 666.67	 21.00	 39	 0.61	 
MRI_faces_109	 1	 5	 1262.jpg	 6.239346e+01	 12	 999000	 120	 999000	 999	 6.341000e+01	 700.00	 666.67	 14.00	 30	 0.69	 
MRI_faces_109	 1	 5	 2118.jpg	 6.439337e+01	 12	 999000	 120	 999000	 999	 6.541003e+01	 700.00	 666.67	 5.00	 46	 0.79	 
MRI_faces_109	 1	 5	 1226.jpg	 6.839344e+01	 22	 8.626703e+02	 220	 6.669384e+02	 98	 6.941008e+01	 700.00	 683.33	 52.00	 27	 0.23	 
MRI_faces_109	 1	 5	 2010.jpg	 7.239351e+01	 12	 999000	 120	 999000	 999	 7.341018e+01	 700.00	 683.33	 9.00	 32	 0.76	 
MRI_faces_109	 1	 5	 2110.jpg	 7.839363e+01	 22	 8.814795e+02	 220	 6.836159e+02	 98	 7.941031e+01	 700.00	 700.00	 53.00	 44	 0.22	 
MRI_faces_109	 1	 5	 2024.jpg	 8.039364e+01	 24	 999000	 240	 999000	 999	 8.141031e+01	 700.00	 700.00	 42.00	 34	 0.33	 
MRI_faces_109	 1	 5	 2194.jpg	 8.239367e+01	 24	 999000	 240	 999000	 999	 8.341037e+01	 700.00	 700.00	 48.00	 54	 0.29	 
MRI_faces_109	 1	 5	 1204.jpg	 8.439388e+01	 24	 999000	 240	 999000	 999	 8.541067e+01	 700.00	 700.00	 54.00	 24	 0.21	 
MRI_faces_109	 1	 5	 1031.jpg	 8.839461e+01	 11	 9.464931e+02	 110	 7.002550e+02	 98	 8.941141e+01	 716.67	 700.00	 7.00	 6	 0.76	 
MRI_faces_109	 1	 5	 1050.jpg	 9.039491e+01	 12	 999000	 120	 999000	 999	 9.141175e+01	 716.67	 700.00	 6.00	 8	 0.79	 
MRI_faces_109	 1	 5	 2128.jpg	 9.239526e+01	 24	 999000	 240	 999000	 999	 9.341214e+01	 716.67	 700.00	 49.00	 48	 0.25	 
MRI_faces_109	 1	 5	 1127.jpg	 9.439570e+01	 24	 999000	 240	 999000	 999	 9.541239e+01	 716.67	 700.00	 58.00	 14	 0.18	 
MRI_faces_109	 1	 5	 2240.jpg	 9.839637e+01	 22	 9.137241e+02	 220	 7.003067e+02	 98	 9.941311e+01	 716.67	 716.67	 50.00	 59	 0.23	 
MRI_faces_109	 1	 5	 2181.jpg	 1.023971e+02	 12	 999000	 120	 999000	 999	 1.034138e+02	 716.67	 716.67	 22.00	 53	 0.60	 
MRI_faces_109	 1	 5	 2063.jpg	 1.053976e+02	 12	 999000	 120	 999000	 999	 1.064144e+02	 716.67	 716.67	 11.00	 41	 0.73	 
MRI_faces_109	 1	 5	 1150.jpg	 1.103984e+02	 24	 999000	 240	 999000	 999	 1.114152e+02	 716.67	 716.67	 40.00	 18	 0.39	 
MRI_faces_109	 1	 5	 2058.jpg	 1.123988e+02	 24	 999000	 240	 999000	 999	 1.134156e+02	 716.67	 716.67	 46.00	 40	 0.30	 
MRI_faces_109	 1	 5	 2229.jpg	 1.153994e+02	 12	 999000	 120	 999000	 999	 1.164161e+02	 716.67	 716.67	 20.00	 58	 0.62	 
MRI_faces_109	 1	 5	 1210.jpg	 1.194001e+02	 12	 999000	 120	 999000	 999	 1.204169e+02	 716.67	 716.67	 3.00	 25	 0.84	 
MRI_faces_109	 1	 5	 1052.jpg	 1.224006e+02	 24	 999000	 240	 999000	 999	 1.234173e+02	 716.67	 716.67	 57.00	 9	 0.20	 
