subjectID	 order	 runNum	 itemName	 onsetTime	 shuff_trialType	 RT	 respInTime	 AudioTime	 response	 fixationTime	 ladder1	 ladder2	 bidIndex	 itemNameIndex	 bidValue	 
MRI_faces_147	 1	 15	 1150.jpg	 2.310230e+00	 24	 999000	 240	 999000	 999	 3.326668e+00	 616.66	 683.31	 48.00	 18	 0.29	 
MRI_faces_147	 1	 15	 2010.jpg	 4.310159e+00	 22	 9.957632e+02	 220	 6.859061e+02	 98	 5.326741e+00	 616.66	 699.98	 52.00	 32	 0.24	 
MRI_faces_147	 1	 15	 2149.jpg	 7.310061e+00	 24	 999000	 240	 999000	 999	 8.326710e+00	 616.66	 699.98	 55.00	 49	 0.19	 
MRI_faces_147	 1	 15	 2039.jpg	 1.031020e+01	 12	 999000	 120	 999000	 999	 1.132678e+01	 616.66	 699.98	 20.00	 35	 0.66	 
MRI_faces_147	 1	 15	 2112.jpg	 1.231023e+01	 12	 999000	 120	 999000	 999	 1.332675e+01	 616.66	 699.98	 4.00	 45	 0.84	 
MRI_faces_147	 1	 15	 2015.jpg	 1.631017e+01	 22	 9.377869e+02	 220	 7.002587e+02	 98	 1.732687e+01	 616.66	 716.64	 44.00	 33	 0.31	 
MRI_faces_147	 1	 15	 1114.jpg	 2.130887e+01	 12	 999000	 120	 999000	 999	 2.232691e+01	 616.66	 716.64	 22.00	 13	 0.64	 
MRI_faces_147	 1	 15	 2218.jpg	 2.331039e+01	 22	 1.095540e+03	 2200	 7.169293e+02	 98	 2.432701e+01	 616.66	 666.64	 45.00	 57	 0.30	 
MRI_faces_147	 1	 15	 2155.jpg	 2.631033e+01	 24	 999000	 240	 999000	 999	 2.732709e+01	 616.66	 666.64	 40.00	 51	 0.36	 
MRI_faces_147	 1	 15	 1007.jpg	 2.831037e+01	 12	 999000	 120	 999000	 999	 2.932709e+01	 616.66	 666.64	 17.00	 1	 0.67	 
MRI_faces_147	 1	 15	 2058.jpg	 3.429419e+01	 24	 999000	 240	 999000	 999	 3.531121e+01	 616.66	 666.64	 51.00	 40	 0.26	 
MRI_faces_147	 1	 15	 1080.jpg	 3.729509e+01	 12	 999000	 120	 999000	 999	 3.831202e+01	 616.66	 666.64	 14.00	 12	 0.73	 
MRI_faces_147	 1	 15	 2209.jpg	 4.231062e+01	 22	 1.243322e+03	 2200	 6.669131e+02	 98	 4.332936e+01	 616.66	 616.64	 50.00	 55	 0.26	 
MRI_faces_147	 1	 15	 1183.jpg	 4.431075e+01	 24	 999000	 240	 999000	 999	 4.532975e+01	 616.66	 616.64	 43.00	 20	 0.33	 
MRI_faces_147	 1	 15	 1035.jpg	 4.629661e+01	 12	 999000	 120	 999000	 999	 4.731335e+01	 616.66	 616.64	 8.00	 7	 0.80	 
MRI_faces_147	 1	 15	 2043.jpg	 5.029740e+01	 24	 999000	 240	 999000	 999	 5.131404e+01	 616.66	 616.64	 42.00	 37	 0.34	 
MRI_faces_147	 1	 15	 1073.jpg	 5.229762e+01	 12	 999000	 120	 999000	 999	 5.331446e+01	 616.66	 616.64	 6.00	 11	 0.82	 
MRI_faces_147	 1	 15	 2248.jpg	 5.529834e+01	 12	 999000	 120	 999000	 999	 5.631498e+01	 616.66	 616.64	 21.00	 60	 0.65	 
MRI_faces_147	 1	 15	 1216.jpg	 5.829867e+01	 11	 9.372952e+02	 110	 6.190787e+02	 98	 5.931556e+01	 633.33	 616.64	 10.00	 26	 0.76	 
MRI_faces_147	 1	 15	 2128.jpg	 6.129924e+01	 24	 999000	 240	 999000	 999	 6.231602e+01	 633.33	 616.64	 41.00	 48	 0.36	 
MRI_faces_147	 1	 15	 1019.jpg	 6.329954e+01	 12	 999000	 120	 999000	 999	 6.431636e+01	 633.33	 616.64	 11.00	 4	 0.74	 
MRI_faces_147	 1	 15	 1192.jpg	 6.730027e+01	 24	 999000	 240	 999000	 999	 6.831710e+01	 633.33	 616.64	 56.00	 22	 0.19	 
MRI_faces_147	 1	 15	 1060.jpg	 6.930072e+01	 12	 999000	 120	 999000	 999	 7.031746e+01	 633.33	 616.64	 19.00	 10	 0.66	 
MRI_faces_147	 1	 15	 2181.jpg	 7.130103e+01	 12	 999000	 120	 999000	 999	 7.231792e+01	 633.33	 616.64	 9.00	 53	 0.77	 
MRI_faces_147	 1	 15	 1204.jpg	 7.330130e+01	 24	 999000	 240	 999000	 999	 7.431813e+01	 633.33	 616.64	 57.00	 24	 0.18	 
MRI_faces_147	 1	 15	 1050.jpg	 7.530175e+01	 11	 9.181909e+02	 110	 6.335938e+02	 98	 7.631852e+01	 649.99	 616.64	 15.00	 8	 0.70	 
MRI_faces_147	 1	 15	 2006.jpg	 7.930249e+01	 12	 999000	 120	 999000	 999	 8.031939e+01	 649.99	 616.64	 5.00	 31	 0.83	 
MRI_faces_147	 1	 15	 2212.jpg	 8.330311e+01	 24	 999000	 240	 999000	 999	 8.431989e+01	 649.99	 616.64	 39.00	 56	 0.37	 
MRI_faces_147	 1	 15	 2164.jpg	 8.730386e+01	 24	 999000	 240	 999000	 999	 8.832064e+01	 649.99	 616.64	 58.00	 52	 0.18	 
MRI_faces_147	 1	 15	 1202.jpg	 9.030451e+01	 12	 999000	 120	 999000	 999	 9.132125e+01	 649.99	 616.64	 3.00	 23	 0.87	 
MRI_faces_147	 1	 15	 2194.jpg	 9.230463e+01	 22	 9.083036e+02	 220	 6.169161e+02	 98	 9.332147e+01	 649.99	 633.31	 53.00	 54	 0.21	 
MRI_faces_147	 1	 15	 1013.jpg	 9.430507e+01	 11	 9.328527e+02	 110	 6.502652e+02	 98	 9.532178e+01	 666.66	 633.31	 13.00	 2	 0.73	 
MRI_faces_147	 1	 15	 2089.jpg	 9.630542e+01	 24	 999000	 240	 999000	 999	 9.732215e+01	 666.66	 633.31	 46.00	 42	 0.30	 
MRI_faces_147	 1	 15	 1226.jpg	 9.830566e+01	 22	 1.012244e+03	 2200	 6.336420e+02	 98	 9.932380e+01	 666.66	 583.31	 47.00	 27	 0.29	 
MRI_faces_147	 1	 15	 2153.jpg	 1.023065e+02	 12	 999000	 120	 999000	 999	 1.033232e+02	 666.66	 583.31	 16.00	 50	 0.70	 
MRI_faces_147	 1	 15	 1255.jpg	 1.043068e+02	 11	 8.841719e+02	 110	 6.669325e+02	 98	 1.053236e+02	 683.33	 583.31	 7.00	 29	 0.81	 
MRI_faces_147	 1	 15	 2110.jpg	 1.113080e+02	 24	 999000	 240	 999000	 999	 1.123249e+02	 683.33	 583.31	 54.00	 44	 0.20	 
MRI_faces_147	 1	 15	 1027.jpg	 1.153087e+02	 11	 1.099243e+03	 1100	 6.835941e+02	 98	 1.163255e+02	 633.33	 583.31	 12.00	 5	 0.73	 
MRI_faces_147	 1	 15	 2125.jpg	 1.183093e+02	 11	 8.826298e+02	 110	 6.335961e+02	 98	 1.193284e+02	 649.99	 583.31	 18.00	 47	 0.67	 
MRI_faces_147	 1	 15	 2094.jpg	 1.223101e+02	 24	 999000	 240	 999000	 999	 1.233285e+02	 649.99	 583.31	 49.00	 43	 0.27	 
