subjectID	 order	 runNum	 itemName	 onsetTime	 shuff_trialType	 RT	 respInTime	 AudioTime	 response	 fixationTime	 ladder1	 ladder2	 bidIndex	 itemNameIndex	 bidValue	 
MRI_faces_118	 2	 14	 1202.jpg	 1.241813e+02	 12	 999000	 120	 999000	 999	 1.251978e+02	 716.67	 583.34	 22.00	 23	 0.60	 
MRI_faces_118	 2	 14	 2118.jpg	 1.281773e+02	 12	 999000	 120	 999000	 999	 1.291941e+02	 716.67	 583.34	 15.00	 46	 0.70	 
MRI_faces_118	 2	 14	 2212.jpg	 1.301778e+02	 12	 999000	 120	 999000	 999	 1.311945e+02	 716.67	 583.34	 12.00	 56	 0.72	 
MRI_faces_118	 2	 14	 1013.jpg	 1.351786e+02	 24	 999000	 240	 999000	 999	 1.361954e+02	 716.67	 583.34	 50.00	 2	 0.29	 
MRI_faces_118	 2	 14	 2181.jpg	 1.371789e+02	 11	 9.996535e+02	 110	 7.170237e+02	 98	 1.381980e+02	 733.34	 583.34	 16.00	 53	 0.68	 
MRI_faces_118	 2	 14	 1052.jpg	 1.391793e+02	 24	 999000	 240	 999000	 999	 1.401981e+02	 733.34	 583.34	 40.00	 9	 0.38	 
MRI_faces_118	 2	 14	 2125.jpg	 1.431648e+02	 22	 8.057318e+02	 220	 5.836253e+02	 98	 1.441816e+02	 733.34	 600.01	 43.00	 47	 0.35	 
MRI_faces_118	 2	 14	 2209.jpg	 1.451648e+02	 12	 999000	 120	 999000	 999	 1.461815e+02	 733.34	 600.01	 4.00	 55	 0.80	 
MRI_faces_118	 2	 14	 1246.jpg	 1.471649e+02	 24	 999000	 240	 999000	 999	 1.481816e+02	 733.34	 600.01	 55.00	 28	 0.21	 
MRI_faces_118	 2	 14	 1226.jpg	 1.501650e+02	 11	 1.110505e+03	 1100	 7.336176e+02	 98	 1.511816e+02	 683.34	 600.01	 17.00	 27	 0.67	 
MRI_faces_118	 2	 14	 2039.jpg	 1.521650e+02	 24	 999000	 240	 999000	 999	 1.531816e+02	 683.34	 600.01	 41.00	 35	 0.38	 
MRI_faces_118	 2	 14	 1150.jpg	 1.561656e+02	 24	 999000	 240	 999000	 999	 1.571825e+02	 683.34	 600.01	 58.00	 18	 0.18	 
MRI_faces_118	 2	 14	 2010.jpg	 1.621667e+02	 12	 999000	 120	 999000	 999	 1.631835e+02	 683.34	 600.01	 10.00	 32	 0.72	 
MRI_faces_118	 2	 14	 1019.jpg	 1.651673e+02	 12	 999000	 120	 999000	 999	 1.661840e+02	 683.34	 600.01	 20.00	 4	 0.61	 
MRI_faces_118	 2	 14	 1204.jpg	 1.671676e+02	 24	 999000	 240	 999000	 999	 1.681843e+02	 683.34	 600.01	 42.00	 24	 0.37	 
MRI_faces_118	 2	 14	 2194.jpg	 1.691679e+02	 24	 999000	 240	 999000	 999	 1.701846e+02	 683.34	 600.01	 39.00	 54	 0.38	 
MRI_faces_118	 2	 14	 1262.jpg	 1.711683e+02	 12	 999000	 120	 999000	 999	 1.721850e+02	 683.34	 600.01	 6.00	 30	 0.76	 
MRI_faces_118	 2	 14	 2063.jpg	 1.731685e+02	 12	 999000	 120	 999000	 999	 1.741853e+02	 683.34	 600.01	 19.00	 41	 0.61	 
MRI_faces_118	 2	 14	 1073.jpg	 1.761691e+02	 12	 999000	 120	 999000	 999	 1.771859e+02	 683.34	 600.01	 21.00	 11	 0.61	 
MRI_faces_118	 2	 14	 2164.jpg	 1.801699e+02	 24	 999000	 240	 999000	 999	 1.811867e+02	 683.34	 600.01	 53.00	 52	 0.25	 
MRI_faces_118	 2	 14	 1114.jpg	 1.831703e+02	 24	 999000	 240	 999000	 999	 1.841871e+02	 683.34	 600.01	 52.00	 13	 0.27	 
MRI_faces_118	 2	 14	 2006.jpg	 1.871712e+02	 11	 9.303327e+02	 110	 6.835836e+02	 98	 1.881878e+02	 700.00	 600.01	 8.00	 31	 0.73	 
MRI_faces_118	 2	 14	 2229.jpg	 1.921719e+02	 11	 8.786113e+02	 110	 7.002772e+02	 98	 1.931888e+02	 716.67	 600.01	 14.00	 58	 0.70	 
MRI_faces_118	 2	 14	 2110.jpg	 1.961726e+02	 22	 8.499163e+02	 220	 6.002764e+02	 98	 1.971894e+02	 716.67	 616.67	 51.00	 44	 0.28	 
MRI_faces_118	 2	 14	 2024.jpg	 1.991732e+02	 24	 999000	 240	 999000	 999	 2.001900e+02	 716.67	 616.67	 57.00	 34	 0.20	 
MRI_faces_118	 2	 14	 2058.jpg	 2.011736e+02	 22	 8.249854e+02	 220	 6.169515e+02	 98	 2.021902e+02	 716.67	 633.34	 48.00	 40	 0.30	 
MRI_faces_118	 2	 14	 1031.jpg	 2.031739e+02	 12	 999000	 120	 999000	 999	 2.041907e+02	 716.67	 633.34	 7.00	 6	 0.75	 
MRI_faces_118	 2	 14	 2155.jpg	 2.101751e+02	 22	 8.324658e+02	 220	 6.336096e+02	 98	 2.111919e+02	 716.67	 650.01	 49.00	 51	 0.29	 
MRI_faces_118	 2	 14	 1183.jpg	 2.131756e+02	 24	 999000	 240	 999000	 999	 2.141924e+02	 716.67	 650.01	 45.00	 20	 0.35	 
MRI_faces_118	 2	 14	 1146.jpg	 2.151759e+02	 24	 999000	 240	 999000	 999	 2.161928e+02	 716.67	 650.01	 56.00	 17	 0.21	 
MRI_faces_118	 2	 14	 2015.jpg	 2.191766e+02	 11	 1.101940e+03	 1100	 7.169432e+02	 98	 2.201934e+02	 666.67	 650.01	 11.00	 33	 0.72	 
MRI_faces_118	 2	 14	 1017.jpg	 2.211771e+02	 11	 8.724030e+02	 110	 6.669289e+02	 98	 2.221938e+02	 683.34	 650.01	 9.00	 3	 0.72	 
MRI_faces_118	 2	 14	 1216.jpg	 2.241775e+02	 22	 9.170309e+02	 220	 6.503082e+02	 98	 2.251943e+02	 683.34	 666.67	 46.00	 26	 0.33	 
MRI_faces_118	 2	 14	 1080.jpg	 2.261780e+02	 12	 999000	 120	 999000	 999	 2.271947e+02	 683.34	 666.67	 3.00	 12	 0.82	 
MRI_faces_118	 2	 14	 1130.jpg	 2.301787e+02	 24	 999000	 240	 999000	 999	 2.311954e+02	 683.34	 666.67	 47.00	 15	 0.32	 
MRI_faces_118	 2	 14	 2043.jpg	 2.321789e+02	 12	 999000	 120	 999000	 999	 2.331958e+02	 683.34	 666.67	 18.00	 37	 0.65	 
MRI_faces_118	 2	 14	 2240.jpg	 2.361663e+02	 12	 999000	 120	 999000	 999	 2.371828e+02	 683.34	 666.67	 5.00	 59	 0.78	 
MRI_faces_118	 2	 14	 2153.jpg	 2.391663e+02	 12	 999000	 120	 999000	 999	 2.401829e+02	 683.34	 666.67	 13.00	 50	 0.71	 
MRI_faces_118	 2	 14	 1050.jpg	 2.411663e+02	 22	 9.042530e+02	 220	 6.669812e+02	 98	 2.421829e+02	 683.34	 683.34	 54.00	 8	 0.25	 
MRI_faces_118	 2	 14	 1027.jpg	 2.441665e+02	 24	 999000	 240	 999000	 999	 2.451829e+02	 683.34	 683.34	 44.00	 5	 0.35	 
