subjectID	 order	 runNum	 itemName	 onsetTime	 shuff_trialType	 RT	 respInTime	 AudioTime	 response	 fixationTime	 ladder1	 ladder2	 bidIndex	 itemNameIndex	 bidValue	 
MRI_faces_139	 1	 9	 2024.jpg	 2.419748e+00	 24	 999000	 240	 999000	 999	 3.436976e+00	 750.00	 750.00	 46.00	 34	 0.30	 
MRI_faces_139	 1	 9	 1191.jpg	 4.412679e+00	 22	 9.218784e+02	 220	 7.519442e+02	 98	 5.429526e+00	 750.00	 766.67	 44.00	 21	 0.31	 
MRI_faces_139	 1	 9	 2118.jpg	 7.413303e+00	 12	 999000	 120	 999000	 999	 8.431096e+00	 750.00	 766.67	 3.00	 46	 0.88	 
MRI_faces_139	 1	 9	 2045.jpg	 1.041381e+01	 11	 9.517528e+02	 110	 7.518700e+02	 98	 1.143062e+01	 766.67	 766.67	 12.00	 38	 0.72	 
MRI_faces_139	 1	 9	 2125.jpg	 1.241419e+01	 12	 999000	 120	 999000	 999	 1.343095e+01	 766.67	 766.67	 16.00	 47	 0.69	 
MRI_faces_139	 1	 9	 1060.jpg	 1.641485e+01	 24	 999000	 240	 999000	 999	 1.743185e+01	 766.67	 766.67	 41.00	 10	 0.32	 
MRI_faces_139	 1	 9	 2153.jpg	 2.141573e+01	 12	 999000	 120	 999000	 999	 2.243252e+01	 766.67	 766.67	 4.00	 50	 0.84	 
MRI_faces_139	 1	 9	 2149.jpg	 2.341604e+01	 24	 999000	 240	 999000	 999	 2.443291e+01	 766.67	 766.67	 49.00	 49	 0.26	 
MRI_faces_139	 1	 9	 2164.jpg	 2.640307e+01	 22	 9.374910e+02	 220	 7.669232e+02	 98	 2.741969e+01	 766.67	 783.33	 52.00	 52	 0.24	 
MRI_faces_139	 1	 9	 2240.jpg	 2.840320e+01	 12	 999000	 120	 999000	 999	 2.941985e+01	 766.67	 783.33	 8.00	 59	 0.80	 
MRI_faces_139	 1	 9	 2006.jpg	 3.440327e+01	 12	 999000	 120	 999000	 999	 3.541988e+01	 766.67	 783.33	 5.00	 31	 0.83	 
MRI_faces_139	 1	 9	 2181.jpg	 3.740337e+01	 24	 999000	 240	 999000	 999	 3.841996e+01	 766.67	 783.33	 51.00	 53	 0.25	 
MRI_faces_139	 1	 9	 1007.jpg	 4.240339e+01	 22	 9.511937e+02	 220	 7.835990e+02	 98	 4.342006e+01	 766.67	 800.00	 45.00	 1	 0.31	 
MRI_faces_139	 1	 9	 1173.jpg	 4.440344e+01	 24	 999000	 240	 999000	 999	 4.542004e+01	 766.67	 800.00	 48.00	 19	 0.28	 
MRI_faces_139	 1	 9	 2209.jpg	 4.640370e+01	 11	 9.438591e+02	 110	 7.669395e+02	 98	 4.742023e+01	 783.33	 800.00	 7.00	 55	 0.82	 
MRI_faces_139	 1	 9	 2155.jpg	 5.040413e+01	 24	 999000	 240	 999000	 999	 5.142098e+01	 783.33	 800.00	 54.00	 51	 0.21	 
MRI_faces_139	 1	 9	 1210.jpg	 5.240453e+01	 12	 999000	 120	 999000	 999	 5.342131e+01	 783.33	 800.00	 22.00	 25	 0.63	 
MRI_faces_139	 1	 9	 2043.jpg	 5.540509e+01	 24	 999000	 240	 999000	 999	 5.642183e+01	 783.33	 800.00	 56.00	 37	 0.17	 
MRI_faces_139	 1	 9	 2128.jpg	 5.840558e+01	 12	 999000	 120	 999000	 999	 5.942240e+01	 783.33	 800.00	 9.00	 48	 0.79	 
MRI_faces_139	 1	 9	 1017.jpg	 6.140611e+01	 11	 9.944873e+02	 110	 7.835914e+02	 98	 6.242461e+01	 800.00	 800.00	 10.00	 3	 0.77	 
MRI_faces_139	 1	 9	 2229.jpg	 6.340641e+01	 24	 999000	 240	 999000	 999	 6.442332e+01	 800.00	 800.00	 40.00	 58	 0.34	 
MRI_faces_139	 1	 9	 2094.jpg	 6.740717e+01	 12	 999000	 120	 999000	 999	 6.842391e+01	 800.00	 800.00	 11.00	 43	 0.72	 
MRI_faces_139	 1	 9	 2058.jpg	 6.940746e+01	 24	 999000	 240	 999000	 999	 7.042427e+01	 800.00	 800.00	 55.00	 40	 0.19	 
MRI_faces_139	 1	 9	 1050.jpg	 7.140778e+01	 24	 999000	 240	 999000	 999	 7.242461e+01	 800.00	 800.00	 42.00	 8	 0.32	 
MRI_faces_139	 1	 9	 1226.jpg	 7.340824e+01	 12	 999000	 120	 999000	 999	 7.442506e+01	 800.00	 800.00	 17.00	 27	 0.68	 
MRI_faces_139	 1	 9	 2053.jpg	 7.540856e+01	 12	 999000	 120	 999000	 999	 7.642542e+01	 800.00	 800.00	 20.00	 39	 0.65	 
MRI_faces_139	 1	 9	 2110.jpg	 7.940928e+01	 12	 999000	 120	 999000	 999	 8.042606e+01	 800.00	 800.00	 21.00	 44	 0.64	 
MRI_faces_139	 1	 9	 1216.jpg	 8.341000e+01	 24	 999000	 240	 999000	 999	 8.442677e+01	 800.00	 800.00	 43.00	 26	 0.32	 
MRI_faces_139	 1	 9	 1027.jpg	 8.741064e+01	 24	 999000	 240	 999000	 999	 8.842755e+01	 800.00	 800.00	 39.00	 5	 0.36	 
MRI_faces_139	 1	 9	 1255.jpg	 9.041116e+01	 12	 999000	 120	 999000	 999	 9.142797e+01	 800.00	 800.00	 6.00	 29	 0.83	 
MRI_faces_139	 1	 9	 1246.jpg	 9.241156e+01	 24	 999000	 240	 999000	 999	 9.342838e+01	 800.00	 800.00	 57.00	 28	 0.17	 
MRI_faces_139	 1	 9	 1073.jpg	 9.441191e+01	 11	 9.586526e+02	 110	 8.002701e+02	 98	 9.542878e+01	 816.67	 800.00	 13.00	 11	 0.70	 
MRI_faces_139	 1	 9	 2063.jpg	 9.641231e+01	 12	 999000	 120	 999000	 999	 9.742904e+01	 816.67	 800.00	 14.00	 41	 0.69	 
MRI_faces_139	 1	 9	 1262.jpg	 9.841263e+01	 12	 999000	 120	 999000	 999	 9.942947e+01	 816.67	 800.00	 19.00	 30	 0.67	 
MRI_faces_139	 1	 9	 1130.jpg	 1.024133e+02	 22	 1.102287e+03	 2200	 8.002634e+02	 98	 1.034302e+02	 816.67	 750.00	 53.00	 15	 0.21	 
MRI_faces_139	 1	 9	 1204.jpg	 1.044137e+02	 22	 9.218866e+02	 220	 7.503868e+02	 98	 1.054305e+02	 816.67	 766.67	 50.00	 24	 0.25	 
MRI_faces_139	 1	 9	 2194.jpg	 1.114149e+02	 24	 999000	 240	 999000	 999	 1.124317e+02	 816.67	 766.67	 58.00	 54	 0.16	 
MRI_faces_139	 1	 9	 2089.jpg	 1.154045e+02	 11	 9.970616e+02	 110	 8.169401e+02	 98	 1.164212e+02	 833.33	 766.67	 18.00	 42	 0.68	 
MRI_faces_139	 1	 9	 1146.jpg	 1.184161e+02	 11	 1.014483e+03	 1100	 8.336152e+02	 98	 1.194394e+02	 783.33	 766.67	 15.00	 17	 0.69	 
MRI_faces_139	 1	 9	 2039.jpg	 1.224045e+02	 22	 9.490453e+02	 220	 7.669575e+02	 98	 1.234212e+02	 783.33	 783.33	 47.00	 35	 0.29	 
