subjectID	 order	 runNum	 itemName	 onsetTime	 shuff_trialType	 RT	 respInTime	 AudioTime	 response	 fixationTime	 ladder1	 ladder2	 bidIndex	 itemNameIndex	 bidValue	 
MRI_faces_107	 1	 15	 1173.jpg	 2.268981e+00	 24	 999000	 240	 999000	 999	 3.285795e+00	 683.34	 683.33	 58.00	 19	 0.13	 
MRI_faces_107	 1	 15	 1145.jpg	 7.259890e+00	 24	 999000	 240	 999000	 999	 8.276513e+00	 683.34	 683.33	 49.00	 16	 0.23	 
MRI_faces_107	 1	 15	 2125.jpg	 9.259876e+00	 11	 9.774902e+02	 110	 6.869745e+02	 98	 1.027647e+01	 700.01	 683.33	 10.00	 47	 0.79	 
MRI_faces_107	 1	 15	 2039.jpg	 1.225982e+01	 12	 999000	 120	 999000	 999	 1.327643e+01	 700.01	 683.33	 6.00	 35	 0.84	 
MRI_faces_107	 1	 15	 2128.jpg	 1.525990e+01	 11	 9.254504e+02	 110	 7.002926e+02	 98	 1.627648e+01	 716.67	 683.33	 18.00	 48	 0.64	 
MRI_faces_107	 1	 15	 2194.jpg	 2.226000e+01	 22	 9.763684e+02	 220	 6.857057e+02	 98	 2.327659e+01	 716.67	 700.00	 52.00	 54	 0.22	 
MRI_faces_107	 1	 15	 1226.jpg	 2.426008e+01	 22	 9.652870e+02	 220	 7.002485e+02	 98	 2.527665e+01	 716.67	 716.66	 50.00	 27	 0.22	 
MRI_faces_107	 1	 15	 1262.jpg	 2.826002e+01	 12	 999000	 120	 999000	 999	 2.927673e+01	 716.67	 716.66	 16.00	 30	 0.66	 
MRI_faces_107	 1	 15	 1114.jpg	 3.026007e+01	 12	 999000	 120	 999000	 999	 3.127678e+01	 716.67	 716.66	 17.00	 13	 0.64	 
MRI_faces_107	 1	 15	 2212.jpg	 3.526023e+01	 12	 999000	 120	 999000	 999	 3.627702e+01	 716.67	 716.66	 11.00	 56	 0.78	 
MRI_faces_107	 1	 15	 1127.jpg	 3.926028e+01	 24	 999000	 240	 999000	 999	 4.027697e+01	 716.67	 716.66	 56.00	 14	 0.18	 
MRI_faces_107	 1	 15	 2015.jpg	 4.126030e+01	 12	 999000	 120	 999000	 999	 4.227689e+01	 716.67	 716.66	 8.00	 33	 0.82	 
MRI_faces_107	 1	 15	 2043.jpg	 4.426038e+01	 24	 999000	 240	 999000	 999	 4.527692e+01	 716.67	 716.66	 42.00	 37	 0.34	 
MRI_faces_107	 1	 15	 1052.jpg	 4.726041e+01	 22	 1.052964e+03	 2200	 7.169315e+02	 98	 4.827698e+01	 716.67	 666.66	 53.00	 9	 0.22	 
MRI_faces_107	 1	 15	 2112.jpg	 5.126081e+01	 12	 999000	 120	 999000	 999	 5.227758e+01	 716.67	 666.66	 4.00	 45	 0.85	 
MRI_faces_107	 1	 15	 1191.jpg	 5.526146e+01	 22	 9.709172e+02	 220	 6.669255e+02	 98	 5.627808e+01	 716.67	 683.33	 44.00	 21	 0.31	 
MRI_faces_107	 1	 15	 1017.jpg	 5.926225e+01	 24	 999000	 240	 999000	 999	 6.027901e+01	 716.67	 683.33	 48.00	 3	 0.23	 
MRI_faces_107	 1	 15	 1246.jpg	 6.226270e+01	 24	 999000	 240	 999000	 999	 6.327954e+01	 716.67	 683.33	 54.00	 28	 0.21	 
MRI_faces_107	 1	 15	 2229.jpg	 6.526323e+01	 12	 999000	 120	 999000	 999	 6.628014e+01	 716.67	 683.33	 3.00	 58	 0.86	 
MRI_faces_107	 1	 15	 2045.jpg	 6.826375e+01	 11	 9.806452e+02	 110	 7.169188e+02	 98	 6.928060e+01	 733.34	 683.33	 15.00	 38	 0.66	 
MRI_faces_107	 1	 15	 1192.jpg	 7.026412e+01	 24	 999000	 240	 999000	 999	 7.128093e+01	 733.34	 683.33	 55.00	 22	 0.18	 
MRI_faces_107	 1	 15	 1216.jpg	 7.326464e+01	 24	 999000	 240	 999000	 999	 7.428144e+01	 733.34	 683.33	 46.00	 26	 0.25	 
MRI_faces_107	 1	 15	 2010.jpg	 7.526509e+01	 12	 999000	 120	 999000	 999	 7.628181e+01	 733.34	 683.33	 5.00	 32	 0.85	 
MRI_faces_107	 1	 15	 1210.jpg	 7.726545e+01	 24	 999000	 240	 999000	 999	 7.828242e+01	 733.34	 683.33	 39.00	 25	 0.38	 
MRI_faces_107	 1	 15	 2094.jpg	 7.926083e+01	 12	 999000	 120	 999000	 999	 8.027754e+01	 733.34	 683.33	 20.00	 43	 0.62	 
MRI_faces_107	 1	 15	 1150.jpg	 8.226092e+01	 24	 999000	 240	 999000	 999	 8.327751e+01	 733.34	 683.33	 51.00	 18	 0.22	 
MRI_faces_107	 1	 15	 2149.jpg	 8.626099e+01	 24	 999000	 240	 999000	 999	 8.727765e+01	 733.34	 683.33	 40.00	 49	 0.37	 
MRI_faces_107	 1	 15	 1013.jpg	 8.826095e+01	 24	 999000	 240	 999000	 999	 8.927762e+01	 733.34	 683.33	 41.00	 2	 0.37	 
MRI_faces_107	 1	 15	 2164.jpg	 9.026107e+01	 22	 1.043300e+03	 2200	 6.836321e+02	 98	 9.127769e+01	 733.34	 633.33	 47.00	 52	 0.24	 
MRI_faces_107	 1	 15	 1183.jpg	 9.426109e+01	 22	 9.723083e+02	 220	 6.336139e+02	 98	 9.527782e+01	 733.34	 650.00	 45.00	 20	 0.31	 
MRI_faces_107	 1	 15	 1146.jpg	 9.626113e+01	 24	 999000	 240	 999000	 999	 9.727771e+01	 733.34	 650.00	 57.00	 17	 0.14	 
MRI_faces_107	 1	 15	 2181.jpg	 9.826117e+01	 12	 999000	 120	 999000	 999	 9.927780e+01	 733.34	 650.00	 9.00	 53	 0.81	 
MRI_faces_107	 1	 15	 2153.jpg	 1.022612e+02	 11	 1.049167e+03	 1100	 7.336760e+02	 98	 1.032779e+02	 683.34	 650.00	 7.00	 50	 0.83	 
MRI_faces_107	 1	 15	 2248.jpg	 1.062613e+02	 11	 9.570343e+02	 110	 6.836370e+02	 98	 1.072781e+02	 700.01	 650.00	 13.00	 60	 0.71	 
MRI_faces_107	 1	 15	 2024.jpg	 1.082613e+02	 11	 9.350818e+02	 110	 7.002747e+02	 98	 1.092779e+02	 716.67	 650.00	 12.00	 34	 0.77	 
MRI_faces_107	 1	 15	 2041.jpg	 1.102613e+02	 12	 999000	 120	 999000	 999	 1.112779e+02	 716.67	 650.00	 14.00	 36	 0.70	 
MRI_faces_107	 1	 15	 2118.jpg	 1.122613e+02	 12	 999000	 120	 999000	 999	 1.132780e+02	 716.67	 650.00	 22.00	 46	 0.61	 
MRI_faces_107	 1	 15	 1204.jpg	 1.142614e+02	 24	 999000	 240	 999000	 999	 1.152781e+02	 716.67	 650.00	 43.00	 24	 0.32	 
MRI_faces_107	 1	 15	 1073.jpg	 1.202614e+02	 12	 999000	 120	 999000	 999	 1.212782e+02	 716.67	 650.00	 21.00	 11	 0.62	 
MRI_faces_107	 1	 15	 1027.jpg	 1.222615e+02	 12	 999000	 120	 999000	 999	 1.232781e+02	 716.67	 650.00	 19.00	 5	 0.64	 
