subjectID	 order	 runNum	 itemName	 onsetTime	 shuff_trialType	 RT	 respInTime	 AudioTime	 response	 fixationTime	 ladder1	 ladder2	 bidIndex	 itemNameIndex	 bidValue	 
MRI_faces_107	 1	 12	 1114.jpg	 1.240351e+02	 12	 999000	 120	 999000	 999	 1.250519e+02	 650.01	 650.00	 17.00	 13	 0.64	 
MRI_faces_107	 1	 12	 2128.jpg	 1.260271e+02	 11	 9.099196e+02	 110	 6.502978e+02	 98	 1.270437e+02	 666.68	 650.00	 18.00	 48	 0.64	 
MRI_faces_107	 1	 12	 2024.jpg	 1.290270e+02	 11	 9.449670e+02	 110	 6.669411e+02	 98	 1.300438e+02	 683.34	 650.00	 12.00	 34	 0.77	 
MRI_faces_107	 1	 12	 1246.jpg	 1.320271e+02	 24	 999000	 240	 999000	 999	 1.330438e+02	 683.34	 650.00	 54.00	 28	 0.21	 
MRI_faces_107	 1	 12	 1017.jpg	 1.340272e+02	 24	 999000	 240	 999000	 999	 1.350439e+02	 683.34	 650.00	 48.00	 3	 0.23	 
MRI_faces_107	 1	 12	 1226.jpg	 1.380273e+02	 22	 9.286557e+02	 220	 6.502805e+02	 98	 1.390439e+02	 683.34	 666.67	 50.00	 27	 0.22	 
MRI_faces_107	 1	 12	 1262.jpg	 1.430274e+02	 12	 999000	 120	 999000	 999	 1.440440e+02	 683.34	 666.67	 16.00	 30	 0.66	 
MRI_faces_107	 1	 12	 2181.jpg	 1.450274e+02	 12	 999000	 120	 999000	 999	 1.460442e+02	 683.34	 666.67	 9.00	 53	 0.81	 
MRI_faces_107	 1	 12	 1145.jpg	 1.480274e+02	 24	 999000	 240	 999000	 999	 1.490440e+02	 683.34	 666.67	 49.00	 16	 0.23	 
MRI_faces_107	 1	 12	 2118.jpg	 1.500275e+02	 12	 999000	 120	 999000	 999	 1.510441e+02	 683.34	 666.67	 22.00	 46	 0.61	 
MRI_faces_107	 1	 12	 2212.jpg	 1.560275e+02	 12	 999000	 120	 999000	 999	 1.570441e+02	 683.34	 666.67	 11.00	 56	 0.78	 
MRI_faces_107	 1	 12	 1146.jpg	 1.590276e+02	 24	 999000	 240	 999000	 999	 1.600442e+02	 683.34	 666.67	 57.00	 17	 0.14	 
MRI_faces_107	 1	 12	 2164.jpg	 1.640278e+02	 22	 9.541751e+02	 220	 6.669539e+02	 98	 1.650443e+02	 683.34	 683.33	 47.00	 52	 0.24	 
MRI_faces_107	 1	 12	 2153.jpg	 1.660277e+02	 11	 1.122341e+03	 1100	 6.836004e+02	 98	 1.670444e+02	 633.34	 683.33	 7.00	 50	 0.83	 
MRI_faces_107	 1	 12	 2043.jpg	 1.680277e+02	 24	 999000	 240	 999000	 999	 1.690443e+02	 633.34	 683.33	 42.00	 37	 0.34	 
MRI_faces_107	 1	 12	 2094.jpg	 1.720277e+02	 12	 999000	 120	 999000	 999	 1.730444e+02	 633.34	 683.33	 20.00	 43	 0.62	 
MRI_faces_107	 1	 12	 2248.jpg	 1.740278e+02	 11	 8.722126e+02	 110	 6.336015e+02	 98	 1.750445e+02	 650.01	 683.33	 13.00	 60	 0.71	 
MRI_faces_107	 1	 12	 2229.jpg	 1.770278e+02	 12	 999000	 120	 999000	 999	 1.780446e+02	 650.01	 683.33	 3.00	 58	 0.86	 
MRI_faces_107	 1	 12	 2045.jpg	 1.800283e+02	 11	 9.907062e+02	 110	 6.503040e+02	 98	 1.810451e+02	 666.68	 683.33	 15.00	 38	 0.66	 
MRI_faces_107	 1	 12	 1127.jpg	 1.830288e+02	 24	 999000	 240	 999000	 999	 1.840456e+02	 666.68	 683.33	 56.00	 14	 0.18	 
MRI_faces_107	 1	 12	 1210.jpg	 1.850292e+02	 24	 999000	 240	 999000	 999	 1.860462e+02	 666.68	 683.33	 39.00	 25	 0.38	 
MRI_faces_107	 1	 12	 1204.jpg	 1.890299e+02	 24	 999000	 240	 999000	 999	 1.900467e+02	 666.68	 683.33	 43.00	 24	 0.32	 
MRI_faces_107	 1	 12	 2015.jpg	 1.910301e+02	 12	 999000	 120	 999000	 999	 1.920472e+02	 666.68	 683.33	 8.00	 33	 0.82	 
MRI_faces_107	 1	 12	 1192.jpg	 1.930306e+02	 24	 999000	 240	 999000	 999	 1.940474e+02	 666.68	 683.33	 55.00	 22	 0.18	 
MRI_faces_107	 1	 12	 2194.jpg	 1.950309e+02	 22	 9.541154e+02	 220	 6.835882e+02	 98	 1.960478e+02	 666.68	 700.00	 52.00	 54	 0.22	 
MRI_faces_107	 1	 12	 1150.jpg	 1.970313e+02	 24	 999000	 240	 999000	 999	 1.980480e+02	 666.68	 700.00	 51.00	 18	 0.22	 
MRI_faces_107	 1	 12	 2041.jpg	 2.010319e+02	 12	 999000	 120	 999000	 999	 2.020487e+02	 666.68	 700.00	 14.00	 36	 0.70	 
MRI_faces_107	 1	 12	 2112.jpg	 2.050327e+02	 12	 999000	 120	 999000	 999	 2.060494e+02	 666.68	 700.00	 4.00	 45	 0.85	 
MRI_faces_107	 1	 12	 2149.jpg	 2.090285e+02	 24	 999000	 240	 999000	 999	 2.100450e+02	 666.68	 700.00	 40.00	 49	 0.37	 
MRI_faces_107	 1	 12	 1027.jpg	 2.120284e+02	 12	 999000	 120	 999000	 999	 2.130450e+02	 666.68	 700.00	 19.00	 5	 0.64	 
MRI_faces_107	 1	 12	 1013.jpg	 2.140284e+02	 24	 999000	 240	 999000	 999	 2.150450e+02	 666.68	 700.00	 41.00	 2	 0.37	 
MRI_faces_107	 1	 12	 1216.jpg	 2.160284e+02	 24	 999000	 240	 999000	 999	 2.170451e+02	 666.68	 700.00	 46.00	 26	 0.25	 
MRI_faces_107	 1	 12	 1191.jpg	 2.180285e+02	 22	 9.925166e+02	 220	 7.002799e+02	 98	 2.190451e+02	 666.68	 716.67	 44.00	 21	 0.31	 
MRI_faces_107	 1	 12	 1173.jpg	 2.200286e+02	 24	 999000	 240	 999000	 999	 2.210451e+02	 666.68	 716.67	 58.00	 19	 0.13	 
MRI_faces_107	 1	 12	 1183.jpg	 2.240285e+02	 22	 1.037457e+03	 2200	 7.169416e+02	 98	 2.250452e+02	 666.68	 666.67	 45.00	 20	 0.31	 
MRI_faces_107	 1	 12	 2010.jpg	 2.260285e+02	 12	 999000	 120	 999000	 999	 2.270452e+02	 666.68	 666.67	 5.00	 32	 0.85	 
MRI_faces_107	 1	 12	 2039.jpg	 2.330286e+02	 12	 999000	 120	 999000	 999	 2.340454e+02	 666.68	 666.67	 6.00	 35	 0.84	 
MRI_faces_107	 1	 12	 1052.jpg	 2.370287e+02	 22	 9.823076e+02	 220	 6.669669e+02	 98	 2.380453e+02	 666.68	 683.33	 53.00	 9	 0.22	 
MRI_faces_107	 1	 12	 1073.jpg	 2.400288e+02	 12	 999000	 120	 999000	 999	 2.410454e+02	 666.68	 683.33	 21.00	 11	 0.62	 
MRI_faces_107	 1	 12	 2125.jpg	 2.440288e+02	 11	 9.531956e+02	 110	 6.669431e+02	 98	 2.450455e+02	 683.34	 683.33	 10.00	 47	 0.79	 
