subjectID	 order	 runNum	 itemName	 onsetTime	 shuff_trialType	 RT	 respInTime	 AudioTime	 response	 fixationTime	 ladder1	 ladder2	 bidIndex	 itemNameIndex	 bidValue	 
MRI_faces_117	 1	 1	 1031.jpg	 2.380707e+00	 12	 999000	 120	 999000	 999	 3.400539e+00	 750.00	 750.00	 3.00	 6	 0.88	 
MRI_faces_117	 1	 1	 1183.jpg	 5.363910e+00	 11	 9.416659e+02	 110	 7.526933e+02	 98	 6.380624e+00	 766.67	 750.00	 15.00	 20	 0.67	 
MRI_faces_117	 1	 1	 1246.jpg	 9.364827e+00	 24	 999000	 240	 999000	 999	 1.038142e+01	 766.67	 750.00	 43.00	 28	 0.34	 
MRI_faces_117	 1	 1	 2094.jpg	 1.236509e+01	 22	 9.534719e+02	 220	 7.528612e+02	 98	 1.338194e+01	 766.67	 766.67	 52.00	 43	 0.21	 
MRI_faces_117	 1	 1	 2118.jpg	 1.636585e+01	 12	 999000	 120	 999000	 999	 1.738257e+01	 766.67	 766.67	 20.00	 46	 0.62	 
MRI_faces_117	 1	 1	 2128.jpg	 1.936637e+01	 24	 999000	 240	 999000	 999	 2.038321e+01	 766.67	 766.67	 55.00	 48	 0.19	 
MRI_faces_117	 1	 1	 2112.jpg	 2.136665e+01	 22	 9.739272e+02	 220	 7.669328e+02	 98	 2.238360e+01	 766.67	 783.33	 47.00	 45	 0.29	 
MRI_faces_117	 1	 1	 2015.jpg	 2.436720e+01	 24	 999000	 240	 999000	 999	 2.538412e+01	 766.67	 783.33	 41.00	 33	 0.39	 
MRI_faces_117	 1	 1	 1013.jpg	 2.736770e+01	 12	 999000	 120	 999000	 999	 2.838459e+01	 766.67	 783.33	 16.00	 2	 0.67	 
MRI_faces_117	 1	 1	 1226.jpg	 3.236863e+01	 12	 999000	 120	 999000	 999	 3.338545e+01	 766.67	 783.33	 6.00	 27	 0.79	 
MRI_faces_117	 1	 1	 2240.jpg	 3.436902e+01	 24	 999000	 240	 999000	 999	 3.538579e+01	 766.67	 783.33	 42.00	 59	 0.37	 
MRI_faces_117	 1	 1	 1191.jpg	 3.636937e+01	 12	 999000	 120	 999000	 999	 3.738623e+01	 766.67	 783.33	 14.00	 21	 0.67	 
MRI_faces_117	 1	 1	 2063.jpg	 4.037008e+01	 24	 999000	 240	 999000	 999	 4.138684e+01	 766.67	 783.33	 46.00	 41	 0.31	 
MRI_faces_117	 1	 1	 2248.jpg	 4.737136e+01	 22	 9.821796e+02	 220	 7.836010e+02	 98	 4.838813e+01	 766.67	 800.00	 53.00	 60	 0.20	 
MRI_faces_117	 1	 1	 1145.jpg	 4.937159e+01	 12	 999000	 120	 999000	 999	 5.038842e+01	 766.67	 800.00	 19.00	 16	 0.64	 
MRI_faces_117	 1	 1	 2053.jpg	 5.137195e+01	 11	 9.536172e+02	 110	 7.669824e+02	 98	 5.238887e+01	 783.33	 800.00	 12.00	 39	 0.69	 
MRI_faces_117	 1	 1	 1060.jpg	 5.337235e+01	 12	 999000	 120	 999000	 999	 5.438916e+01	 783.33	 800.00	 21.00	 10	 0.61	 
MRI_faces_117	 1	 1	 2089.jpg	 5.537271e+01	 24	 999000	 240	 999000	 999	 5.638950e+01	 783.33	 800.00	 39.00	 42	 0.41	 
MRI_faces_117	 1	 1	 1262.jpg	 5.737305e+01	 22	 9.635114e+02	 220	 8.003116e+02	 98	 5.838990e+01	 783.33	 816.67	 44.00	 30	 0.32	 
MRI_faces_117	 1	 1	 1204.jpg	 6.037360e+01	 22	 1.010933e+03	 2200	 8.169828e+02	 98	 6.139199e+01	 783.33	 766.67	 45.00	 24	 0.31	 
MRI_faces_117	 1	 1	 2155.jpg	 6.237393e+01	 24	 999000	 240	 999000	 999	 6.339070e+01	 783.33	 766.67	 49.00	 51	 0.25	 
MRI_faces_117	 1	 1	 1035.jpg	 6.437428e+01	 12	 999000	 120	 999000	 999	 6.539105e+01	 783.33	 766.67	 5.00	 7	 0.80	 
MRI_faces_117	 1	 1	 1050.jpg	 6.837503e+01	 11	 9.485369e+02	 110	 7.836084e+02	 98	 6.939177e+01	 800.00	 766.67	 7.00	 8	 0.79	 
MRI_faces_117	 1	 1	 1255.jpg	 7.237572e+01	 12	 999000	 120	 999000	 999	 7.339245e+01	 800.00	 766.67	 22.00	 29	 0.60	 
MRI_faces_117	 1	 1	 2212.jpg	 7.837672e+01	 12	 999000	 120	 999000	 999	 7.939350e+01	 800.00	 766.67	 4.00	 56	 0.88	 
MRI_faces_117	 1	 1	 1114.jpg	 8.037708e+01	 11	 9.864807e+02	 110	 8.003469e+02	 98	 8.139391e+01	 816.67	 766.67	 10.00	 13	 0.74	 
MRI_faces_117	 1	 1	 1027.jpg	 8.237743e+01	 24	 999000	 240	 999000	 999	 8.339430e+01	 816.67	 766.67	 40.00	 5	 0.41	 
MRI_faces_117	 1	 1	 2149.jpg	 8.436364e+01	 24	 999000	 240	 999000	 999	 8.538029e+01	 816.67	 766.67	 51.00	 49	 0.22	 
MRI_faces_117	 1	 1	 1019.jpg	 8.836382e+01	 11	 9.947430e+02	 110	 8.169545e+02	 98	 8.938042e+01	 833.33	 766.67	 13.00	 4	 0.68	 
MRI_faces_117	 1	 1	 2041.jpg	 9.036375e+01	 12	 999000	 120	 999000	 999	 9.138044e+01	 833.33	 766.67	 9.00	 36	 0.75	 
MRI_faces_117	 1	 1	 1127.jpg	 9.236378e+01	 12	 999000	 120	 999000	 999	 9.338037e+01	 833.33	 766.67	 17.00	 14	 0.65	 
MRI_faces_117	 1	 1	 2024.jpg	 9.436377e+01	 24	 999000	 240	 999000	 999	 9.538049e+01	 833.33	 766.67	 56.00	 34	 0.18	 
MRI_faces_117	 1	 1	 1080.jpg	 9.836384e+01	 24	 999000	 240	 999000	 999	 9.938045e+01	 833.33	 766.67	 58.00	 12	 0.13	 
MRI_faces_117	 1	 1	 1210.jpg	 1.023644e+02	 12	 999000	 120	 999000	 999	 1.033811e+02	 833.33	 766.67	 11.00	 25	 0.72	 
MRI_faces_117	 1	 1	 1052.jpg	 1.053648e+02	 24	 999000	 240	 999000	 999	 1.063817e+02	 833.33	 766.67	 48.00	 9	 0.27	 
MRI_faces_117	 1	 1	 2043.jpg	 1.103657e+02	 22	 9.629069e+02	 220	 7.669752e+02	 98	 1.113825e+02	 833.33	 783.33	 50.00	 37	 0.23	 
MRI_faces_117	 1	 1	 2209.jpg	 1.123662e+02	 24	 999000	 240	 999000	 999	 1.133828e+02	 833.33	 783.33	 57.00	 55	 0.17	 
MRI_faces_117	 1	 1	 2125.jpg	 1.153667e+02	 11	 1.024883e+03	 1100	 8.336476e+02	 98	 1.164025e+02	 783.33	 783.33	 18.00	 47	 0.64	 
MRI_faces_117	 1	 1	 2058.jpg	 1.193673e+02	 24	 999000	 240	 999000	 999	 1.203841e+02	 783.33	 783.33	 54.00	 40	 0.20	 
MRI_faces_117	 1	 1	 2164.jpg	 1.223678e+02	 12	 999000	 120	 999000	 999	 1.233846e+02	 783.33	 783.33	 8.00	 52	 0.77	 
