subjectID	 order	 runNum	 itemName	 onsetTime	 shuff_trialType	 RT	 respInTime	 AudioTime	 response	 fixationTime	 ladder1	 ladder2	 bidIndex	 itemNameIndex	 bidValue	 
MRI_faces_135	 1	 8	 2010.jpg	 1.242209e+02	 22	 9.567391e+02	 220	 7.836698e+02	 98	 1.252351e+02	 716.67	 800.00	 52.00	 32	 0.25	 
MRI_faces_135	 1	 8	 1060.jpg	 1.292135e+02	 24	 999000	 240	 999000	 999	 1.302302e+02	 716.67	 800.00	 57.00	 10	 0.14	 
MRI_faces_135	 1	 8	 2229.jpg	 1.312136e+02	 22	 1.103082e+03	 2200	 8.002978e+02	 98	 1.322301e+02	 716.67	 750.00	 47.00	 58	 0.34	 
MRI_faces_135	 1	 8	 1246.jpg	 1.342136e+02	 24	 999000	 240	 999000	 999	 1.352304e+02	 716.67	 750.00	 40.00	 28	 0.39	 
MRI_faces_135	 1	 8	 2153.jpg	 1.372137e+02	 11	 8.879347e+02	 110	 7.169737e+02	 98	 1.382303e+02	 733.34	 750.00	 15.00	 50	 0.67	 
MRI_faces_135	 1	 8	 2240.jpg	 1.442137e+02	 24	 999000	 240	 999000	 999	 1.452304e+02	 733.34	 750.00	 56.00	 59	 0.19	 
MRI_faces_135	 1	 8	 2094.jpg	 1.462138e+02	 12	 999000	 120	 999000	 999	 1.472304e+02	 733.34	 750.00	 8.00	 43	 0.78	 
MRI_faces_135	 1	 8	 1019.jpg	 1.502138e+02	 11	 9.438416e+02	 110	 7.336021e+02	 98	 1.512305e+02	 750.00	 750.00	 10.00	 4	 0.72	 
MRI_faces_135	 1	 8	 1027.jpg	 1.522139e+02	 12	 999000	 120	 999000	 999	 1.532306e+02	 750.00	 750.00	 6.00	 5	 0.80	 
MRI_faces_135	 1	 8	 2212.jpg	 1.572139e+02	 24	 999000	 240	 999000	 999	 1.582306e+02	 750.00	 750.00	 39.00	 56	 0.40	 
MRI_faces_135	 1	 8	 2053.jpg	 1.612140e+02	 12	 999000	 120	 999000	 999	 1.622306e+02	 750.00	 750.00	 4.00	 39	 0.83	 
MRI_faces_135	 1	 8	 1017.jpg	 1.632140e+02	 12	 999000	 120	 999000	 999	 1.642306e+02	 750.00	 750.00	 3.00	 3	 0.85	 
MRI_faces_135	 1	 8	 1050.jpg	 1.662141e+02	 11	 9.295534e+02	 110	 7.503099e+02	 98	 1.672307e+02	 766.67	 750.00	 18.00	 8	 0.66	 
MRI_faces_135	 1	 8	 1216.jpg	 1.692141e+02	 12	 999000	 120	 999000	 999	 1.702308e+02	 766.67	 750.00	 19.00	 26	 0.65	 
MRI_faces_135	 1	 8	 1146.jpg	 1.732141e+02	 12	 999000	 120	 999000	 999	 1.742308e+02	 766.67	 750.00	 22.00	 17	 0.57	 
MRI_faces_135	 1	 8	 1007.jpg	 1.772142e+02	 12	 999000	 120	 999000	 999	 1.782309e+02	 766.67	 750.00	 20.00	 1	 0.59	 
MRI_faces_135	 1	 8	 1255.jpg	 1.812143e+02	 12	 999000	 120	 999000	 999	 1.822309e+02	 766.67	 750.00	 5.00	 29	 0.80	 
MRI_faces_135	 1	 8	 2058.jpg	 1.842143e+02	 22	 1.240291e+03	 2200	 7.502593e+02	 98	 1.852310e+02	 766.67	 700.00	 50.00	 40	 0.26	 
MRI_faces_135	 1	 8	 2015.jpg	 1.872143e+02	 24	 999000	 240	 999000	 999	 1.882310e+02	 766.67	 700.00	 55.00	 33	 0.19	 
MRI_faces_135	 1	 8	 2089.jpg	 1.902143e+02	 24	 999000	 240	 999000	 999	 1.912311e+02	 766.67	 700.00	 49.00	 42	 0.30	 
MRI_faces_135	 1	 8	 1035.jpg	 1.922145e+02	 12	 999000	 120	 999000	 999	 1.932311e+02	 766.67	 700.00	 9.00	 7	 0.76	 
MRI_faces_135	 1	 8	 2045.jpg	 1.952145e+02	 22	 9.131017e+02	 220	 7.002832e+02	 98	 1.962312e+02	 766.67	 716.66	 53.00	 38	 0.24	 
MRI_faces_135	 1	 8	 2248.jpg	 1.972145e+02	 24	 999000	 240	 999000	 999	 1.982313e+02	 766.67	 716.66	 43.00	 60	 0.37	 
MRI_faces_135	 1	 8	 1052.jpg	 1.992147e+02	 12	 999000	 120	 999000	 999	 2.002316e+02	 766.67	 716.66	 17.00	 9	 0.66	 
MRI_faces_135	 1	 8	 2063.jpg	 2.012151e+02	 24	 999000	 240	 999000	 999	 2.022319e+02	 766.67	 716.66	 42.00	 41	 0.39	 
MRI_faces_135	 1	 8	 2041.jpg	 2.042157e+02	 24	 999000	 240	 999000	 999	 2.052324e+02	 766.67	 716.66	 41.00	 36	 0.39	 
MRI_faces_135	 1	 8	 2128.jpg	 2.082163e+02	 24	 999000	 240	 999000	 999	 2.092333e+02	 766.67	 716.66	 51.00	 48	 0.26	 
MRI_faces_135	 1	 8	 2149.jpg	 2.102166e+02	 24	 999000	 240	 999000	 999	 2.112335e+02	 766.67	 716.66	 48.00	 49	 0.31	 
MRI_faces_135	 1	 8	 1127.jpg	 2.122171e+02	 24	 999000	 240	 999000	 999	 2.132339e+02	 766.67	 716.66	 46.00	 14	 0.35	 
MRI_faces_135	 1	 8	 1226.jpg	 2.162178e+02	 11	 9.818839e+02	 110	 7.669402e+02	 98	 2.172346e+02	 783.34	 716.66	 13.00	 27	 0.69	 
MRI_faces_135	 1	 8	 2006.jpg	 2.182181e+02	 22	 9.655479e+02	 220	 7.169946e+02	 98	 2.192349e+02	 783.34	 733.33	 45.00	 31	 0.36	 
MRI_faces_135	 1	 8	 2024.jpg	 2.202149e+02	 24	 999000	 240	 999000	 999	 2.212315e+02	 783.34	 733.33	 54.00	 34	 0.24	 
MRI_faces_135	 1	 8	 1210.jpg	 2.242149e+02	 12	 999000	 120	 999000	 999	 2.252316e+02	 783.34	 733.33	 14.00	 25	 0.69	 
MRI_faces_135	 1	 8	 2112.jpg	 2.282150e+02	 12	 999000	 120	 999000	 999	 2.292316e+02	 783.34	 733.33	 21.00	 45	 0.58	 
MRI_faces_135	 1	 8	 2194.jpg	 2.302150e+02	 22	 9.686550e+02	 220	 7.335889e+02	 98	 2.312317e+02	 783.34	 750.00	 44.00	 54	 0.37	 
MRI_faces_135	 1	 8	 1202.jpg	 2.322150e+02	 12	 999000	 120	 999000	 999	 2.332317e+02	 783.34	 750.00	 11.00	 23	 0.70	 
MRI_faces_135	 1	 8	 1114.jpg	 2.342151e+02	 12	 999000	 120	 999000	 999	 2.352317e+02	 783.34	 750.00	 16.00	 13	 0.66	 
MRI_faces_135	 1	 8	 2110.jpg	 2.362152e+02	 24	 999000	 240	 999000	 999	 2.372318e+02	 783.34	 750.00	 58.00	 44	 0.13	 
MRI_faces_135	 1	 8	 2118.jpg	 2.422152e+02	 11	 9.704178e+02	 110	 7.836008e+02	 98	 2.432319e+02	 800.00	 750.00	 12.00	 46	 0.69	 
MRI_faces_135	 1	 8	 1073.jpg	 2.442153e+02	 11	 9.973738e+02	 110	 8.002758e+02	 98	 2.452318e+02	 816.67	 750.00	 7.00	 11	 0.78	 
