subjectID	 order	 runNum	 itemName	 onsetTime	 shuff_trialType	 RT	 respInTime	 AudioTime	 response	 fixationTime	 ladder1	 ladder2	 bidIndex	 itemNameIndex	 bidValue	 
MRI_faces_115	 1	 8	 1146.jpg	 1.241675e+02	 24	 999000	 240	 999000	 999	 1.251844e+02	 783.33	 783.33	 42.00	 17	 0.38	 
MRI_faces_115	 1	 8	 1114.jpg	 1.271626e+02	 24	 999000	 240	 999000	 999	 1.281794e+02	 783.33	 783.33	 43.00	 13	 0.37	 
MRI_faces_115	 1	 8	 2218.jpg	 1.311627e+02	 24	 999000	 240	 999000	 999	 1.321796e+02	 783.33	 783.33	 40.00	 57	 0.40	 
MRI_faces_115	 1	 8	 1073.jpg	 1.341629e+02	 24	 999000	 240	 999000	 999	 1.351794e+02	 783.33	 783.33	 39.00	 11	 0.40	 
MRI_faces_115	 1	 8	 2153.jpg	 1.381628e+02	 11	 9.913504e+02	 110	 7.836085e+02	 98	 1.391795e+02	 800.00	 783.33	 12.00	 50	 0.72	 
MRI_faces_115	 1	 8	 1255.jpg	 1.411629e+02	 12	 999000	 120	 999000	 999	 1.421795e+02	 800.00	 783.33	 17.00	 29	 0.69	 
MRI_faces_115	 1	 8	 1145.jpg	 1.431629e+02	 24	 999000	 240	 999000	 999	 1.441798e+02	 800.00	 783.33	 48.00	 16	 0.26	 
MRI_faces_115	 1	 8	 1052.jpg	 1.461629e+02	 12	 999000	 120	 999000	 999	 1.471796e+02	 800.00	 783.33	 16.00	 9	 0.70	 
MRI_faces_115	 1	 8	 2128.jpg	 1.491552e+02	 24	 999000	 240	 999000	 999	 1.501720e+02	 800.00	 783.33	 41.00	 48	 0.39	 
MRI_faces_115	 1	 8	 1191.jpg	 1.541631e+02	 24	 999000	 240	 999000	 999	 1.551797e+02	 800.00	 783.33	 49.00	 21	 0.22	 
MRI_faces_115	 1	 8	 1150.jpg	 1.561631e+02	 24	 999000	 240	 999000	 999	 1.571798e+02	 800.00	 783.33	 56.00	 18	 0.16	 
MRI_faces_115	 1	 8	 1035.jpg	 1.581631e+02	 12	 999000	 120	 999000	 999	 1.591798e+02	 800.00	 783.33	 19.00	 7	 0.68	 
MRI_faces_115	 1	 8	 1007.jpg	 1.621632e+02	 12	 999000	 120	 999000	 999	 1.631801e+02	 800.00	 783.33	 11.00	 1	 0.73	 
MRI_faces_115	 1	 8	 2149.jpg	 1.691588e+02	 24	 999000	 240	 999000	 999	 1.701756e+02	 800.00	 783.33	 54.00	 49	 0.19	 
MRI_faces_115	 1	 8	 1017.jpg	 1.711590e+02	 22	 9.760931e+02	 220	 7.836113e+02	 98	 1.721758e+02	 800.00	 800.00	 50.00	 3	 0.22	 
MRI_faces_115	 1	 8	 2112.jpg	 1.731595e+02	 12	 999000	 120	 999000	 999	 1.741762e+02	 800.00	 800.00	 5.00	 45	 0.84	 
MRI_faces_115	 1	 8	 1210.jpg	 1.751635e+02	 22	 9.996767e+02	 220	 8.002630e+02	 98	 1.761800e+02	 800.00	 816.66	 47.00	 25	 0.33	 
MRI_faces_115	 1	 8	 2229.jpg	 1.771634e+02	 11	 9.837470e+02	 110	 8.002688e+02	 98	 1.781800e+02	 816.66	 816.66	 10.00	 58	 0.76	 
MRI_faces_115	 1	 8	 2041.jpg	 1.791635e+02	 24	 999000	 240	 999000	 999	 1.801800e+02	 816.66	 816.66	 51.00	 36	 0.21	 
MRI_faces_115	 1	 8	 2043.jpg	 1.821610e+02	 11	 1.048157e+03	 1100	 8.169495e+02	 98	 1.831778e+02	 766.66	 816.66	 15.00	 37	 0.70	 
MRI_faces_115	 1	 8	 2015.jpg	 1.841616e+02	 12	 999000	 120	 999000	 999	 1.851802e+02	 766.66	 816.66	 4.00	 33	 0.85	 
MRI_faces_115	 1	 8	 2118.jpg	 1.861637e+02	 12	 999000	 120	 999000	 999	 1.871801e+02	 766.66	 816.66	 14.00	 46	 0.71	 
MRI_faces_115	 1	 8	 2181.jpg	 1.901636e+02	 12	 999000	 120	 999000	 999	 1.911803e+02	 766.66	 816.66	 22.00	 53	 0.62	 
MRI_faces_115	 1	 8	 1216.jpg	 1.941632e+02	 11	 9.479236e+02	 110	 7.669179e+02	 98	 1.951804e+02	 783.33	 816.66	 18.00	 26	 0.68	 
MRI_faces_115	 1	 8	 1050.jpg	 2.001473e+02	 12	 999000	 120	 999000	 999	 2.011644e+02	 783.33	 816.66	 6.00	 8	 0.84	 
MRI_faces_115	 1	 8	 2063.jpg	 2.021638e+02	 12	 999000	 120	 999000	 999	 2.031813e+02	 783.33	 816.66	 21.00	 41	 0.62	 
MRI_faces_115	 1	 8	 2212.jpg	 2.041638e+02	 12	 999000	 120	 999000	 999	 2.051817e+02	 783.33	 816.66	 20.00	 56	 0.63	 
MRI_faces_115	 1	 8	 1060.jpg	 2.061639e+02	 22	 1.023200e+03	 2200	 8.169223e+02	 98	 2.071820e+02	 783.33	 766.66	 44.00	 10	 0.37	 
MRI_faces_115	 1	 8	 1246.jpg	 2.101493e+02	 24	 999000	 240	 999000	 999	 2.111661e+02	 783.33	 766.66	 46.00	 28	 0.35	 
MRI_faces_115	 1	 8	 1127.jpg	 2.121497e+02	 22	 9.344780e+02	 220	 7.669727e+02	 98	 2.131665e+02	 783.33	 783.33	 53.00	 14	 0.21	 
MRI_faces_115	 1	 8	 2209.jpg	 2.141500e+02	 11	 9.661670e+02	 110	 7.836356e+02	 98	 2.151667e+02	 800.00	 783.33	 7.00	 55	 0.83	 
MRI_faces_115	 1	 8	 1204.jpg	 2.161503e+02	 22	 9.908346e+02	 220	 7.835965e+02	 98	 2.171674e+02	 800.00	 800.00	 52.00	 24	 0.21	 
MRI_faces_115	 1	 8	 1183.jpg	 2.201511e+02	 22	 1.035076e+03	 2200	 8.002666e+02	 98	 2.211678e+02	 800.00	 750.00	 45.00	 20	 0.36	 
MRI_faces_115	 1	 8	 2248.jpg	 2.241518e+02	 12	 999000	 120	 999000	 999	 2.251686e+02	 800.00	 750.00	 3.00	 60	 0.86	 
MRI_faces_115	 1	 8	 2010.jpg	 2.271522e+02	 12	 999000	 120	 999000	 999	 2.281691e+02	 800.00	 750.00	 8.00	 32	 0.77	 
MRI_faces_115	 1	 8	 2155.jpg	 2.321532e+02	 24	 999000	 240	 999000	 999	 2.331701e+02	 800.00	 750.00	 58.00	 51	 0.15	 
MRI_faces_115	 1	 8	 2039.jpg	 2.341535e+02	 11	 9.926870e+02	 110	 8.002694e+02	 98	 2.351703e+02	 816.66	 750.00	 13.00	 35	 0.71	 
MRI_faces_115	 1	 8	 1173.jpg	 2.371540e+02	 24	 999000	 240	 999000	 999	 2.381708e+02	 816.66	 750.00	 57.00	 19	 0.15	 
MRI_faces_115	 1	 8	 1262.jpg	 2.411546e+02	 24	 999000	 240	 999000	 999	 2.421715e+02	 816.66	 750.00	 55.00	 30	 0.18	 
MRI_faces_115	 1	 8	 1080.jpg	 2.441554e+02	 12	 999000	 120	 999000	 999	 2.451720e+02	 816.66	 750.00	 9.00	 12	 0.76	 
