subjectID	 order	 runNum	 itemName	 onsetTime	 shuff_trialType	 RT	 respInTime	 AudioTime	 response	 fixationTime	 ladder1	 ladder2	 bidIndex	 itemNameIndex	 bidValue	 
MRI_faces_113	 1	 14	 2089.jpg	 1.241822e+02	 12	 999000	 120	 999000	 999	 1.251989e+02	 650.00	 650.02	 8.00	 42	 0.79	 
MRI_faces_113	 1	 14	 2024.jpg	 1.261825e+02	 22	 9.709181e+02	 220	 6.503306e+02	 98	 1.271993e+02	 650.00	 666.69	 47.00	 34	 0.28	 
MRI_faces_113	 1	 14	 2039.jpg	 1.291829e+02	 22	 9.084683e+02	 220	 6.669549e+02	 98	 1.301997e+02	 650.00	 683.35	 45.00	 35	 0.33	 
MRI_faces_113	 1	 14	 1050.jpg	 1.321835e+02	 24	 999000	 240	 999000	 999	 1.332003e+02	 650.00	 683.35	 51.00	 8	 0.24	 
MRI_faces_113	 1	 14	 1183.jpg	 1.341838e+02	 22	 9.615352e+02	 220	 6.836249e+02	 98	 1.352006e+02	 650.00	 700.02	 52.00	 20	 0.24	 
MRI_faces_113	 1	 14	 1145.jpg	 1.381845e+02	 11	 8.959036e+02	 110	 6.502916e+02	 98	 1.392014e+02	 666.67	 700.02	 18.00	 16	 0.66	 
MRI_faces_113	 1	 14	 2128.jpg	 1.431854e+02	 12	 999000	 120	 999000	 999	 1.442022e+02	 666.67	 700.02	 21.00	 48	 0.63	 
MRI_faces_113	 1	 14	 1114.jpg	 1.451857e+02	 12	 999000	 120	 999000	 999	 1.462026e+02	 666.67	 700.02	 3.00	 13	 0.82	 
MRI_faces_113	 1	 14	 2045.jpg	 1.481863e+02	 11	 9.470606e+02	 110	 6.669454e+02	 98	 1.492033e+02	 683.33	 700.02	 7.00	 38	 0.80	 
MRI_faces_113	 1	 14	 1017.jpg	 1.501808e+02	 12	 999000	 120	 999000	 999	 1.511974e+02	 683.33	 700.02	 22.00	 3	 0.62	 
MRI_faces_113	 1	 14	 1204.jpg	 1.561809e+02	 24	 999000	 240	 999000	 999	 1.571976e+02	 683.33	 700.02	 42.00	 24	 0.35	 
MRI_faces_113	 1	 14	 2112.jpg	 1.591810e+02	 24	 999000	 240	 999000	 999	 1.601976e+02	 683.33	 700.02	 40.00	 45	 0.42	 
MRI_faces_113	 1	 14	 2218.jpg	 1.641810e+02	 24	 999000	 240	 999000	 999	 1.651977e+02	 683.33	 700.02	 48.00	 57	 0.26	 
MRI_faces_113	 1	 14	 2149.jpg	 1.661811e+02	 24	 999000	 240	 999000	 999	 1.671976e+02	 683.33	 700.02	 49.00	 49	 0.25	 
MRI_faces_113	 1	 14	 2043.jpg	 1.681811e+02	 24	 999000	 240	 999000	 999	 1.691978e+02	 683.33	 700.02	 41.00	 37	 0.40	 
MRI_faces_113	 1	 14	 2181.jpg	 1.721811e+02	 12	 999000	 120	 999000	 999	 1.731977e+02	 683.33	 700.02	 16.00	 53	 0.68	 
MRI_faces_113	 1	 14	 2094.jpg	 1.741811e+02	 12	 999000	 120	 999000	 999	 1.751979e+02	 683.33	 700.02	 6.00	 43	 0.81	 
MRI_faces_113	 1	 14	 2155.jpg	 1.771812e+02	 22	 1.006187e+03	 2200	 7.002995e+02	 98	 1.781979e+02	 683.33	 650.02	 53.00	 51	 0.23	 
MRI_faces_113	 1	 14	 1127.jpg	 1.801813e+02	 24	 999000	 240	 999000	 999	 1.811979e+02	 683.33	 650.02	 56.00	 14	 0.15	 
MRI_faces_113	 1	 14	 2041.jpg	 1.831813e+02	 12	 999000	 120	 999000	 999	 1.841979e+02	 683.33	 650.02	 9.00	 36	 0.78	 
MRI_faces_113	 1	 14	 1173.jpg	 1.851813e+02	 24	 999000	 240	 999000	 999	 1.861979e+02	 683.33	 650.02	 55.00	 19	 0.19	 
MRI_faces_113	 1	 14	 1031.jpg	 1.891814e+02	 12	 999000	 120	 999000	 999	 1.901981e+02	 683.33	 650.02	 14.00	 6	 0.72	 
MRI_faces_113	 1	 14	 2229.jpg	 1.911813e+02	 22	 9.630195e+02	 220	 6.502839e+02	 98	 1.921981e+02	 683.33	 666.69	 44.00	 58	 0.34	 
MRI_faces_113	 1	 14	 2006.jpg	 1.931814e+02	 12	 999000	 120	 999000	 999	 1.941981e+02	 683.33	 666.69	 5.00	 31	 0.81	 
MRI_faces_113	 1	 14	 2110.jpg	 1.951815e+02	 11	 9.829081e+02	 110	 6.836157e+02	 98	 1.961981e+02	 700.00	 666.69	 15.00	 44	 0.68	 
MRI_faces_113	 1	 14	 2118.jpg	 1.971815e+02	 11	 9.908534e+02	 110	 7.002550e+02	 98	 1.981982e+02	 716.67	 666.69	 10.00	 46	 0.78	 
MRI_faces_113	 1	 14	 1191.jpg	 2.011816e+02	 24	 999000	 240	 999000	 999	 2.021982e+02	 716.67	 666.69	 43.00	 21	 0.35	 
MRI_faces_113	 1	 14	 2164.jpg	 2.051816e+02	 12	 999000	 120	 999000	 999	 2.061982e+02	 716.67	 666.69	 4.00	 52	 0.82	 
MRI_faces_113	 1	 14	 2209.jpg	 2.091816e+02	 22	 1.030756e+03	 2200	 6.669528e+02	 98	 2.101983e+02	 716.67	 616.69	 50.00	 55	 0.24	 
MRI_faces_113	 1	 14	 1013.jpg	 2.121818e+02	 12	 999000	 120	 999000	 999	 2.131983e+02	 716.67	 616.69	 20.00	 2	 0.64	 
MRI_faces_113	 1	 14	 2015.jpg	 2.141818e+02	 12	 999000	 120	 999000	 999	 2.151984e+02	 716.67	 616.69	 11.00	 33	 0.75	 
MRI_faces_113	 1	 14	 1226.jpg	 2.161817e+02	 24	 999000	 240	 999000	 999	 2.171984e+02	 716.67	 616.69	 46.00	 27	 0.29	 
MRI_faces_113	 1	 14	 1019.jpg	 2.181819e+02	 12	 999000	 120	 999000	 999	 2.191988e+02	 716.67	 616.69	 19.00	 4	 0.66	 
MRI_faces_113	 1	 14	 2053.jpg	 2.201822e+02	 24	 999000	 240	 999000	 999	 2.211991e+02	 716.67	 616.69	 39.00	 39	 0.42	 
MRI_faces_113	 1	 14	 1073.jpg	 2.241829e+02	 11	 9.984483e+02	 110	 7.169371e+02	 98	 2.252023e+02	 733.33	 616.69	 12.00	 11	 0.74	 
MRI_faces_113	 1	 14	 1255.jpg	 2.261834e+02	 12	 999000	 120	 999000	 999	 2.272003e+02	 733.33	 616.69	 17.00	 29	 0.67	 
MRI_faces_113	 1	 14	 2058.jpg	 2.331845e+02	 24	 999000	 240	 999000	 999	 2.342013e+02	 733.33	 616.69	 54.00	 40	 0.20	 
MRI_faces_113	 1	 14	 1246.jpg	 2.371853e+02	 24	 999000	 240	 999000	 999	 2.382021e+02	 733.33	 616.69	 58.00	 28	 0.13	 
MRI_faces_113	 1	 14	 2153.jpg	 2.401857e+02	 11	 1.021639e+03	 1100	 7.336126e+02	 98	 2.412028e+02	 683.33	 616.69	 13.00	 50	 0.73	 
MRI_faces_113	 1	 14	 1150.jpg	 2.441822e+02	 24	 999000	 240	 999000	 999	 2.451988e+02	 683.33	 616.69	 57.00	 18	 0.15	 
