subjectID	 order	 runNum	 itemName	 onsetTime	 shuff_trialType	 RT	 respInTime	 AudioTime	 response	 fixationTime	 ladder1	 ladder2	 bidIndex	 itemNameIndex	 bidValue	 
MRI_faces_116	 2	 1	 2153.jpg	 2.380150e+00	 12	 999000	 120	 999000	 999	 3.400393e+00	 750.00	 750.00	 19.00	 50	 0.66	 
MRI_faces_116	 2	 1	 2112.jpg	 4.379859e+00	 12	 999000	 120	 999000	 999	 5.396661e+00	 750.00	 750.00	 10.00	 45	 0.72	 
MRI_faces_116	 2	 1	 2039.jpg	 7.380748e+00	 12	 999000	 120	 999000	 999	 8.397122e+00	 750.00	 750.00	 5.00	 35	 0.81	 
MRI_faces_116	 2	 1	 2194.jpg	 1.038093e+01	 12	 999000	 120	 999000	 999	 1.139768e+01	 750.00	 750.00	 20.00	 54	 0.65	 
MRI_faces_116	 2	 1	 1127.jpg	 1.238115e+01	 22	 9.602611e+02	 220	 7.537313e+02	 98	 1.339803e+01	 750.00	 766.67	 48.00	 14	 0.24	 
MRI_faces_116	 2	 1	 2229.jpg	 1.638192e+01	 11	 9.594956e+02	 110	 7.526375e+02	 98	 1.739868e+01	 766.67	 766.67	 8.00	 58	 0.80	 
MRI_faces_116	 2	 1	 2164.jpg	 2.138280e+01	 11	 9.286157e+02	 110	 7.669860e+02	 98	 2.239965e+01	 783.33	 766.67	 11.00	 52	 0.72	 
MRI_faces_116	 2	 1	 2006.jpg	 2.337921e+01	 12	 999000	 120	 999000	 999	 2.439590e+01	 783.33	 766.67	 3.00	 31	 0.87	 
MRI_faces_116	 2	 1	 1073.jpg	 2.638372e+01	 24	 999000	 240	 999000	 999	 2.740045e+01	 783.33	 766.67	 50.00	 11	 0.23	 
MRI_faces_116	 2	 1	 1204.jpg	 2.837924e+01	 24	 999000	 240	 999000	 999	 2.939593e+01	 783.33	 766.67	 53.00	 24	 0.20	 
MRI_faces_116	 2	 1	 1013.jpg	 3.437940e+01	 24	 999000	 240	 999000	 999	 3.539600e+01	 783.33	 766.67	 44.00	 2	 0.33	 
MRI_faces_116	 2	 1	 2063.jpg	 3.737944e+01	 12	 999000	 120	 999000	 999	 3.839611e+01	 783.33	 766.67	 7.00	 41	 0.81	 
MRI_faces_116	 2	 1	 2155.jpg	 4.237952e+01	 24	 999000	 240	 999000	 999	 4.339612e+01	 783.33	 766.67	 39.00	 51	 0.40	 
MRI_faces_116	 2	 1	 2010.jpg	 4.437957e+01	 12	 999000	 120	 999000	 999	 4.539624e+01	 783.33	 766.67	 21.00	 32	 0.61	 
MRI_faces_116	 2	 1	 2024.jpg	 4.637956e+01	 11	 9.658683e+02	 110	 7.835941e+02	 98	 4.739631e+01	 800.00	 766.67	 17.00	 34	 0.66	 
MRI_faces_116	 2	 1	 1145.jpg	 5.037963e+01	 24	 999000	 240	 999000	 999	 5.139627e+01	 800.00	 766.67	 41.00	 16	 0.36	 
MRI_faces_116	 2	 1	 1130.jpg	 5.237969e+01	 22	 9.517161e+02	 220	 7.669226e+02	 98	 5.339626e+01	 800.00	 783.33	 46.00	 15	 0.28	 
MRI_faces_116	 2	 1	 2043.jpg	 5.537970e+01	 12	 999000	 120	 999000	 999	 5.639636e+01	 800.00	 783.33	 12.00	 37	 0.72	 
MRI_faces_116	 2	 1	 1052.jpg	 5.837980e+01	 24	 999000	 240	 999000	 999	 5.939643e+01	 800.00	 783.33	 55.00	 9	 0.20	 
MRI_faces_116	 2	 1	 1146.jpg	 6.137979e+01	 24	 999000	 240	 999000	 999	 6.239649e+01	 800.00	 783.33	 58.00	 17	 0.16	 
MRI_faces_116	 2	 1	 1192.jpg	 6.337987e+01	 24	 999000	 240	 999000	 999	 6.439652e+01	 800.00	 783.33	 52.00	 22	 0.23	 
MRI_faces_116	 2	 1	 1050.jpg	 6.737993e+01	 12	 999000	 120	 999000	 999	 6.839655e+01	 800.00	 783.33	 18.00	 8	 0.66	 
MRI_faces_116	 2	 1	 2053.jpg	 6.937994e+01	 12	 999000	 120	 999000	 999	 7.039662e+01	 800.00	 783.33	 4.00	 39	 0.86	 
MRI_faces_116	 2	 1	 2248.jpg	 7.137991e+01	 12	 999000	 120	 999000	 999	 7.239667e+01	 800.00	 783.33	 6.00	 60	 0.81	 
MRI_faces_116	 2	 1	 2149.jpg	 7.337994e+01	 24	 999000	 240	 999000	 999	 7.439667e+01	 800.00	 783.33	 56.00	 49	 0.20	 
MRI_faces_116	 2	 1	 1007.jpg	 7.538003e+01	 24	 999000	 240	 999000	 999	 7.639671e+01	 800.00	 783.33	 40.00	 1	 0.39	 
MRI_faces_116	 2	 1	 1060.jpg	 7.938002e+01	 24	 999000	 240	 999000	 999	 8.039674e+01	 800.00	 783.33	 45.00	 10	 0.29	 
MRI_faces_116	 2	 1	 1255.jpg	 8.338017e+01	 11	 1.000244e+03	 1100	 8.002633e+02	 98	 8.439683e+01	 750.00	 783.33	 16.00	 29	 0.70	 
MRI_faces_116	 2	 1	 2015.jpg	 8.738019e+01	 11	 9.342172e+02	 110	 7.502589e+02	 98	 8.839687e+01	 766.67	 783.33	 14.00	 33	 0.70	 
MRI_faces_116	 2	 1	 2218.jpg	 9.038020e+01	 12	 999000	 120	 999000	 999	 9.139689e+01	 766.67	 783.33	 22.00	 57	 0.59	 
MRI_faces_116	 2	 1	 1246.jpg	 9.238020e+01	 22	 9.722044e+02	 220	 7.836099e+02	 98	 9.339696e+01	 766.67	 800.00	 49.00	 28	 0.24	 
MRI_faces_116	 2	 1	 2045.jpg	 9.438026e+01	 12	 999000	 120	 999000	 999	 9.539695e+01	 766.67	 800.00	 15.00	 38	 0.70	 
MRI_faces_116	 2	 1	 2058.jpg	 9.638037e+01	 24	 999000	 240	 999000	 999	 9.739696e+01	 766.67	 800.00	 47.00	 40	 0.24	 
MRI_faces_116	 2	 1	 1080.jpg	 9.838037e+01	 24	 999000	 240	 999000	 999	 9.939699e+01	 766.67	 800.00	 42.00	 12	 0.35	 
MRI_faces_116	 2	 1	 2209.jpg	 1.023804e+02	 11	 9.999583e+02	 110	 7.669735e+02	 98	 1.033973e+02	 783.33	 800.00	 9.00	 55	 0.78	 
MRI_faces_116	 2	 1	 1173.jpg	 1.043807e+02	 22	 4.096886e+02	 22	 8.002563e+02	 98	 1.053977e+02	 783.33	 816.67	 54.00	 19	 0.20	 
MRI_faces_116	 2	 1	 1183.jpg	 1.113820e+02	 24	 999000	 240	 999000	 999	 1.123987e+02	 783.33	 816.67	 57.00	 20	 0.17	 
MRI_faces_116	 2	 1	 1035.jpg	 1.153827e+02	 12	 999000	 120	 999000	 999	 1.163995e+02	 783.33	 816.67	 13.00	 7	 0.71	 
MRI_faces_116	 2	 1	 1226.jpg	 1.183806e+02	 22	 1.043780e+03	 2200	 8.169426e+02	 98	 1.193973e+02	 783.33	 766.67	 43.00	 27	 0.35	 
MRI_faces_116	 2	 1	 2094.jpg	 1.223807e+02	 22	 1.064726e+03	 2200	 7.669268e+02	 98	 1.233973e+02	 783.33	 716.67	 51.00	 43	 0.23	 
