subjectID	 order	 runNum	 itemName	 onsetTime	 shuff_trialType	 RT	 respInTime	 AudioTime	 response	 fixationTime	 ladder1	 ladder2	 bidIndex	 itemNameIndex	 bidValue	 
MRI_faces_138	 2	 12	 2053.jpg	 1.242147e+02	 12	 999000	 120	 999000	 999	 1.252314e+02	 716.67	 716.67	 12.00	 39	 0.71	 
MRI_faces_138	 2	 12	 1127.jpg	 1.272120e+02	 22	 9.265694e+02	 220	 7.169864e+02	 98	 1.282289e+02	 716.67	 733.34	 43.00	 14	 0.33	 
MRI_faces_138	 2	 12	 1035.jpg	 1.312128e+02	 12	 999000	 120	 999000	 999	 1.322315e+02	 716.67	 733.34	 13.00	 7	 0.71	 
MRI_faces_138	 2	 12	 1210.jpg	 1.341982e+02	 12	 999000	 120	 999000	 999	 1.352149e+02	 716.67	 733.34	 22.00	 25	 0.62	 
MRI_faces_138	 2	 12	 1262.jpg	 1.382140e+02	 22	 9.646000e+02	 220	 7.336198e+02	 98	 1.392316e+02	 716.67	 750.00	 51.00	 30	 0.25	 
MRI_faces_138	 2	 12	 1019.jpg	 1.411980e+02	 22	 9.755878e+02	 220	 7.502868e+02	 98	 1.422149e+02	 716.67	 766.67	 49.00	 4	 0.29	 
MRI_faces_138	 2	 12	 1192.jpg	 1.431983e+02	 24	 999000	 240	 999000	 999	 1.442150e+02	 716.67	 766.67	 53.00	 22	 0.23	 
MRI_faces_138	 2	 12	 1246.jpg	 1.461987e+02	 22	 1.052891e+03	 2200	 7.669428e+02	 98	 1.472155e+02	 716.67	 716.67	 54.00	 28	 0.22	 
MRI_faces_138	 2	 12	 2006.jpg	 1.491993e+02	 12	 999000	 120	 999000	 999	 1.502161e+02	 716.67	 716.67	 7.00	 31	 0.81	 
MRI_faces_138	 2	 12	 2058.jpg	 1.542001e+02	 24	 999000	 240	 999000	 999	 1.552169e+02	 716.67	 716.67	 47.00	 40	 0.31	 
MRI_faces_138	 2	 12	 1183.jpg	 1.562004e+02	 24	 999000	 240	 999000	 999	 1.572173e+02	 716.67	 716.67	 42.00	 20	 0.35	 
MRI_faces_138	 2	 12	 2094.jpg	 1.582009e+02	 12	 999000	 120	 999000	 999	 1.592177e+02	 716.67	 716.67	 3.00	 43	 0.85	 
MRI_faces_138	 2	 12	 2015.jpg	 1.622016e+02	 12	 999000	 120	 999000	 999	 1.632184e+02	 716.67	 716.67	 18.00	 33	 0.64	 
MRI_faces_138	 2	 12	 1191.jpg	 1.692028e+02	 12	 999000	 120	 999000	 999	 1.702196e+02	 716.67	 716.67	 21.00	 21	 0.62	 
MRI_faces_138	 2	 12	 2181.jpg	 1.712031e+02	 12	 999000	 120	 999000	 999	 1.722200e+02	 716.67	 716.67	 5.00	 53	 0.82	 
MRI_faces_138	 2	 12	 1146.jpg	 1.732035e+02	 22	 1.028152e+03	 2200	 7.169436e+02	 98	 1.742203e+02	 716.67	 666.67	 48.00	 17	 0.30	 
MRI_faces_138	 2	 12	 2041.jpg	 1.752039e+02	 24	 999000	 240	 999000	 999	 1.762207e+02	 716.67	 666.67	 41.00	 36	 0.35	 
MRI_faces_138	 2	 12	 2149.jpg	 1.772042e+02	 24	 999000	 240	 999000	 999	 1.782210e+02	 716.67	 666.67	 57.00	 49	 0.19	 
MRI_faces_138	 2	 12	 1114.jpg	 1.792046e+02	 11	 9.109818e+02	 110	 7.169563e+02	 98	 1.802213e+02	 733.34	 666.67	 17.00	 13	 0.65	 
MRI_faces_138	 2	 12	 1173.jpg	 1.822051e+02	 24	 999000	 240	 999000	 999	 1.832219e+02	 733.34	 666.67	 55.00	 19	 0.20	 
MRI_faces_138	 2	 12	 2089.jpg	 1.842055e+02	 11	 1.048153e+03	 1100	 7.335964e+02	 98	 1.852222e+02	 683.34	 666.67	 14.00	 42	 0.71	 
MRI_faces_138	 2	 12	 2125.jpg	 1.862058e+02	 11	 8.668097e+02	 110	 6.835859e+02	 98	 1.872226e+02	 700.00	 666.67	 9.00	 47	 0.76	 
MRI_faces_138	 2	 12	 1013.jpg	 1.902065e+02	 24	 999000	 240	 999000	 999	 1.912233e+02	 700.00	 666.67	 56.00	 2	 0.19	 
MRI_faces_138	 2	 12	 1031.jpg	 1.942073e+02	 12	 999000	 120	 999000	 999	 1.952241e+02	 700.00	 666.67	 10.00	 6	 0.75	 
MRI_faces_138	 2	 12	 2039.jpg	 2.002083e+02	 12	 999000	 120	 999000	 999	 2.012250e+02	 700.00	 666.67	 15.00	 35	 0.70	 
MRI_faces_138	 2	 12	 1027.jpg	 2.022086e+02	 24	 999000	 240	 999000	 999	 2.032254e+02	 700.00	 666.67	 52.00	 5	 0.25	 
MRI_faces_138	 2	 12	 2110.jpg	 2.042089e+02	 24	 999000	 240	 999000	 999	 2.052258e+02	 700.00	 666.67	 39.00	 44	 0.39	 
MRI_faces_138	 2	 12	 1255.jpg	 2.062093e+02	 24	 999000	 240	 999000	 999	 2.072262e+02	 700.00	 666.67	 58.00	 29	 0.16	 
MRI_faces_138	 2	 12	 2212.jpg	 2.102100e+02	 12	 999000	 120	 999000	 999	 2.112269e+02	 700.00	 666.67	 6.00	 56	 0.82	 
MRI_faces_138	 2	 12	 1216.jpg	 2.122104e+02	 24	 999000	 240	 999000	 999	 2.132272e+02	 700.00	 666.67	 45.00	 26	 0.32	 
MRI_faces_138	 2	 12	 2063.jpg	 2.142107e+02	 11	 9.159147e+02	 110	 7.002825e+02	 98	 2.152275e+02	 716.67	 666.67	 11.00	 41	 0.72	 
MRI_faces_138	 2	 12	 2128.jpg	 2.162111e+02	 24	 999000	 240	 999000	 999	 2.172279e+02	 716.67	 666.67	 40.00	 48	 0.35	 
MRI_faces_138	 2	 12	 2218.jpg	 2.202118e+02	 11	 1.062821e+03	 1100	 7.169222e+02	 98	 2.212287e+02	 666.67	 666.67	 16.00	 57	 0.67	 
MRI_faces_138	 2	 12	 2164.jpg	 2.242125e+02	 12	 999000	 120	 999000	 999	 2.252293e+02	 666.67	 666.67	 20.00	 52	 0.64	 
MRI_faces_138	 2	 12	 2112.jpg	 2.272131e+02	 11	 9.045559e+02	 110	 6.669284e+02	 98	 2.282298e+02	 683.34	 666.67	 8.00	 45	 0.77	 
MRI_faces_138	 2	 12	 1202.jpg	 2.322139e+02	 22	 9.456767e+02	 220	 6.669567e+02	 98	 2.332308e+02	 683.34	 683.34	 46.00	 23	 0.31	 
MRI_faces_138	 2	 12	 1007.jpg	 2.342142e+02	 24	 999000	 240	 999000	 999	 2.352331e+02	 683.34	 683.34	 50.00	 1	 0.28	 
MRI_faces_138	 2	 12	 1150.jpg	 2.371998e+02	 24	 999000	 240	 999000	 999	 2.382164e+02	 683.34	 683.34	 44.00	 18	 0.32	 
MRI_faces_138	 2	 12	 2153.jpg	 2.411999e+02	 12	 999000	 120	 999000	 999	 2.422165e+02	 683.34	 683.34	 4.00	 50	 0.83	 
MRI_faces_138	 2	 12	 2155.jpg	 2.441998e+02	 12	 999000	 120	 999000	 999	 2.452165e+02	 683.34	 683.34	 19.00	 51	 0.64	 
