subjectID	 order	 runNum	 itemName	 onsetTime	 shuff_trialType	 RT	 respInTime	 AudioTime	 response	 fixationTime	 ladder1	 ladder2	 bidIndex	 itemNameIndex	 bidValue	 
MRI_faces_144	 2	 8	 2043.jpg	 1.242408e+02	 12	 999000	 120	 999000	 999	 1.252575e+02	 716.66	 650.00	 22.00	 37	 0.60	 
MRI_faces_144	 2	 8	 2041.jpg	 1.272358e+02	 11	 9.737181e+02	 110	 7.170080e+02	 98	 1.282526e+02	 733.33	 650.00	 17.00	 36	 0.67	 
MRI_faces_144	 2	 8	 1216.jpg	 1.312365e+02	 24	 999000	 240	 999000	 999	 1.322533e+02	 733.33	 650.00	 47.00	 26	 0.30	 
MRI_faces_144	 2	 8	 1080.jpg	 1.342370e+02	 24	 999000	 240	 999000	 999	 1.352539e+02	 733.33	 650.00	 58.00	 12	 0.13	 
MRI_faces_144	 2	 8	 1114.jpg	 1.382377e+02	 22	 1.119860e+03	 2200	 6.502717e+02	 98	 1.392546e+02	 733.33	 600.00	 51.00	 13	 0.23	 
MRI_faces_144	 2	 8	 2089.jpg	 1.412383e+02	 12	 999000	 120	 999000	 999	 1.422551e+02	 733.33	 600.00	 21.00	 42	 0.63	 
MRI_faces_144	 2	 8	 1246.jpg	 1.432387e+02	 24	 999000	 240	 999000	 999	 1.442555e+02	 733.33	 600.00	 42.00	 28	 0.35	 
MRI_faces_144	 2	 8	 1007.jpg	 1.462391e+02	 24	 999000	 240	 999000	 999	 1.472578e+02	 733.33	 600.00	 40.00	 1	 0.38	 
MRI_faces_144	 2	 8	 2164.jpg	 1.492246e+02	 24	 999000	 240	 999000	 999	 1.502411e+02	 733.33	 600.00	 41.00	 52	 0.35	 
MRI_faces_144	 2	 8	 2125.jpg	 1.542246e+02	 11	 9.659569e+02	 110	 7.336227e+02	 98	 1.552413e+02	 749.99	 600.00	 11.00	 47	 0.77	 
MRI_faces_144	 2	 8	 1255.jpg	 1.562246e+02	 24	 999000	 240	 999000	 999	 1.572413e+02	 749.99	 600.00	 39.00	 29	 0.39	 
MRI_faces_144	 2	 8	 1204.jpg	 1.582246e+02	 24	 999000	 240	 999000	 999	 1.592414e+02	 749.99	 600.00	 44.00	 24	 0.34	 
MRI_faces_144	 2	 8	 1145.jpg	 1.622253e+02	 24	 999000	 240	 999000	 999	 1.632421e+02	 749.99	 600.00	 45.00	 16	 0.32	 
MRI_faces_144	 2	 8	 1192.jpg	 1.692265e+02	 24	 999000	 240	 999000	 999	 1.702434e+02	 749.99	 600.00	 57.00	 22	 0.14	 
MRI_faces_144	 2	 8	 2128.jpg	 1.712269e+02	 12	 999000	 120	 999000	 999	 1.722437e+02	 749.99	 600.00	 18.00	 48	 0.65	 
MRI_faces_144	 2	 8	 2058.jpg	 1.732273e+02	 12	 999000	 120	 999000	 999	 1.742440e+02	 749.99	 600.00	 15.00	 40	 0.70	 
MRI_faces_144	 2	 8	 1127.jpg	 1.752276e+02	 22	 9.579713e+02	 220	 6.002669e+02	 98	 1.762444e+02	 749.99	 616.67	 54.00	 14	 0.17	 
MRI_faces_144	 2	 8	 2153.jpg	 1.772280e+02	 12	 999000	 120	 999000	 999	 1.782448e+02	 749.99	 616.67	 10.00	 50	 0.79	 
MRI_faces_144	 2	 8	 2194.jpg	 1.792283e+02	 12	 999000	 120	 999000	 999	 1.802452e+02	 749.99	 616.67	 7.00	 54	 0.81	 
MRI_faces_144	 2	 8	 2015.jpg	 1.822289e+02	 12	 999000	 120	 999000	 999	 1.832457e+02	 749.99	 616.67	 5.00	 33	 0.86	 
MRI_faces_144	 2	 8	 1191.jpg	 1.842291e+02	 24	 999000	 240	 999000	 999	 1.852459e+02	 749.99	 616.67	 50.00	 21	 0.25	 
MRI_faces_144	 2	 8	 2039.jpg	 1.862295e+02	 12	 999000	 120	 999000	 999	 1.872463e+02	 749.99	 616.67	 4.00	 35	 0.86	 
MRI_faces_144	 2	 8	 1183.jpg	 1.902302e+02	 24	 999000	 240	 999000	 999	 1.912470e+02	 749.99	 616.67	 52.00	 20	 0.23	 
MRI_faces_144	 2	 8	 2010.jpg	 1.942309e+02	 12	 999000	 120	 999000	 999	 1.952478e+02	 749.99	 616.67	 20.00	 32	 0.64	 
MRI_faces_144	 2	 8	 1019.jpg	 2.002320e+02	 22	 8.885674e+02	 220	 6.169575e+02	 98	 2.012488e+02	 749.99	 633.33	 43.00	 4	 0.35	 
MRI_faces_144	 2	 8	 2063.jpg	 2.022323e+02	 12	 1.345237e+03	 12	 999000	 121	 2.032492e+02	 749.99	 633.33	 12.00	 41	 0.77	 
MRI_faces_144	 2	 8	 1013.jpg	 2.042327e+02	 24	 999000	 240	 999000	 999	 2.052495e+02	 749.99	 633.33	 55.00	 2	 0.16	 
MRI_faces_144	 2	 8	 1150.jpg	 2.062331e+02	 22	 9.675290e+02	 220	 6.336091e+02	 98	 2.072498e+02	 749.99	 650.00	 48.00	 18	 0.28	 
MRI_faces_144	 2	 8	 2229.jpg	 2.102338e+02	 11	 1.028741e+03	 1100	 7.502655e+02	 98	 2.112506e+02	 699.99	 650.00	 9.00	 58	 0.80	 
MRI_faces_144	 2	 8	 2212.jpg	 2.122341e+02	 12	 999000	 120	 999000	 999	 2.132508e+02	 699.99	 650.00	 6.00	 56	 0.81	 
MRI_faces_144	 2	 8	 2218.jpg	 2.142344e+02	 12	 999000	 120	 999000	 999	 2.152512e+02	 699.99	 650.00	 19.00	 57	 0.64	 
MRI_faces_144	 2	 8	 1060.jpg	 2.162348e+02	 22	 9.177281e+02	 220	 6.502762e+02	 98	 2.172517e+02	 699.99	 666.67	 49.00	 10	 0.27	 
MRI_faces_144	 2	 8	 1073.jpg	 2.202355e+02	 24	 999000	 240	 999000	 999	 2.212524e+02	 699.99	 666.67	 56.00	 11	 0.15	 
MRI_faces_144	 2	 8	 2045.jpg	 2.242362e+02	 12	 999000	 120	 999000	 999	 2.252531e+02	 699.99	 666.67	 13.00	 38	 0.73	 
MRI_faces_144	 2	 8	 2006.jpg	 2.272367e+02	 11	 9.948483e+02	 110	 7.002670e+02	 98	 2.282536e+02	 716.66	 666.67	 8.00	 31	 0.80	 
MRI_faces_144	 2	 8	 2053.jpg	 2.322377e+02	 11	 1.065880e+03	 1100	 7.169547e+02	 98	 2.332544e+02	 666.66	 666.67	 16.00	 39	 0.69	 
MRI_faces_144	 2	 8	 1146.jpg	 2.342379e+02	 24	 999000	 240	 999000	 999	 2.352548e+02	 666.66	 666.67	 53.00	 17	 0.19	 
MRI_faces_144	 2	 8	 1035.jpg	 2.372385e+02	 22	 9.450965e+02	 220	 6.669180e+02	 98	 2.382553e+02	 666.66	 683.33	 46.00	 7	 0.31	 
MRI_faces_144	 2	 8	 2024.jpg	 2.412392e+02	 11	 9.083699e+02	 110	 6.670105e+02	 98	 2.422560e+02	 683.33	 683.33	 14.00	 34	 0.73	 
MRI_faces_144	 2	 8	 2112.jpg	 2.442397e+02	 12	 999000	 120	 999000	 999	 2.452565e+02	 683.33	 683.33	 3.00	 45	 0.88	 
