subjectID	 order	 runNum	 itemName	 onsetTime	 shuff_trialType	 RT	 respInTime	 AudioTime	 response	 fixationTime	 ladder1	 ladder2	 bidIndex	 itemNameIndex	 bidValue	 
MRI_faces_130	 2	 12	 1080.jpg	 1.242101e+02	 22	 9.957563e+02	 220	 7.169822e+02	 98	 1.252267e+02	 716.67	 733.34	 43.00	 12	 0.36	 
MRI_faces_130	 2	 12	 1210.jpg	 1.282021e+02	 12	 999000	 120	 999000	 999	 1.292189e+02	 716.67	 733.34	 10.00	 25	 0.72	 
MRI_faces_130	 2	 12	 2164.jpg	 1.302025e+02	 24	 999000	 240	 999000	 999	 1.312192e+02	 716.67	 733.34	 47.00	 52	 0.33	 
MRI_faces_130	 2	 12	 1202.jpg	 1.352033e+02	 12	 999000	 120	 999000	 999	 1.362201e+02	 716.67	 733.34	 15.00	 23	 0.64	 
MRI_faces_130	 2	 12	 1216.jpg	 1.372037e+02	 12	 999000	 120	 999000	 999	 1.382206e+02	 716.67	 733.34	 4.00	 26	 0.82	 
MRI_faces_130	 2	 12	 2053.jpg	 1.392040e+02	 11	 9.459083e+02	 110	 7.169764e+02	 98	 1.402208e+02	 733.34	 733.34	 14.00	 39	 0.64	 
MRI_faces_130	 2	 12	 2118.jpg	 1.432048e+02	 12	 999000	 120	 999000	 999	 1.442216e+02	 733.34	 733.34	 22.00	 46	 0.57	 
MRI_faces_130	 2	 12	 1073.jpg	 1.452051e+02	 24	 999000	 240	 999000	 999	 1.462218e+02	 733.34	 733.34	 57.00	 11	 0.24	 
MRI_faces_130	 2	 12	 2125.jpg	 1.472054e+02	 12	 999000	 120	 999000	 999	 1.482222e+02	 733.34	 733.34	 20.00	 47	 0.59	 
MRI_faces_130	 2	 12	 2110.jpg	 1.502060e+02	 22	 9.978562e+02	 220	 7.336208e+02	 98	 1.512228e+02	 733.34	 750.00	 54.00	 44	 0.25	 
MRI_faces_130	 2	 12	 1060.jpg	 1.522063e+02	 24	 999000	 240	 999000	 999	 1.532231e+02	 733.34	 750.00	 44.00	 10	 0.36	 
MRI_faces_130	 2	 12	 1146.jpg	 1.562070e+02	 22	 9.698816e+02	 220	 7.502823e+02	 98	 1.572237e+02	 733.34	 766.67	 46.00	 17	 0.33	 
MRI_faces_130	 2	 12	 2041.jpg	 1.622080e+02	 22	 1.013856e+03	 2200	 7.669244e+02	 98	 1.632266e+02	 733.34	 716.67	 49.00	 36	 0.31	 
MRI_faces_130	 2	 12	 1019.jpg	 1.652086e+02	 12	 999000	 120	 999000	 999	 1.662273e+02	 733.34	 716.67	 18.00	 4	 0.61	 
MRI_faces_130	 2	 12	 1114.jpg	 1.672089e+02	 11	 9.609671e+02	 110	 7.336456e+02	 98	 1.682274e+02	 750.00	 716.67	 8.00	 13	 0.78	 
MRI_faces_130	 2	 12	 1127.jpg	 1.691941e+02	 24	 999000	 240	 999000	 999	 1.702107e+02	 750.00	 716.67	 41.00	 14	 0.38	 
MRI_faces_130	 2	 12	 1150.jpg	 1.711941e+02	 22	 9.208073e+02	 220	 7.169376e+02	 98	 1.722108e+02	 750.00	 733.34	 51.00	 18	 0.29	 
MRI_faces_130	 2	 12	 1192.jpg	 1.731941e+02	 24	 999000	 240	 999000	 999	 1.742108e+02	 750.00	 733.34	 53.00	 22	 0.27	 
MRI_faces_130	 2	 12	 2039.jpg	 1.761942e+02	 24	 999000	 240	 999000	 999	 1.772108e+02	 750.00	 733.34	 58.00	 35	 0.22	 
MRI_faces_130	 2	 12	 2015.jpg	 1.801945e+02	 11	 9.743429e+02	 110	 7.502556e+02	 98	 1.812114e+02	 766.67	 733.34	 16.00	 33	 0.64	 
MRI_faces_130	 2	 12	 2181.jpg	 1.831950e+02	 12	 999000	 120	 999000	 999	 1.842119e+02	 766.67	 733.34	 5.00	 53	 0.82	 
MRI_faces_130	 2	 12	 1262.jpg	 1.871959e+02	 24	 999000	 240	 999000	 999	 1.882125e+02	 766.67	 733.34	 52.00	 30	 0.27	 
MRI_faces_130	 2	 12	 2063.jpg	 1.921966e+02	 11	 1.040238e+03	 1100	 7.669477e+02	 98	 1.932135e+02	 716.67	 733.34	 11.00	 41	 0.72	 
MRI_faces_130	 2	 12	 2089.jpg	 1.961973e+02	 12	 999000	 120	 999000	 999	 1.972142e+02	 716.67	 733.34	 12.00	 42	 0.70	 
MRI_faces_130	 2	 12	 1173.jpg	 1.991979e+02	 24	 999000	 240	 999000	 999	 2.002146e+02	 716.67	 733.34	 55.00	 19	 0.25	 
MRI_faces_130	 2	 12	 1191.jpg	 2.011982e+02	 12	 999000	 120	 999000	 999	 2.022151e+02	 716.67	 733.34	 7.00	 21	 0.79	 
MRI_faces_130	 2	 12	 1031.jpg	 2.031986e+02	 12	 999000	 120	 999000	 999	 2.042154e+02	 716.67	 733.34	 6.00	 6	 0.81	 
MRI_faces_130	 2	 12	 1204.jpg	 2.101998e+02	 11	 1.096090e+03	 1100	 7.169177e+02	 98	 2.112166e+02	 666.67	 733.34	 17.00	 24	 0.62	 
MRI_faces_130	 2	 12	 2229.jpg	 2.132003e+02	 24	 999000	 240	 999000	 999	 2.142171e+02	 666.67	 733.34	 50.00	 58	 0.31	 
MRI_faces_130	 2	 12	 1226.jpg	 2.152007e+02	 24	 999000	 240	 999000	 999	 2.162175e+02	 666.67	 733.34	 56.00	 27	 0.24	 
MRI_faces_130	 2	 12	 1035.jpg	 2.192014e+02	 12	 999000	 120	 999000	 999	 2.202182e+02	 666.67	 733.34	 3.00	 7	 0.84	 
MRI_faces_130	 2	 12	 2212.jpg	 2.212018e+02	 11	 8.780638e+02	 110	 6.669326e+02	 98	 2.222185e+02	 683.34	 733.34	 9.00	 56	 0.76	 
MRI_faces_130	 2	 12	 2045.jpg	 2.242023e+02	 24	 999000	 240	 999000	 999	 2.252191e+02	 683.34	 733.34	 45.00	 38	 0.33	 
MRI_faces_130	 2	 12	 2218.jpg	 2.262026e+02	 24	 999000	 240	 999000	 999	 2.272195e+02	 683.34	 733.34	 42.00	 57	 0.37	 
MRI_faces_130	 2	 12	 2112.jpg	 2.302033e+02	 12	 999000	 120	 999000	 999	 2.312201e+02	 683.34	 733.34	 21.00	 45	 0.59	 
MRI_faces_130	 2	 12	 2043.jpg	 2.322037e+02	 12	 999000	 120	 999000	 999	 2.332204e+02	 683.34	 733.34	 13.00	 37	 0.65	 
MRI_faces_130	 2	 12	 2149.jpg	 2.362043e+02	 24	 999000	 240	 999000	 999	 2.372212e+02	 683.34	 733.34	 40.00	 49	 0.40	 
MRI_faces_130	 2	 12	 1183.jpg	 2.392049e+02	 22	 9.840023e+02	 220	 7.337531e+02	 98	 2.402217e+02	 683.34	 750.00	 48.00	 20	 0.32	 
MRI_faces_130	 2	 12	 2010.jpg	 2.412053e+02	 24	 999000	 240	 999000	 999	 2.422221e+02	 683.34	 750.00	 39.00	 32	 0.42	 
MRI_faces_130	 2	 12	 2248.jpg	 2.442057e+02	 12	 999000	 120	 999000	 999	 2.452226e+02	 683.34	 750.00	 19.00	 60	 0.60	 
