subjectID	 order	 runNum	 itemName	 onsetTime	 shuff_trialType	 RT	 respInTime	 AudioTime	 response	 fixationTime	 ladder1	 ladder2	 bidIndex	 itemNameIndex	 bidValue	 
MRI_faces_101	 1	 14	 1255.jpg	 1.241027e+02	 24	 999000	 240	 999000	 999	 1.251211e+02	 916.66	 916.66	 48.00	 29	 0.28	 
MRI_faces_101	 1	 14	 2041.jpg	 1.271026e+02	 11	 999000	 1	 9.169804e+02	 999	 1.281393e+02	 866.66	 916.66	 12.00	 36	 0.74	 
MRI_faces_101	 1	 14	 2155.jpg	 1.311024e+02	 22	 5.358155e+02	 22	 9.169724e+02	 98	 1.321398e+02	 866.66	 916.66	 53.00	 51	 0.22	 
MRI_faces_101	 1	 14	 2024.jpg	 1.341031e+02	 24	 999000	 240	 999000	 999	 1.351234e+02	 866.66	 916.66	 41.00	 34	 0.32	 
MRI_faces_101	 1	 14	 2015.jpg	 1.381038e+02	 12	 999000	 120	 999000	 999	 1.391238e+02	 866.66	 916.66	 16.00	 33	 0.72	 
MRI_faces_101	 1	 14	 1060.jpg	 1.411044e+02	 24	 999000	 240	 999000	 999	 1.421225e+02	 866.66	 916.66	 57.00	 10	 0.17	 
MRI_faces_101	 1	 14	 2149.jpg	 1.431047e+02	 24	 999000	 240	 999000	 999	 1.441242e+02	 866.66	 916.66	 58.00	 49	 0.11	 
MRI_faces_101	 1	 14	 1210.jpg	 1.461052e+02	 22	 5.720676e+02	 22	 9.169436e+02	 98	 1.471530e+02	 866.66	 916.66	 45.00	 25	 0.30	 
MRI_faces_101	 1	 14	 2089.jpg	 1.491058e+02	 12	 999000	 120	 999000	 999	 1.501243e+02	 866.66	 916.66	 3.00	 42	 0.85	 
MRI_faces_101	 1	 14	 1146.jpg	 1.541030e+02	 24	 999000	 240	 999000	 999	 1.551235e+02	 866.66	 916.66	 49.00	 17	 0.28	 
MRI_faces_101	 1	 14	 2128.jpg	 1.561030e+02	 24	 999000	 240	 999000	 999	 1.571239e+02	 866.66	 916.66	 40.00	 48	 0.37	 
MRI_faces_101	 1	 14	 2053.jpg	 1.581030e+02	 12	 999000	 120	 999000	 999	 1.591244e+02	 866.66	 916.66	 8.00	 39	 0.78	 
MRI_faces_101	 1	 14	 1183.jpg	 1.621032e+02	 24	 999000	 240	 999000	 999	 1.631273e+02	 866.66	 916.66	 55.00	 20	 0.18	 
MRI_faces_101	 1	 14	 2043.jpg	 1.691032e+02	 12	 999000	 120	 999000	 999	 1.701218e+02	 866.66	 916.66	 11.00	 37	 0.74	 
MRI_faces_101	 1	 14	 2248.jpg	 1.711033e+02	 12	 999000	 120	 999000	 999	 1.721215e+02	 866.66	 916.66	 20.00	 60	 0.66	 
MRI_faces_101	 1	 14	 2194.jpg	 1.731034e+02	 24	 999000	 240	 999000	 999	 1.741208e+02	 866.66	 916.66	 54.00	 54	 0.19	 
MRI_faces_101	 1	 14	 2110.jpg	 1.751033e+02	 22	 5.639217e+02	 22	 9.169847e+02	 98	 1.761438e+02	 866.66	 916.66	 52.00	 44	 0.25	 
MRI_faces_101	 1	 14	 2153.jpg	 1.771034e+02	 11	 5.278173e+02	 11	 8.669884e+02	 98	 1.781465e+02	 883.33	 916.66	 7.00	 50	 0.80	 
MRI_faces_101	 1	 14	 1150.jpg	 1.791032e+02	 24	 999000	 240	 999000	 999	 1.801205e+02	 883.33	 916.66	 56.00	 18	 0.17	 
MRI_faces_101	 1	 14	 1127.jpg	 1.821034e+02	 22	 5.987824e+02	 22	 9.169543e+02	 98	 1.831453e+02	 883.33	 916.66	 44.00	 14	 0.30	 
MRI_faces_101	 1	 14	 1073.jpg	 1.841034e+02	 24	 999000	 240	 999000	 999	 1.851206e+02	 883.33	 916.66	 39.00	 11	 0.40	 
MRI_faces_101	 1	 14	 1052.jpg	 1.861035e+02	 24	 999000	 240	 999000	 999	 1.871233e+02	 883.33	 916.66	 43.00	 9	 0.31	 
MRI_faces_101	 1	 14	 2063.jpg	 1.901033e+02	 12	 999000	 120	 999000	 999	 1.911203e+02	 883.33	 916.66	 21.00	 41	 0.65	 
MRI_faces_101	 1	 14	 2212.jpg	 1.941034e+02	 11	 6.128003e+02	 11	 8.836302e+02	 98	 1.951469e+02	 899.99	 916.66	 15.00	 56	 0.73	 
MRI_faces_101	 1	 14	 1031.jpg	 2.001037e+02	 11	 6.125482e+02	 11	 9.002989e+02	 98	 2.011482e+02	 916.66	 916.66	 10.00	 6	 0.76	 
MRI_faces_101	 1	 14	 1226.jpg	 2.021037e+02	 24	 999000	 240	 999000	 999	 2.031205e+02	 916.66	 916.66	 46.00	 27	 0.28	 
MRI_faces_101	 1	 14	 2094.jpg	 2.041037e+02	 11	 5.634851e+02	 11	 9.169663e+02	 98	 2.051488e+02	 916.66	 916.66	 18.00	 43	 0.68	 
MRI_faces_101	 1	 14	 2164.jpg	 2.061038e+02	 12	 999000	 120	 999000	 999	 2.071205e+02	 916.66	 916.66	 19.00	 52	 0.67	 
MRI_faces_101	 1	 14	 2006.jpg	 2.101041e+02	 12	 999000	 120	 999000	 999	 2.111209e+02	 916.66	 916.66	 14.00	 31	 0.73	 
MRI_faces_101	 1	 14	 1035.jpg	 2.121039e+02	 12	 999000	 120	 999000	 999	 2.131213e+02	 916.66	 916.66	 9.00	 7	 0.76	 
MRI_faces_101	 1	 14	 2118.jpg	 2.141037e+02	 12	 999000	 120	 999000	 999	 2.151213e+02	 916.66	 916.66	 5.00	 46	 0.83	 
MRI_faces_101	 1	 14	 1050.jpg	 2.161039e+02	 12	 999000	 120	 999000	 999	 2.171217e+02	 916.66	 916.66	 17.00	 8	 0.70	 
MRI_faces_101	 1	 14	 1204.jpg	 2.201038e+02	 24	 999000	 240	 999000	 999	 2.211208e+02	 916.66	 916.66	 51.00	 24	 0.26	 
MRI_faces_101	 1	 14	 2045.jpg	 2.241041e+02	 12	 999000	 120	 999000	 999	 2.251218e+02	 916.66	 916.66	 6.00	 38	 0.83	 
MRI_faces_101	 1	 14	 1192.jpg	 2.271041e+02	 22	 6.170888e+02	 22	 9.169519e+02	 98	 2.281529e+02	 916.66	 916.66	 47.00	 22	 0.28	 
MRI_faces_101	 1	 14	 2218.jpg	 2.321040e+02	 12	 999000	 120	 999000	 999	 2.331243e+02	 916.66	 916.66	 22.00	 57	 0.64	 
MRI_faces_101	 1	 14	 1262.jpg	 2.341039e+02	 22	 7.483433e+02	 22	 9.169775e+02	 98	 2.351394e+02	 916.66	 916.66	 50.00	 30	 0.26	 
MRI_faces_101	 1	 14	 2010.jpg	 2.371045e+02	 12	 999000	 120	 999000	 999	 2.381211e+02	 916.66	 916.66	 4.00	 32	 0.83	 
MRI_faces_101	 1	 14	 1216.jpg	 2.411052e+02	 11	 6.800193e+02	 11	 9.169605e+02	 98	 2.421411e+02	 916.66	 916.66	 13.00	 26	 0.74	 
MRI_faces_101	 1	 14	 1007.jpg	 2.441057e+02	 24	 999000	 240	 999000	 999	 2.451264e+02	 916.66	 916.66	 42.00	 1	 0.31	 
