subjectID	 order	 runNum	 itemName	 onsetTime	 shuff_trialType	 RT	 respInTime	 AudioTime	 response	 fixationTime	 ladder1	 ladder2	 bidIndex	 itemNameIndex	 bidValue	 
MRI_faces_107	 1	 9	 1173.jpg	 2.269377e+00	 24	 999000	 240	 999000	 999	 3.285597e+00	 683.34	 683.34	 58.00	 19	 0.13	 
MRI_faces_107	 1	 9	 1073.jpg	 4.260160e+00	 12	 999000	 120	 999000	 999	 5.277033e+00	 683.34	 683.34	 21.00	 11	 0.62	 
MRI_faces_107	 1	 9	 2118.jpg	 7.260797e+00	 12	 999000	 120	 999000	 999	 8.277607e+00	 683.34	 683.34	 22.00	 46	 0.61	 
MRI_faces_107	 1	 9	 2125.jpg	 1.026142e+01	 11	 9.751604e+02	 110	 6.870306e+02	 98	 1.127802e+01	 700.01	 683.34	 10.00	 47	 0.79	 
MRI_faces_107	 1	 9	 1216.jpg	 1.226168e+01	 24	 999000	 240	 999000	 999	 1.327840e+01	 700.01	 683.34	 46.00	 26	 0.25	 
MRI_faces_107	 1	 9	 2128.jpg	 1.626236e+01	 11	 9.912388e+02	 110	 7.002761e+02	 98	 1.727908e+01	 716.67	 683.34	 18.00	 48	 0.64	 
MRI_faces_107	 1	 9	 1246.jpg	 2.126334e+01	 24	 999000	 240	 999000	 999	 2.227998e+01	 716.67	 683.34	 54.00	 28	 0.21	 
MRI_faces_107	 1	 9	 1017.jpg	 2.326365e+01	 24	 999000	 240	 999000	 999	 2.428034e+01	 716.67	 683.34	 48.00	 3	 0.23	 
MRI_faces_107	 1	 9	 1127.jpg	 2.626414e+01	 24	 999000	 240	 999000	 999	 2.728093e+01	 716.67	 683.34	 56.00	 14	 0.18	 
MRI_faces_107	 1	 9	 1210.jpg	 2.826443e+01	 24	 999000	 240	 999000	 999	 2.928140e+01	 716.67	 683.34	 39.00	 25	 0.38	 
MRI_faces_107	 1	 9	 2010.jpg	 3.426554e+01	 12	 999000	 120	 999000	 999	 3.528250e+01	 716.67	 683.34	 5.00	 32	 0.85	 
MRI_faces_107	 1	 9	 2194.jpg	 3.725277e+01	 22	 1.023826e+03	 2200	 6.857422e+02	 98	 3.826942e+01	 716.67	 633.34	 52.00	 54	 0.22	 
MRI_faces_107	 1	 9	 2164.jpg	 4.225285e+01	 22	 9.267295e+02	 220	 6.335996e+02	 98	 4.326957e+01	 716.67	 650.01	 47.00	 52	 0.24	 
MRI_faces_107	 1	 9	 1114.jpg	 4.425287e+01	 12	 999000	 120	 999000	 999	 4.526956e+01	 716.67	 650.01	 17.00	 13	 0.64	 
MRI_faces_107	 1	 9	 1262.jpg	 4.625315e+01	 12	 999000	 120	 999000	 999	 4.726960e+01	 716.67	 650.01	 16.00	 30	 0.66	 
MRI_faces_107	 1	 9	 2094.jpg	 5.025301e+01	 12	 999000	 120	 999000	 999	 5.126979e+01	 716.67	 650.01	 20.00	 43	 0.62	 
MRI_faces_107	 1	 9	 1204.jpg	 5.225313e+01	 24	 999000	 240	 999000	 999	 5.326969e+01	 716.67	 650.01	 43.00	 24	 0.32	 
MRI_faces_107	 1	 9	 1191.jpg	 5.525305e+01	 22	 1.044530e+03	 2200	 6.502729e+02	 98	 5.626975e+01	 716.67	 600.01	 44.00	 21	 0.31	 
MRI_faces_107	 1	 9	 2112.jpg	 5.825320e+01	 12	 999000	 120	 999000	 999	 5.926982e+01	 716.67	 600.01	 4.00	 45	 0.85	 
MRI_faces_107	 1	 9	 2229.jpg	 6.125357e+01	 12	 999000	 120	 999000	 999	 6.227058e+01	 716.67	 600.01	 3.00	 58	 0.86	 
MRI_faces_107	 1	 9	 2153.jpg	 6.325397e+01	 11	 9.656070e+02	 110	 7.169491e+02	 98	 6.427075e+01	 733.34	 600.01	 7.00	 50	 0.83	 
MRI_faces_107	 1	 9	 1027.jpg	 6.725460e+01	 12	 999000	 120	 999000	 999	 6.827150e+01	 733.34	 600.01	 19.00	 5	 0.64	 
MRI_faces_107	 1	 9	 2041.jpg	 6.925501e+01	 12	 999000	 120	 999000	 999	 7.027175e+01	 733.34	 600.01	 14.00	 36	 0.70	 
MRI_faces_107	 1	 9	 2043.jpg	 7.125529e+01	 24	 999000	 240	 999000	 999	 7.227211e+01	 733.34	 600.01	 42.00	 37	 0.34	 
MRI_faces_107	 1	 9	 2149.jpg	 7.325565e+01	 24	 999000	 240	 999000	 999	 7.427246e+01	 733.34	 600.01	 40.00	 49	 0.37	 
MRI_faces_107	 1	 9	 1226.jpg	 7.525607e+01	 22	 9.145039e+02	 220	 6.002848e+02	 98	 7.627290e+01	 733.34	 616.67	 50.00	 27	 0.22	 
MRI_faces_107	 1	 9	 2212.jpg	 7.925673e+01	 12	 999000	 120	 999000	 999	 8.027353e+01	 733.34	 616.67	 11.00	 56	 0.78	 
MRI_faces_107	 1	 9	 2039.jpg	 8.325745e+01	 12	 999000	 120	 999000	 999	 8.427433e+01	 733.34	 616.67	 6.00	 35	 0.84	 
MRI_faces_107	 1	 9	 2015.jpg	 8.725810e+01	 12	 999000	 120	 999000	 999	 8.827500e+01	 733.34	 616.67	 8.00	 33	 0.82	 
MRI_faces_107	 1	 9	 1192.jpg	 9.025868e+01	 24	 999000	 240	 999000	 999	 9.127566e+01	 733.34	 616.67	 55.00	 22	 0.18	 
MRI_faces_107	 1	 9	 1150.jpg	 9.225902e+01	 24	 999000	 240	 999000	 999	 9.327608e+01	 733.34	 616.67	 51.00	 18	 0.22	 
MRI_faces_107	 1	 9	 2045.jpg	 9.425939e+01	 11	 1.023197e+03	 1100	 7.336321e+02	 98	 9.527615e+01	 683.34	 616.67	 15.00	 38	 0.66	 
MRI_faces_107	 1	 9	 2248.jpg	 9.625970e+01	 11	 1.003905e+03	 1100	 6.836058e+02	 98	 9.727679e+01	 633.34	 616.67	 13.00	 60	 0.71	 
MRI_faces_107	 1	 9	 1013.jpg	 9.826020e+01	 24	 999000	 240	 999000	 999	 9.927686e+01	 633.34	 616.67	 41.00	 2	 0.37	 
MRI_faces_107	 1	 9	 1146.jpg	 1.022608e+02	 24	 999000	 240	 999000	 999	 1.032778e+02	 633.34	 616.67	 57.00	 17	 0.14	 
MRI_faces_107	 1	 9	 2024.jpg	 1.042612e+02	 11	 9.524166e+02	 110	 6.336375e+02	 98	 1.052780e+02	 650.01	 616.67	 12.00	 34	 0.77	 
MRI_faces_107	 1	 9	 2181.jpg	 1.112625e+02	 12	 999000	 120	 999000	 999	 1.122792e+02	 650.01	 616.67	 9.00	 53	 0.81	 
MRI_faces_107	 1	 9	 1052.jpg	 1.152631e+02	 22	 1.055523e+03	 2200	 6.169313e+02	 98	 1.162799e+02	 650.01	 566.67	 53.00	 9	 0.22	 
MRI_faces_107	 1	 9	 1145.jpg	 1.182637e+02	 24	 999000	 240	 999000	 999	 1.192804e+02	 650.01	 566.67	 49.00	 16	 0.23	 
MRI_faces_107	 1	 9	 1183.jpg	 1.222644e+02	 22	 8.211544e+02	 220	 5.669174e+02	 98	 1.232812e+02	 650.01	 583.34	 45.00	 20	 0.31	 
