subjectID	 order	 runNum	 itemName	 onsetTime	 shuff_trialType	 RT	 respInTime	 AudioTime	 response	 fixationTime	 ladder1	 ladder2	 bidIndex	 itemNameIndex	 bidValue	 
MRI_faces_144	 2	 13	 2006.jpg	 2.435486e+00	 11	 9.757747e+02	 110	 6.860381e+02	 98	 3.452857e+00	 700.00	 683.33	 8.00	 31	 0.80	 
MRI_faces_144	 2	 13	 2229.jpg	 6.429796e+00	 11	 9.314549e+02	 110	 7.017465e+02	 98	 7.446580e+00	 716.66	 683.33	 9.00	 58	 0.80	 
MRI_faces_144	 2	 13	 1191.jpg	 8.430120e+00	 24	 999000	 240	 999000	 999	 9.446957e+00	 716.66	 683.33	 50.00	 21	 0.25	 
MRI_faces_144	 2	 13	 1183.jpg	 1.343103e+01	 24	 9.392276e+02	 24	 999000	 98	 1.444785e+01	 716.66	 683.33	 52.00	 20	 0.23	 
MRI_faces_144	 2	 13	 1204.jpg	 1.543143e+01	 24	 999000	 240	 999000	 999	 1.644822e+01	 716.66	 683.33	 44.00	 24	 0.34	 
MRI_faces_144	 2	 13	 2041.jpg	 1.743168e+01	 11	 9.585927e+02	 110	 7.169156e+02	 98	 1.844861e+01	 733.33	 683.33	 17.00	 36	 0.67	 
MRI_faces_144	 2	 13	 2063.jpg	 2.143237e+01	 12	 999000	 120	 999000	 999	 2.244934e+01	 733.33	 683.33	 12.00	 41	 0.77	 
MRI_faces_144	 2	 13	 2039.jpg	 2.343283e+01	 12	 999000	 120	 999000	 999	 2.444961e+01	 733.33	 683.33	 4.00	 35	 0.86	 
MRI_faces_144	 2	 13	 1255.jpg	 2.543315e+01	 24	 999000	 240	 999000	 999	 2.645000e+01	 733.33	 683.33	 39.00	 29	 0.39	 
MRI_faces_144	 2	 13	 1192.jpg	 2.843376e+01	 24	 999000	 240	 999000	 999	 2.945231e+01	 733.33	 683.33	 57.00	 22	 0.14	 
MRI_faces_144	 2	 13	 2218.jpg	 3.043407e+01	 12	 999000	 120	 999000	 999	 3.145233e+01	 733.33	 683.33	 19.00	 57	 0.64	 
MRI_faces_144	 2	 13	 1216.jpg	 3.443476e+01	 24	 999000	 240	 999000	 999	 3.545255e+01	 733.33	 683.33	 47.00	 26	 0.30	 
MRI_faces_144	 2	 13	 1019.jpg	 4.041893e+01	 22	 9.233361e+02	 220	 6.854627e+02	 98	 4.143602e+01	 733.33	 700.00	 43.00	 4	 0.35	 
MRI_faces_144	 2	 13	 2015.jpg	 4.341947e+01	 12	 999000	 120	 999000	 999	 4.443653e+01	 733.33	 700.00	 5.00	 33	 0.86	 
MRI_faces_144	 2	 13	 1080.jpg	 4.542011e+01	 24	 999000	 240	 999000	 999	 4.643677e+01	 733.33	 700.00	 58.00	 12	 0.13	 
MRI_faces_144	 2	 13	 2043.jpg	 4.742041e+01	 12	 999000	 120	 999000	 999	 4.843723e+01	 733.33	 700.00	 22.00	 37	 0.60	 
MRI_faces_144	 2	 13	 2128.jpg	 4.942076e+01	 12	 999000	 120	 999000	 999	 5.043755e+01	 733.33	 700.00	 18.00	 48	 0.65	 
MRI_faces_144	 2	 13	 2010.jpg	 5.142108e+01	 12	 999000	 120	 999000	 999	 5.243792e+01	 733.33	 700.00	 20.00	 32	 0.64	 
MRI_faces_144	 2	 13	 2058.jpg	 5.442161e+01	 12	 999000	 120	 999000	 999	 5.543845e+01	 733.33	 700.00	 15.00	 40	 0.70	 
MRI_faces_144	 2	 13	 1013.jpg	 5.842237e+01	 24	 999000	 240	 999000	 999	 5.943916e+01	 733.33	 700.00	 55.00	 2	 0.16	 
MRI_faces_144	 2	 13	 1114.jpg	 6.142279e+01	 22	 1.097485e+03	 2200	 7.002591e+02	 98	 6.243965e+01	 733.33	 650.00	 51.00	 13	 0.23	 
MRI_faces_144	 2	 13	 2045.jpg	 6.542353e+01	 12	 5.687256e+02	 12	 999000	 98	 6.644037e+01	 733.33	 650.00	 13.00	 38	 0.73	 
MRI_faces_144	 2	 13	 2112.jpg	 7.042447e+01	 12	 999000	 120	 999000	 999	 7.144135e+01	 733.33	 650.00	 3.00	 45	 0.88	 
MRI_faces_144	 2	 13	 1060.jpg	 7.442515e+01	 22	 8.911156e+02	 220	 6.502867e+02	 98	 7.544192e+01	 733.33	 666.66	 49.00	 10	 0.27	 
MRI_faces_144	 2	 13	 2053.jpg	 7.742566e+01	 11	 9.676194e+02	 110	 7.336027e+02	 98	 7.844255e+01	 750.00	 666.66	 16.00	 39	 0.69	 
MRI_faces_144	 2	 13	 1073.jpg	 7.942606e+01	 24	 999000	 240	 999000	 999	 8.044278e+01	 750.00	 666.66	 56.00	 11	 0.15	 
MRI_faces_144	 2	 13	 2024.jpg	 8.142640e+01	 11	 9.758709e+02	 110	 7.502768e+02	 98	 8.244316e+01	 766.66	 666.66	 14.00	 34	 0.73	 
MRI_faces_144	 2	 13	 2125.jpg	 8.842758e+01	 11	 9.916889e+02	 110	 7.669148e+02	 98	 8.944438e+01	 783.33	 666.66	 11.00	 47	 0.77	 
MRI_faces_144	 2	 13	 1145.jpg	 9.142815e+01	 24	 999000	 240	 999000	 999	 9.244493e+01	 783.33	 666.66	 45.00	 16	 0.32	 
MRI_faces_144	 2	 13	 2153.jpg	 9.342852e+01	 12	 999000	 120	 999000	 999	 9.444532e+01	 783.33	 666.66	 10.00	 50	 0.79	 
MRI_faces_144	 2	 13	 2212.jpg	 9.742914e+01	 12	 999000	 120	 999000	 999	 9.844602e+01	 783.33	 666.66	 6.00	 56	 0.81	 
MRI_faces_144	 2	 13	 1127.jpg	 9.942955e+01	 22	 9.517747e+02	 220	 6.669273e+02	 98	 1.004465e+02	 783.33	 683.33	 54.00	 14	 0.17	 
MRI_faces_144	 2	 13	 2194.jpg	 1.024301e+02	 12	 999000	 120	 999000	 999	 1.034469e+02	 783.33	 683.33	 7.00	 54	 0.81	 
MRI_faces_144	 2	 13	 1246.jpg	 1.044304e+02	 24	 999000	 240	 999000	 999	 1.054473e+02	 783.33	 683.33	 42.00	 28	 0.35	 
MRI_faces_144	 2	 13	 2089.jpg	 1.084312e+02	 12	 999000	 120	 999000	 999	 1.094479e+02	 783.33	 683.33	 21.00	 42	 0.63	 
MRI_faces_144	 2	 13	 1035.jpg	 1.104314e+02	 22	 9.438618e+02	 220	 6.836353e+02	 98	 1.114483e+02	 783.33	 700.00	 46.00	 7	 0.31	 
MRI_faces_144	 2	 13	 2164.jpg	 1.144322e+02	 24	 999000	 240	 999000	 999	 1.154490e+02	 783.33	 700.00	 41.00	 52	 0.35	 
MRI_faces_144	 2	 13	 1146.jpg	 1.174326e+02	 24	 999000	 240	 999000	 999	 1.184495e+02	 783.33	 700.00	 53.00	 17	 0.19	 
MRI_faces_144	 2	 13	 1150.jpg	 1.194331e+02	 22	 1.050209e+03	 2200	 7.002729e+02	 98	 1.204501e+02	 783.33	 650.00	 48.00	 18	 0.28	 
MRI_faces_144	 2	 13	 1007.jpg	 1.224336e+02	 24	 999000	 240	 999000	 999	 1.234504e+02	 783.33	 650.00	 40.00	 1	 0.38	 
