subjectID	 order	 runNum	 itemName	 onsetTime	 shuff_trialType	 RT	 respInTime	 AudioTime	 response	 fixationTime	 ladder1	 ladder2	 bidIndex	 itemNameIndex	 bidValue	 
MRI_faces_143	 1	 4	 2094.jpg	 1.240995e+02	 12	 999000	 120	 999000	 999	 1.251162e+02	 716.67	 716.66	 11.00	 43	 0.78	 
MRI_faces_143	 1	 4	 2218.jpg	 1.260947e+02	 24	 999000	 240	 999000	 999	 1.271113e+02	 716.67	 716.66	 39.00	 57	 0.39	 
MRI_faces_143	 1	 4	 1191.jpg	 1.290948e+02	 12	 999000	 120	 999000	 999	 1.301113e+02	 716.67	 716.66	 6.00	 21	 0.83	 
MRI_faces_143	 1	 4	 1173.jpg	 1.320948e+02	 22	 9.086523e+02	 220	 7.169517e+02	 98	 1.331113e+02	 716.67	 733.33	 44.00	 19	 0.34	 
MRI_faces_143	 1	 4	 1192.jpg	 1.340948e+02	 22	 9.986070e+02	 220	 7.336018e+02	 98	 1.351114e+02	 716.67	 749.99	 52.00	 22	 0.28	 
MRI_faces_143	 1	 4	 1035.jpg	 1.380948e+02	 12	 999000	 120	 999000	 999	 1.391115e+02	 716.67	 749.99	 3.00	 7	 0.88	 
MRI_faces_143	 1	 4	 1226.jpg	 1.430949e+02	 22	 1.028456e+03	 2200	 7.502676e+02	 98	 1.441116e+02	 716.67	 699.99	 53.00	 27	 0.27	 
MRI_faces_143	 1	 4	 1262.jpg	 1.450949e+02	 24	 999000	 240	 999000	 999	 1.461116e+02	 716.67	 699.99	 48.00	 30	 0.31	 
MRI_faces_143	 1	 4	 1080.jpg	 1.480949e+02	 24	 999000	 240	 999000	 999	 1.491116e+02	 716.67	 699.99	 58.00	 12	 0.13	 
MRI_faces_143	 1	 4	 2010.jpg	 1.500950e+02	 12	 999000	 120	 999000	 999	 1.511116e+02	 716.67	 699.99	 5.00	 32	 0.84	 
MRI_faces_143	 1	 4	 1027.jpg	 1.560951e+02	 12	 999000	 120	 999000	 999	 1.571117e+02	 716.67	 699.99	 14.00	 5	 0.73	 
MRI_faces_143	 1	 4	 2125.jpg	 1.590951e+02	 11	 9.593241e+02	 110	 7.169511e+02	 98	 1.601117e+02	 733.34	 699.99	 12.00	 47	 0.75	 
MRI_faces_143	 1	 4	 1202.jpg	 1.640952e+02	 12	 999000	 120	 999000	 999	 1.651118e+02	 733.34	 699.99	 8.00	 23	 0.80	 
MRI_faces_143	 1	 4	 2015.jpg	 1.660952e+02	 11	 1.022160e+03	 1100	 7.336223e+02	 98	 1.671118e+02	 683.34	 699.99	 15.00	 33	 0.69	 
MRI_faces_143	 1	 4	 1146.jpg	 1.680952e+02	 24	 999000	 240	 999000	 999	 1.691119e+02	 683.34	 699.99	 43.00	 17	 0.36	 
MRI_faces_143	 1	 4	 1210.jpg	 1.720953e+02	 24	 999000	 240	 999000	 999	 1.731119e+02	 683.34	 699.99	 46.00	 25	 0.33	 
MRI_faces_143	 1	 4	 2153.jpg	 1.740953e+02	 12	 999000	 120	 999000	 999	 1.751120e+02	 683.34	 699.99	 20.00	 50	 0.62	 
MRI_faces_143	 1	 4	 1050.jpg	 1.770954e+02	 12	 999000	 120	 999000	 999	 1.781122e+02	 683.34	 699.99	 17.00	 8	 0.66	 
MRI_faces_143	 1	 4	 1031.jpg	 1.800954e+02	 11	 1.003988e+03	 1100	 6.836169e+02	 98	 1.811135e+02	 633.34	 699.99	 7.00	 6	 0.82	 
MRI_faces_143	 1	 4	 1150.jpg	 1.830955e+02	 24	 999000	 240	 999000	 999	 1.841122e+02	 633.34	 699.99	 40.00	 18	 0.39	 
MRI_faces_143	 1	 4	 1017.jpg	 1.850957e+02	 12	 999000	 120	 999000	 999	 1.861124e+02	 633.34	 699.99	 16.00	 3	 0.67	 
MRI_faces_143	 1	 4	 2181.jpg	 1.890956e+02	 24	 999000	 240	 999000	 999	 1.901122e+02	 633.34	 699.99	 41.00	 53	 0.38	 
MRI_faces_143	 1	 4	 2110.jpg	 1.910956e+02	 24	 999000	 240	 999000	 999	 1.921122e+02	 633.34	 699.99	 56.00	 44	 0.16	 
MRI_faces_143	 1	 4	 1204.jpg	 1.930957e+02	 24	 999000	 240	 999000	 999	 1.941124e+02	 633.34	 699.99	 54.00	 24	 0.25	 
MRI_faces_143	 1	 4	 1255.jpg	 1.950956e+02	 12	 999000	 120	 999000	 999	 1.961123e+02	 633.34	 699.99	 19.00	 29	 0.64	 
MRI_faces_143	 1	 4	 2089.jpg	 1.970958e+02	 12	 999000	 120	 999000	 999	 1.981124e+02	 633.34	 699.99	 22.00	 42	 0.56	 
MRI_faces_143	 1	 4	 2118.jpg	 2.010962e+02	 11	 9.611776e+02	 110	 6.336284e+02	 98	 2.021131e+02	 650.00	 699.99	 13.00	 46	 0.73	 
MRI_faces_143	 1	 4	 2155.jpg	 2.050969e+02	 24	 999000	 240	 999000	 999	 2.061138e+02	 650.00	 699.99	 55.00	 51	 0.18	 
MRI_faces_143	 1	 4	 2006.jpg	 2.090977e+02	 12	 999000	 120	 999000	 999	 2.101144e+02	 650.00	 699.99	 4.00	 31	 0.86	 
MRI_faces_143	 1	 4	 1013.jpg	 2.120981e+02	 24	 999000	 240	 999000	 999	 2.131150e+02	 650.00	 699.99	 42.00	 2	 0.38	 
MRI_faces_143	 1	 4	 2058.jpg	 2.140985e+02	 24	 999000	 240	 999000	 999	 2.151153e+02	 650.00	 699.99	 57.00	 40	 0.14	 
MRI_faces_143	 1	 4	 2063.jpg	 2.160988e+02	 11	 8.895866e+02	 110	 6.502905e+02	 98	 2.171156e+02	 666.67	 699.99	 18.00	 41	 0.64	 
MRI_faces_143	 1	 4	 1073.jpg	 2.180992e+02	 11	 9.591712e+02	 110	 6.669659e+02	 98	 2.191160e+02	 683.34	 699.99	 10.00	 11	 0.79	 
MRI_faces_143	 1	 4	 1246.jpg	 2.200960e+02	 24	 999000	 240	 999000	 999	 2.211126e+02	 683.34	 699.99	 51.00	 28	 0.28	 
MRI_faces_143	 1	 4	 2043.jpg	 2.240961e+02	 12	 999000	 120	 999000	 999	 2.251128e+02	 683.34	 699.99	 21.00	 37	 0.60	 
MRI_faces_143	 1	 4	 2248.jpg	 2.260961e+02	 22	 9.903099e+02	 220	 7.002989e+02	 98	 2.271174e+02	 683.34	 716.66	 47.00	 60	 0.31	 
MRI_faces_143	 1	 4	 1127.jpg	 2.330962e+02	 24	 999000	 240	 999000	 999	 2.341129e+02	 683.34	 716.66	 49.00	 14	 0.30	 
MRI_faces_143	 1	 4	 2112.jpg	 2.370962e+02	 12	 999000	 120	 999000	 999	 2.381130e+02	 683.34	 716.66	 9.00	 45	 0.80	 
MRI_faces_143	 1	 4	 2164.jpg	 2.400963e+02	 22	 9.150898e+02	 220	 7.169133e+02	 98	 2.411131e+02	 683.34	 733.33	 50.00	 52	 0.29	 
MRI_faces_143	 1	 4	 1052.jpg	 2.440964e+02	 22	 9.220000e+02	 220	 7.336070e+02	 98	 2.451130e+02	 683.34	 749.99	 45.00	 9	 0.34	 
