subjectID	 order	 runNum	 itemName	 onsetTime	 shuff_trialType	 RT	 respInTime	 AudioTime	 response	 fixationTime	 ladder1	 ladder2	 bidIndex	 itemNameIndex	 bidValue	 
MRI_faces_151	 1	 15	 2164.jpg	 2.309612e+00	 24	 999000	 240	 999000	 999	 3.326016e+00	 683.34	 750.00	 43.00	 52	 0.40	 
MRI_faces_151	 1	 15	 2153.jpg	 6.299772e+00	 22	 1.029662e+03	 2200	 7.526565e+02	 98	 7.316516e+00	 683.34	 700.00	 52.00	 50	 0.28	 
MRI_faces_151	 1	 15	 1017.jpg	 8.300192e+00	 22	 9.332431e+02	 220	 7.002680e+02	 98	 9.316848e+00	 683.34	 716.67	 45.00	 3	 0.40	 
MRI_faces_151	 1	 15	 2043.jpg	 1.330093e+01	 22	 9.544778e+02	 220	 7.169426e+02	 98	 1.431768e+01	 683.34	 733.33	 44.00	 37	 0.40	 
MRI_faces_151	 1	 15	 2006.jpg	 1.530127e+01	 24	 999000	 240	 999000	 999	 1.631801e+01	 683.34	 733.33	 48.00	 31	 0.37	 
MRI_faces_151	 1	 15	 2063.jpg	 1.730168e+01	 12	 999000	 120	 999000	 999	 1.831847e+01	 683.34	 733.33	 16.00	 41	 0.60	 
MRI_faces_151	 1	 15	 2229.jpg	 2.130236e+01	 12	 999000	 120	 999000	 999	 2.231911e+01	 683.34	 733.33	 19.00	 58	 0.59	 
MRI_faces_151	 1	 15	 2218.jpg	 2.330281e+01	 24	 999000	 240	 999000	 999	 2.431967e+01	 683.34	 733.33	 42.00	 57	 0.41	 
MRI_faces_151	 1	 15	 2125.jpg	 2.530304e+01	 24	 999000	 240	 999000	 999	 2.631985e+01	 683.34	 733.33	 55.00	 47	 0.25	 
MRI_faces_151	 1	 15	 1210.jpg	 2.830351e+01	 12	 999000	 120	 999000	 999	 2.932042e+01	 683.34	 733.33	 3.00	 25	 0.76	 
MRI_faces_151	 1	 15	 2110.jpg	 3.030392e+01	 24	 999000	 240	 999000	 999	 3.132074e+01	 683.34	 733.33	 54.00	 44	 0.26	 
MRI_faces_151	 1	 15	 2118.jpg	 3.430463e+01	 24	 999000	 240	 999000	 999	 3.532140e+01	 683.34	 733.33	 56.00	 46	 0.22	 
MRI_faces_151	 1	 15	 1052.jpg	 4.029347e+01	 22	 9.719655e+02	 220	 7.336218e+02	 98	 4.131005e+01	 683.34	 750.00	 53.00	 9	 0.27	 
MRI_faces_151	 1	 15	 1050.jpg	 4.329348e+01	 12	 999000	 120	 999000	 999	 4.431009e+01	 683.34	 750.00	 5.00	 8	 0.74	 
MRI_faces_151	 1	 15	 1145.jpg	 4.529346e+01	 12	 999000	 120	 999000	 999	 4.631016e+01	 683.34	 750.00	 6.00	 16	 0.74	 
MRI_faces_151	 1	 15	 2058.jpg	 4.729354e+01	 11	 9.328705e+02	 110	 6.856983e+02	 98	 4.831015e+01	 700.01	 750.00	 15.00	 40	 0.63	 
MRI_faces_151	 1	 15	 1146.jpg	 4.929351e+01	 12	 999000	 120	 999000	 999	 5.031024e+01	 700.01	 750.00	 8.00	 17	 0.72	 
MRI_faces_151	 1	 15	 1191.jpg	 5.129361e+01	 11	 9.887998e+02	 110	 7.002685e+02	 98	 5.231019e+01	 716.67	 750.00	 18.00	 21	 0.59	 
MRI_faces_151	 1	 15	 1246.jpg	 5.429359e+01	 11	 9.228147e+02	 110	 7.169474e+02	 98	 5.531027e+01	 733.34	 750.00	 7.00	 28	 0.73	 
MRI_faces_151	 1	 15	 2089.jpg	 5.829370e+01	 12	 999000	 120	 999000	 999	 5.931031e+01	 733.34	 750.00	 17.00	 42	 0.59	 
MRI_faces_151	 1	 15	 2155.jpg	 6.129380e+01	 24	 999000	 240	 999000	 999	 6.231040e+01	 733.34	 750.00	 46.00	 51	 0.39	 
MRI_faces_151	 1	 15	 2181.jpg	 6.529387e+01	 24	 999000	 240	 999000	 999	 6.631049e+01	 733.34	 750.00	 57.00	 53	 0.21	 
MRI_faces_151	 1	 15	 2194.jpg	 7.029427e+01	 24	 999000	 240	 999000	 999	 7.131113e+01	 733.34	 750.00	 58.00	 54	 0.18	 
MRI_faces_151	 1	 15	 2248.jpg	 7.429509e+01	 24	 999000	 240	 999000	 999	 7.531188e+01	 733.34	 750.00	 49.00	 60	 0.36	 
MRI_faces_151	 1	 15	 2010.jpg	 7.729548e+01	 12	 999000	 120	 999000	 999	 7.831230e+01	 733.34	 750.00	 4.00	 32	 0.75	 
MRI_faces_151	 1	 15	 2209.jpg	 7.929586e+01	 11	 1.030560e+03	 1100	 7.336238e+02	 98	 8.031272e+01	 683.34	 750.00	 10.00	 55	 0.71	 
MRI_faces_151	 1	 15	 1127.jpg	 8.129623e+01	 12	 999000	 120	 999000	 999	 8.231303e+01	 683.34	 750.00	 20.00	 14	 0.59	 
MRI_faces_151	 1	 15	 1114.jpg	 8.829749e+01	 12	 999000	 120	 999000	 999	 8.931425e+01	 683.34	 750.00	 9.00	 13	 0.72	 
MRI_faces_151	 1	 15	 1216.jpg	 9.129800e+01	 12	 999000	 120	 999000	 999	 9.231478e+01	 683.34	 750.00	 11.00	 26	 0.70	 
MRI_faces_151	 1	 15	 1035.jpg	 9.329837e+01	 24	 999000	 240	 999000	 999	 9.431536e+01	 683.34	 750.00	 41.00	 7	 0.42	 
MRI_faces_151	 1	 15	 1262.jpg	 9.729905e+01	 11	 8.723673e+02	 110	 6.836078e+02	 98	 9.831586e+01	 700.01	 750.00	 13.00	 30	 0.64	 
MRI_faces_151	 1	 15	 2094.jpg	 9.929939e+01	 24	 999000	 240	 999000	 999	 1.003162e+02	 700.01	 750.00	 39.00	 43	 0.44	 
MRI_faces_151	 1	 15	 1255.jpg	 1.023000e+02	 12	 999000	 120	 999000	 999	 1.033168e+02	 700.01	 750.00	 21.00	 29	 0.55	 
MRI_faces_151	 1	 15	 1202.jpg	 1.043003e+02	 12	 999000	 120	 999000	 999	 1.053171e+02	 700.01	 750.00	 22.00	 23	 0.54	 
MRI_faces_151	 1	 15	 2128.jpg	 1.083010e+02	 12	 999000	 120	 999000	 999	 1.093178e+02	 700.01	 750.00	 14.00	 48	 0.63	 
MRI_faces_151	 1	 15	 1150.jpg	 1.103013e+02	 22	 9.851107e+02	 220	 7.503082e+02	 98	 1.113181e+02	 700.01	 766.67	 50.00	 18	 0.35	 
MRI_faces_151	 1	 15	 1031.jpg	 1.143020e+02	 11	 9.164056e+02	 110	 7.032920e+02	 98	 1.153188e+02	 716.67	 766.67	 12.00	 6	 0.68	 
MRI_faces_151	 1	 15	 2045.jpg	 1.173026e+02	 24	 999000	 240	 999000	 999	 1.183195e+02	 716.67	 766.67	 40.00	 38	 0.42	 
MRI_faces_151	 1	 15	 1226.jpg	 1.193029e+02	 22	 9.745529e+02	 220	 7.670571e+02	 98	 1.203198e+02	 716.67	 783.33	 47.00	 27	 0.39	 
MRI_faces_151	 1	 15	 2024.jpg	 1.223034e+02	 24	 999000	 240	 999000	 999	 1.233203e+02	 716.67	 783.33	 51.00	 34	 0.35	 
