subjectID	 order	 runNum	 itemName	 onsetTime	 shuff_trialType	 RT	 respInTime	 AudioTime	 response	 fixationTime	 ladder1	 ladder2	 bidIndex	 itemNameIndex	 bidValue	 
MRI_faces_112	 2	 16	 2024.jpg	 1.241661e+02	 12	 999000	 120	 999000	 999	 1.251830e+02	 783.32	 716.66	 19.00	 34	 0.60	 
MRI_faces_112	 2	 16	 2039.jpg	 1.271500e+02	 12	 999000	 120	 999000	 999	 1.281668e+02	 783.32	 716.66	 18.00	 35	 0.61	 
MRI_faces_112	 2	 16	 2155.jpg	 1.311507e+02	 24	 999000	 240	 999000	 999	 1.321675e+02	 783.32	 716.66	 39.00	 51	 0.40	 
MRI_faces_112	 2	 16	 1073.jpg	 1.341512e+02	 22	 9.040128e+02	 220	 7.169573e+02	 98	 1.351680e+02	 783.32	 733.33	 49.00	 11	 0.27	 
MRI_faces_112	 2	 16	 2248.jpg	 1.381519e+02	 12	 999000	 120	 999000	 999	 1.391688e+02	 783.32	 733.33	 21.00	 60	 0.59	 
MRI_faces_112	 2	 16	 2015.jpg	 1.411524e+02	 11	 9.688069e+02	 110	 7.835779e+02	 98	 1.421692e+02	 799.99	 733.33	 9.00	 33	 0.74	 
MRI_faces_112	 2	 16	 2181.jpg	 1.431528e+02	 12	 999000	 120	 999000	 999	 1.441697e+02	 799.99	 733.33	 5.00	 53	 0.83	 
MRI_faces_112	 2	 16	 2209.jpg	 1.461533e+02	 11	 9.688750e+02	 110	 8.002956e+02	 98	 1.471702e+02	 816.65	 733.33	 14.00	 55	 0.66	 
MRI_faces_112	 2	 16	 2063.jpg	 1.491538e+02	 12	 999000	 120	 999000	 999	 1.501708e+02	 816.65	 733.33	 13.00	 41	 0.67	 
MRI_faces_112	 2	 16	 2212.jpg	 1.541548e+02	 11	 4.324527e+02	 11	 8.169668e+02	 98	 1.551715e+02	 833.32	 733.33	 11.00	 56	 0.69	 
MRI_faces_112	 2	 16	 1019.jpg	 1.561550e+02	 24	 999000	 240	 999000	 999	 1.571719e+02	 833.32	 733.33	 50.00	 4	 0.27	 
MRI_faces_112	 2	 16	 1183.jpg	 1.581555e+02	 24	 999000	 240	 999000	 999	 1.591723e+02	 833.32	 733.33	 47.00	 20	 0.30	 
MRI_faces_112	 2	 16	 1146.jpg	 1.621561e+02	 24	 999000	 240	 999000	 999	 1.631729e+02	 833.32	 733.33	 53.00	 17	 0.19	 
MRI_faces_112	 2	 16	 2118.jpg	 1.691573e+02	 12	 999000	 120	 999000	 999	 1.701741e+02	 833.32	 733.33	 20.00	 46	 0.59	 
MRI_faces_112	 2	 16	 1035.jpg	 1.711577e+02	 12	 999000	 120	 999000	 999	 1.721745e+02	 833.32	 733.33	 3.00	 7	 0.92	 
MRI_faces_112	 2	 16	 1204.jpg	 1.731580e+02	 22	 999000	 2	 7.336042e+02	 999	 1.741749e+02	 833.32	 683.33	 46.00	 24	 0.33	 
MRI_faces_112	 2	 16	 2128.jpg	 1.751584e+02	 22	 8.557795e+02	 220	 6.836121e+02	 98	 1.761752e+02	 833.32	 699.99	 48.00	 48	 0.28	 
MRI_faces_112	 2	 16	 2153.jpg	 1.771587e+02	 24	 999000	 240	 999000	 999	 1.781756e+02	 833.32	 699.99	 45.00	 50	 0.33	 
MRI_faces_112	 2	 16	 2125.jpg	 1.791591e+02	 24	 999000	 240	 999000	 999	 1.801759e+02	 833.32	 699.99	 41.00	 47	 0.40	 
MRI_faces_112	 2	 16	 2010.jpg	 1.821596e+02	 12	 999000	 120	 999000	 999	 1.831767e+02	 833.32	 699.99	 22.00	 32	 0.59	 
MRI_faces_112	 2	 16	 2089.jpg	 1.841599e+02	 12	 999000	 120	 999000	 999	 1.851768e+02	 833.32	 699.99	 6.00	 42	 0.81	 
MRI_faces_112	 2	 16	 2058.jpg	 1.861604e+02	 24	 999000	 240	 999000	 999	 1.871771e+02	 833.32	 699.99	 40.00	 40	 0.40	 
MRI_faces_112	 2	 16	 1050.jpg	 1.901610e+02	 24	 999000	 240	 999000	 999	 1.911779e+02	 833.32	 699.99	 52.00	 8	 0.22	 
MRI_faces_112	 2	 16	 1060.jpg	 1.941618e+02	 24	 999000	 240	 999000	 999	 1.951786e+02	 833.32	 699.99	 57.00	 10	 0.15	 
MRI_faces_112	 2	 16	 1192.jpg	 2.001483e+02	 22	 8.759135e+02	 220	 7.002682e+02	 98	 2.011649e+02	 833.32	 716.66	 51.00	 22	 0.22	 
MRI_faces_112	 2	 16	 2110.jpg	 2.021483e+02	 22	 8.859034e+02	 220	 7.169316e+02	 98	 2.031650e+02	 833.32	 733.33	 43.00	 44	 0.33	 
MRI_faces_112	 2	 16	 1255.jpg	 2.041483e+02	 11	 1.017901e+03	 1100	 8.336173e+02	 98	 2.051817e+02	 783.32	 733.33	 17.00	 29	 0.63	 
MRI_faces_112	 2	 16	 2043.jpg	 2.061484e+02	 11	 9.618125e+02	 110	 7.835815e+02	 98	 2.071650e+02	 799.99	 733.33	 16.00	 37	 0.63	 
MRI_faces_112	 2	 16	 1127.jpg	 2.101485e+02	 24	 999000	 240	 999000	 999	 2.111651e+02	 799.99	 733.33	 44.00	 14	 0.33	 
MRI_faces_112	 2	 16	 1202.jpg	 2.121484e+02	 12	 999000	 120	 999000	 999	 2.131651e+02	 799.99	 733.33	 15.00	 23	 0.64	 
MRI_faces_112	 2	 16	 1013.jpg	 2.141487e+02	 24	 999000	 240	 999000	 999	 2.151655e+02	 799.99	 733.33	 56.00	 2	 0.16	 
MRI_faces_112	 2	 16	 1017.jpg	 2.161491e+02	 11	 1.096136e+03	 1100	 8.002498e+02	 98	 2.171658e+02	 749.99	 733.33	 8.00	 3	 0.79	 
MRI_faces_112	 2	 16	 1150.jpg	 2.201497e+02	 24	 999000	 240	 999000	 999	 2.211664e+02	 749.99	 733.33	 58.00	 18	 0.15	 
MRI_faces_112	 2	 16	 1246.jpg	 2.241504e+02	 22	 9.248366e+02	 220	 7.335991e+02	 98	 2.251674e+02	 749.99	 749.99	 54.00	 28	 0.18	 
MRI_faces_112	 2	 16	 2112.jpg	 2.271508e+02	 12	 999000	 120	 999000	 999	 2.281676e+02	 749.99	 749.99	 12.00	 45	 0.68	 
MRI_faces_112	 2	 16	 2194.jpg	 2.321518e+02	 24	 999000	 240	 999000	 999	 2.331686e+02	 749.99	 749.99	 55.00	 54	 0.17	 
MRI_faces_112	 2	 16	 2006.jpg	 2.341523e+02	 12	 999000	 120	 999000	 999	 2.351689e+02	 749.99	 749.99	 10.00	 31	 0.72	 
MRI_faces_112	 2	 16	 1210.jpg	 2.371526e+02	 24	 999000	 240	 999000	 999	 2.381694e+02	 749.99	 749.99	 42.00	 25	 0.38	 
MRI_faces_112	 2	 16	 1145.jpg	 2.411533e+02	 12	 999000	 120	 999000	 999	 2.421702e+02	 749.99	 749.99	 7.00	 16	 0.80	 
MRI_faces_112	 2	 16	 2053.jpg	 2.441538e+02	 12	 999000	 120	 999000	 999	 2.451707e+02	 749.99	 749.99	 4.00	 39	 0.88	 
