subjectID	 order	 runNum	 itemName	 onsetTime	 shuff_trialType	 RT	 respInTime	 AudioTime	 response	 fixationTime	 ladder1	 ladder2	 bidIndex	 itemNameIndex	 bidValue	 
MRI_faces_115	 1	 11	 2181.jpg	 2.396914e+00	 12	 999000	 120	 999000	 999	 3.414654e+00	 816.66	 750.00	 22.00	 53	 0.62	 
MRI_faces_115	 1	 11	 2155.jpg	 4.380310e+00	 24	 999000	 240	 999000	 999	 5.397026e+00	 816.66	 750.00	 58.00	 51	 0.15	 
MRI_faces_115	 1	 11	 2039.jpg	 7.394765e+00	 11	 1.029987e+03	 1100	 8.184920e+02	 98	 8.411449e+00	 766.66	 750.00	 13.00	 35	 0.71	 
MRI_faces_115	 1	 11	 2112.jpg	 1.039483e+01	 12	 999000	 120	 999000	 999	 1.141148e+01	 766.66	 750.00	 5.00	 45	 0.84	 
MRI_faces_115	 1	 11	 1017.jpg	 1.239486e+01	 22	 9.788906e+02	 220	 7.517284e+02	 98	 1.341151e+01	 766.66	 766.67	 50.00	 3	 0.22	 
MRI_faces_115	 1	 11	 2015.jpg	 1.639493e+01	 12	 999000	 120	 999000	 999	 1.741153e+01	 766.66	 766.67	 4.00	 33	 0.85	 
MRI_faces_115	 1	 11	 2229.jpg	 2.139500e+01	 11	 9.637601e+02	 110	 7.669476e+02	 98	 2.241169e+01	 783.33	 766.67	 10.00	 58	 0.76	 
MRI_faces_115	 1	 11	 1073.jpg	 2.338360e+01	 24	 999000	 240	 999000	 999	 2.440047e+01	 783.33	 766.67	 39.00	 11	 0.40	 
MRI_faces_115	 1	 11	 1050.jpg	 2.639513e+01	 12	 999000	 120	 999000	 999	 2.741176e+01	 783.33	 766.67	 6.00	 8	 0.84	 
MRI_faces_115	 1	 11	 1150.jpg	 2.839514e+01	 24	 999000	 240	 999000	 999	 2.941183e+01	 783.33	 766.67	 56.00	 18	 0.16	 
MRI_faces_115	 1	 11	 2153.jpg	 3.438555e+01	 11	 1.000202e+03	 1100	 7.835930e+02	 98	 3.540249e+01	 733.33	 766.67	 12.00	 50	 0.72	 
MRI_faces_115	 1	 11	 1145.jpg	 3.738614e+01	 24	 999000	 240	 999000	 999	 3.840289e+01	 733.33	 766.67	 48.00	 16	 0.26	 
MRI_faces_115	 1	 11	 1191.jpg	 4.238698e+01	 24	 999000	 240	 999000	 999	 4.340381e+01	 733.33	 766.67	 49.00	 21	 0.22	 
MRI_faces_115	 1	 11	 1060.jpg	 4.438736e+01	 22	 9.694258e+02	 220	 7.669351e+02	 98	 4.540414e+01	 733.33	 783.33	 44.00	 10	 0.37	 
MRI_faces_115	 1	 11	 1204.jpg	 4.638770e+01	 22	 9.700443e+02	 220	 7.836268e+02	 98	 4.740471e+01	 733.33	 800.00	 52.00	 24	 0.21	 
MRI_faces_115	 1	 11	 2128.jpg	 5.038838e+01	 24	 999000	 240	 999000	 999	 5.140522e+01	 733.33	 800.00	 41.00	 48	 0.39	 
MRI_faces_115	 1	 11	 1146.jpg	 5.238867e+01	 24	 999000	 240	 999000	 999	 5.340556e+01	 733.33	 800.00	 42.00	 17	 0.38	 
MRI_faces_115	 1	 11	 1216.jpg	 5.538928e+01	 11	 9.274831e+02	 110	 7.335865e+02	 98	 5.640619e+01	 749.99	 800.00	 18.00	 26	 0.68	 
MRI_faces_115	 1	 11	 1114.jpg	 5.838974e+01	 24	 999000	 240	 999000	 999	 5.940660e+01	 749.99	 800.00	 43.00	 13	 0.37	 
MRI_faces_115	 1	 11	 1007.jpg	 6.139039e+01	 12	 999000	 120	 999000	 999	 6.240714e+01	 749.99	 800.00	 11.00	 1	 0.73	 
MRI_faces_115	 1	 11	 2248.jpg	 6.339067e+01	 12	 999000	 120	 999000	 999	 6.440751e+01	 749.99	 800.00	 3.00	 60	 0.86	 
MRI_faces_115	 1	 11	 1210.jpg	 6.739137e+01	 22	 1.063380e+03	 2200	 8.002441e+02	 98	 6.840813e+01	 749.99	 750.00	 47.00	 25	 0.33	 
MRI_faces_115	 1	 11	 2043.jpg	 6.939178e+01	 11	 9.479642e+02	 110	 7.502443e+02	 98	 7.040846e+01	 766.66	 750.00	 15.00	 37	 0.70	 
MRI_faces_115	 1	 11	 2041.jpg	 7.139204e+01	 24	 999000	 240	 999000	 999	 7.240895e+01	 766.66	 750.00	 51.00	 36	 0.21	 
MRI_faces_115	 1	 11	 1183.jpg	 7.339241e+01	 22	 9.503755e+02	 220	 7.502695e+02	 98	 7.440928e+01	 766.66	 766.67	 45.00	 20	 0.36	 
MRI_faces_115	 1	 11	 1173.jpg	 7.539283e+01	 24	 999000	 240	 999000	 999	 7.640981e+01	 766.66	 766.67	 57.00	 19	 0.15	 
MRI_faces_115	 1	 11	 1127.jpg	 7.939351e+01	 22	 9.542414e+02	 220	 7.669524e+02	 98	 8.041024e+01	 766.66	 783.33	 53.00	 14	 0.21	 
MRI_faces_115	 1	 11	 2063.jpg	 8.339424e+01	 12	 999000	 120	 999000	 999	 8.441267e+01	 766.66	 783.33	 21.00	 41	 0.62	 
MRI_faces_115	 1	 11	 1052.jpg	 8.737942e+01	 12	 999000	 120	 999000	 999	 8.839606e+01	 766.66	 783.33	 16.00	 9	 0.70	 
MRI_faces_115	 1	 11	 2010.jpg	 9.039539e+01	 12	 999000	 120	 999000	 999	 9.141267e+01	 766.66	 783.33	 8.00	 32	 0.77	 
MRI_faces_115	 1	 11	 1255.jpg	 9.237918e+01	 12	 999000	 120	 999000	 999	 9.339606e+01	 766.66	 783.33	 17.00	 29	 0.69	 
MRI_faces_115	 1	 11	 2118.jpg	 9.437915e+01	 12	 999000	 120	 999000	 999	 9.539625e+01	 766.66	 783.33	 14.00	 46	 0.71	 
MRI_faces_115	 1	 11	 1035.jpg	 9.637951e+01	 12	 999000	 120	 999000	 999	 9.739666e+01	 766.66	 783.33	 19.00	 7	 0.68	 
MRI_faces_115	 1	 11	 1080.jpg	 9.838022e+01	 12	 999000	 120	 999000	 999	 9.939697e+01	 766.66	 783.33	 9.00	 12	 0.76	 
MRI_faces_115	 1	 11	 2212.jpg	 1.023808e+02	 12	 999000	 120	 999000	 999	 1.033977e+02	 766.66	 783.33	 20.00	 56	 0.63	 
MRI_faces_115	 1	 11	 1262.jpg	 1.043812e+02	 24	 999000	 240	 999000	 999	 1.053980e+02	 766.66	 783.33	 55.00	 30	 0.18	 
MRI_faces_115	 1	 11	 2218.jpg	 1.113825e+02	 24	 999000	 240	 999000	 999	 1.123994e+02	 766.66	 783.33	 40.00	 57	 0.40	 
MRI_faces_115	 1	 11	 2209.jpg	 1.153832e+02	 11	 9.555878e+02	 110	 7.669375e+02	 98	 1.164002e+02	 783.33	 783.33	 7.00	 55	 0.83	 
MRI_faces_115	 1	 11	 2149.jpg	 1.183837e+02	 24	 999000	 240	 999000	 999	 1.194005e+02	 783.33	 783.33	 54.00	 49	 0.19	 
MRI_faces_115	 1	 11	 1246.jpg	 1.223844e+02	 24	 999000	 240	 999000	 999	 1.234012e+02	 783.33	 783.33	 46.00	 28	 0.35	 
