subjectID	 order	 runNum	 itemName	 onsetTime	 shuff_trialType	 RT	 respInTime	 AudioTime	 response	 fixationTime	 ladder1	 ladder2	 bidIndex	 itemNameIndex	 bidValue	 
MRI_faces_132	 2	 5	 2058.jpg	 2.427063e+00	 24	 999000	 240	 999000	 999	 3.446610e+00	 683.34	 616.68	 47.00	 40	 0.32	 
MRI_faces_132	 2	 5	 2181.jpg	 6.412992e+00	 11	 1.051704e+03	 1100	 6.851322e+02	 98	 7.429862e+00	 633.34	 616.68	 14.00	 53	 0.69	 
MRI_faces_132	 2	 5	 1007.jpg	 8.413350e+00	 12	 999000	 120	 999000	 999	 9.430985e+00	 633.34	 616.68	 6.00	 1	 0.74	 
MRI_faces_132	 2	 5	 1246.jpg	 1.341423e+01	 12	 999000	 120	 999000	 999	 1.443110e+01	 633.34	 616.68	 15.00	 28	 0.68	 
MRI_faces_132	 2	 5	 2212.jpg	 1.541469e+01	 11	 8.779989e+02	 110	 6.336101e+02	 98	 1.643139e+01	 650.01	 616.68	 11.00	 56	 0.72	 
MRI_faces_132	 2	 5	 2089.jpg	 1.741519e+01	 12	 999000	 120	 999000	 999	 1.843178e+01	 650.01	 616.68	 12.00	 42	 0.71	 
MRI_faces_132	 2	 5	 1255.jpg	 2.141561e+01	 24	 999000	 240	 999000	 999	 2.243253e+01	 650.01	 616.68	 39.00	 29	 0.44	 
MRI_faces_132	 2	 5	 2063.jpg	 2.341599e+01	 12	 999000	 120	 999000	 999	 2.443283e+01	 650.01	 616.68	 19.00	 41	 0.61	 
MRI_faces_132	 2	 5	 2110.jpg	 2.541629e+01	 24	 999000	 240	 999000	 999	 2.643315e+01	 650.01	 616.68	 56.00	 44	 0.16	 
MRI_faces_132	 2	 5	 2015.jpg	 2.841685e+01	 12	 999000	 120	 999000	 999	 2.943375e+01	 650.01	 616.68	 7.00	 33	 0.74	 
MRI_faces_132	 2	 5	 2039.jpg	 3.041726e+01	 12	 999000	 120	 999000	 999	 3.143407e+01	 650.01	 616.68	 22.00	 35	 0.58	 
MRI_faces_132	 2	 5	 1027.jpg	 3.441799e+01	 12	 999000	 120	 999000	 999	 3.543477e+01	 650.01	 616.68	 4.00	 5	 0.77	 
MRI_faces_132	 2	 5	 1080.jpg	 4.041902e+01	 24	 999000	 240	 999000	 999	 4.143579e+01	 650.01	 616.68	 58.00	 12	 0.14	 
MRI_faces_132	 2	 5	 1191.jpg	 4.341947e+01	 22	 9.242174e+02	 220	 6.183966e+02	 98	 4.443637e+01	 650.01	 633.35	 48.00	 21	 0.31	 
MRI_faces_132	 2	 5	 2128.jpg	 4.541983e+01	 22	 1.023861e+03	 2200	 6.336110e+02	 98	 4.643672e+01	 650.01	 583.35	 54.00	 48	 0.19	 
MRI_faces_132	 2	 5	 2041.jpg	 4.742027e+01	 22	 7.934331e+02	 220	 5.836163e+02	 98	 4.843705e+01	 650.01	 600.01	 51.00	 36	 0.30	 
MRI_faces_132	 2	 5	 1127.jpg	 4.942053e+01	 24	 999000	 240	 999000	 999	 5.043744e+01	 650.01	 600.01	 57.00	 14	 0.15	 
MRI_faces_132	 2	 5	 2024.jpg	 5.142094e+01	 11	 9.367508e+02	 110	 6.502840e+02	 98	 5.243781e+01	 666.67	 600.01	 17.00	 34	 0.67	 
MRI_faces_132	 2	 5	 1204.jpg	 5.442151e+01	 24	 999000	 240	 999000	 999	 5.543829e+01	 666.67	 600.01	 55.00	 24	 0.16	 
MRI_faces_132	 2	 5	 2010.jpg	 5.842221e+01	 11	 8.974875e+02	 110	 6.669347e+02	 98	 5.943900e+01	 683.34	 600.01	 8.00	 32	 0.72	 
MRI_faces_132	 2	 5	 1017.jpg	 6.141108e+01	 24	 999000	 240	 999000	 999	 6.242771e+01	 683.34	 600.01	 41.00	 3	 0.42	 
MRI_faces_132	 2	 5	 2229.jpg	 6.541107e+01	 12	 999000	 120	 999000	 999	 6.642767e+01	 683.34	 600.01	 21.00	 58	 0.60	 
MRI_faces_132	 2	 5	 1019.jpg	 7.041119e+01	 24	 999000	 240	 999000	 999	 7.142775e+01	 683.34	 600.01	 52.00	 4	 0.30	 
MRI_faces_132	 2	 5	 2045.jpg	 7.441123e+01	 12	 999000	 120	 999000	 999	 7.542788e+01	 683.34	 600.01	 20.00	 38	 0.60	 
MRI_faces_132	 2	 5	 1183.jpg	 7.741124e+01	 24	 999000	 240	 999000	 999	 7.842785e+01	 683.34	 600.01	 50.00	 20	 0.30	 
MRI_faces_132	 2	 5	 1073.jpg	 7.941131e+01	 12	 999000	 120	 999000	 999	 8.042789e+01	 683.34	 600.01	 18.00	 11	 0.65	 
MRI_faces_132	 2	 5	 1210.jpg	 8.141140e+01	 24	 999000	 240	 999000	 999	 8.242794e+01	 683.34	 600.01	 40.00	 25	 0.43	 
MRI_faces_132	 2	 5	 2155.jpg	 8.841149e+01	 24	 999000	 240	 999000	 999	 8.942817e+01	 683.34	 600.01	 42.00	 51	 0.42	 
MRI_faces_132	 2	 5	 1216.jpg	 9.141151e+01	 12	 999000	 120	 999000	 999	 9.242813e+01	 683.34	 600.01	 3.00	 26	 0.80	 
MRI_faces_132	 2	 5	 2194.jpg	 9.341175e+01	 22	 1.047942e+03	 2200	 6.002808e+02	 98	 9.442851e+01	 683.34	 550.01	 46.00	 54	 0.35	 
MRI_faces_132	 2	 5	 2112.jpg	 9.741234e+01	 12	 999000	 120	 999000	 999	 9.842924e+01	 683.34	 550.01	 10.00	 45	 0.72	 
MRI_faces_132	 2	 5	 2125.jpg	 9.941270e+01	 11	 1.141984e+03	 1100	 6.836566e+02	 98	 1.004295e+02	 633.34	 550.01	 9.00	 47	 0.72	 
MRI_faces_132	 2	 5	 2248.jpg	 1.024132e+02	 12	 999000	 120	 999000	 999	 1.034301e+02	 633.34	 550.01	 5.00	 60	 0.76	 
MRI_faces_132	 2	 5	 2240.jpg	 1.044136e+02	 11	 9.390460e+02	 110	 6.336030e+02	 98	 1.054303e+02	 650.01	 550.01	 16.00	 59	 0.68	 
MRI_faces_132	 2	 5	 2043.jpg	 1.084143e+02	 24	 999000	 240	 999000	 999	 1.094311e+02	 650.01	 550.01	 44.00	 37	 0.41	 
MRI_faces_132	 2	 5	 1145.jpg	 1.104146e+02	 12	 999000	 120	 999000	 999	 1.114315e+02	 650.01	 550.01	 13.00	 16	 0.69	 
MRI_faces_132	 2	 5	 1226.jpg	 1.144154e+02	 22	 1.112282e+03	 2200	 5.502836e+02	 98	 1.154322e+02	 650.01	 500.01	 49.00	 27	 0.31	 
MRI_faces_132	 2	 5	 1060.jpg	 1.174158e+02	 22	 8.569146e+02	 220	 5.003225e+02	 98	 1.184327e+02	 650.01	 516.68	 43.00	 10	 0.41	 
MRI_faces_132	 2	 5	 1146.jpg	 1.194163e+02	 24	 999000	 240	 999000	 999	 1.204330e+02	 650.01	 516.68	 45.00	 17	 0.37	 
MRI_faces_132	 2	 5	 2218.jpg	 1.224168e+02	 24	 999000	 240	 999000	 999	 1.234336e+02	 650.01	 516.68	 53.00	 57	 0.27	 
