subjectID	 order	 runNum	 itemName	 onsetTime	 shuff_trialType	 RT	 respInTime	 AudioTime	 response	 fixationTime	 ladder1	 ladder2	 bidIndex	 itemNameIndex	 bidValue	 
MRI_faces_136	 2	 3	 1017.jpg	 2.412622e+00	 24	 999000	 240	 999000	 999	 3.429919e+00	 750.00	 816.66	 58.00	 3	 0.13	 
MRI_faces_136	 2	 3	 1035.jpg	 5.396015e+00	 12	 999000	 120	 999000	 999	 6.412378e+00	 750.00	 816.66	 6.00	 7	 0.81	 
MRI_faces_136	 2	 3	 2063.jpg	 9.395989e+00	 12	 999000	 120	 999000	 999	 1.041359e+01	 750.00	 816.66	 13.00	 41	 0.68	 
MRI_faces_136	 2	 3	 2248.jpg	 1.239652e+01	 12	 999000	 120	 999000	 999	 1.341330e+01	 750.00	 816.66	 7.00	 60	 0.80	 
MRI_faces_136	 2	 3	 1050.jpg	 1.639714e+01	 24	 999000	 240	 999000	 999	 1.741395e+01	 750.00	 816.66	 47.00	 8	 0.34	 
MRI_faces_136	 2	 3	 2010.jpg	 1.939774e+01	 22	 1.022834e+03	 2200	 8.186310e+02	 98	 2.041463e+01	 750.00	 766.66	 46.00	 32	 0.35	 
MRI_faces_136	 2	 3	 2149.jpg	 2.139802e+01	 22	 9.755370e+02	 220	 7.669545e+02	 98	 2.241486e+01	 750.00	 783.33	 51.00	 49	 0.28	 
MRI_faces_136	 2	 3	 1127.jpg	 2.439864e+01	 22	 1.003916e+03	 2200	 7.836056e+02	 98	 2.541681e+01	 750.00	 733.33	 49.00	 14	 0.31	 
MRI_faces_136	 2	 3	 1150.jpg	 2.739908e+01	 24	 999000	 240	 999000	 999	 2.841595e+01	 750.00	 733.33	 52.00	 18	 0.27	 
MRI_faces_136	 2	 3	 2058.jpg	 3.240019e+01	 24	 999000	 240	 999000	 999	 3.341682e+01	 750.00	 733.33	 42.00	 40	 0.39	 
MRI_faces_136	 2	 3	 2110.jpg	 3.440033e+01	 24	 999000	 240	 999000	 999	 3.541717e+01	 750.00	 733.33	 56.00	 44	 0.16	 
MRI_faces_136	 2	 3	 1060.jpg	 3.640069e+01	 24	 999000	 240	 999000	 999	 3.741755e+01	 750.00	 733.33	 53.00	 10	 0.26	 
MRI_faces_136	 2	 3	 1262.jpg	 4.040137e+01	 24	 999000	 240	 999000	 999	 4.141823e+01	 750.00	 733.33	 44.00	 30	 0.37	 
MRI_faces_136	 2	 3	 1052.jpg	 4.740267e+01	 12	 999000	 120	 999000	 999	 4.841940e+01	 750.00	 733.33	 22.00	 9	 0.56	 
MRI_faces_136	 2	 3	 2043.jpg	 4.940301e+01	 11	 9.675499e+02	 110	 7.517713e+02	 98	 5.042000e+01	 766.67	 733.33	 8.00	 37	 0.79	 
MRI_faces_136	 2	 3	 2194.jpg	 5.140336e+01	 24	 999000	 240	 999000	 999	 5.242018e+01	 766.67	 733.33	 50.00	 54	 0.30	 
MRI_faces_136	 2	 3	 1202.jpg	 5.340370e+01	 11	 1.009875e+03	 1100	 7.669611e+02	 98	 5.442162e+01	 716.67	 733.33	 14.00	 23	 0.67	 
MRI_faces_136	 2	 3	 1192.jpg	 5.540399e+01	 22	 9.545714e+02	 220	 7.336183e+02	 98	 5.642085e+01	 716.67	 749.99	 43.00	 22	 0.38	 
MRI_faces_136	 2	 3	 2094.jpg	 5.740438e+01	 22	 9.521829e+02	 220	 7.502769e+02	 98	 5.842114e+01	 716.67	 766.66	 48.00	 43	 0.34	 
MRI_faces_136	 2	 3	 2240.jpg	 6.040493e+01	 24	 999000	 240	 999000	 999	 6.142180e+01	 716.67	 766.66	 55.00	 59	 0.23	 
MRI_faces_136	 2	 3	 2212.jpg	 6.240542e+01	 11	 1.060146e+03	 1100	 7.169626e+02	 98	 6.342212e+01	 666.67	 766.66	 9.00	 56	 0.76	 
MRI_faces_136	 2	 3	 2218.jpg	 6.440557e+01	 24	 999000	 240	 999000	 999	 6.542251e+01	 666.67	 766.66	 39.00	 57	 0.43	 
MRI_faces_136	 2	 3	 1183.jpg	 6.840630e+01	 12	 999000	 120	 999000	 999	 6.942321e+01	 666.67	 766.66	 21.00	 20	 0.57	 
MRI_faces_136	 2	 3	 2229.jpg	 7.240707e+01	 11	 8.654852e+02	 110	 6.669231e+02	 98	 7.342378e+01	 683.33	 766.66	 11.00	 58	 0.69	 
MRI_faces_136	 2	 3	 1191.jpg	 7.840810e+01	 12	 999000	 120	 999000	 999	 7.942485e+01	 683.33	 766.66	 5.00	 21	 0.82	 
MRI_faces_136	 2	 3	 1216.jpg	 8.040847e+01	 12	 999000	 120	 999000	 999	 8.142522e+01	 683.33	 766.66	 18.00	 26	 0.61	 
MRI_faces_136	 2	 3	 2181.jpg	 8.240881e+01	 12	 999000	 120	 999000	 999	 8.342557e+01	 683.33	 766.66	 12.00	 53	 0.69	 
MRI_faces_136	 2	 3	 1073.jpg	 8.440911e+01	 12	 999000	 120	 999000	 999	 8.542595e+01	 683.33	 766.66	 15.00	 11	 0.66	 
MRI_faces_136	 2	 3	 2041.jpg	 8.840987e+01	 24	 999000	 240	 999000	 999	 8.942659e+01	 683.33	 766.66	 45.00	 36	 0.36	 
MRI_faces_136	 2	 3	 1146.jpg	 9.041017e+01	 12	 999000	 120	 999000	 999	 9.142694e+01	 683.33	 766.66	 20.00	 17	 0.58	 
MRI_faces_136	 2	 3	 2118.jpg	 9.241056e+01	 12	 999000	 120	 999000	 999	 9.342733e+01	 683.33	 766.66	 3.00	 46	 0.85	 
MRI_faces_136	 2	 3	 2155.jpg	 9.441087e+01	 24	 999000	 240	 999000	 999	 9.542772e+01	 683.33	 766.66	 57.00	 51	 0.13	 
MRI_faces_136	 2	 3	 2128.jpg	 9.839722e+01	 11	 9.073686e+02	 110	 6.835882e+02	 98	 9.941383e+01	 700.00	 766.66	 17.00	 48	 0.65	 
MRI_faces_136	 2	 3	 1210.jpg	 1.023975e+02	 24	 999000	 240	 999000	 999	 1.034139e+02	 700.00	 766.66	 40.00	 25	 0.41	 
MRI_faces_136	 2	 3	 2045.jpg	 1.053973e+02	 22	 9.762279e+02	 220	 7.669071e+02	 98	 1.064140e+02	 700.00	 783.33	 54.00	 38	 0.25	 
MRI_faces_136	 2	 3	 2039.jpg	 1.103974e+02	 11	 9.201371e+02	 110	 7.002873e+02	 98	 1.114140e+02	 716.67	 783.33	 16.00	 35	 0.65	 
MRI_faces_136	 2	 3	 1246.jpg	 1.123974e+02	 24	 999000	 240	 999000	 999	 1.134142e+02	 716.67	 783.33	 41.00	 28	 0.40	 
MRI_faces_136	 2	 3	 2153.jpg	 1.153980e+02	 12	 999000	 120	 999000	 999	 1.164148e+02	 716.67	 783.33	 19.00	 50	 0.59	 
MRI_faces_136	 2	 3	 2209.jpg	 1.193986e+02	 12	 999000	 120	 999000	 999	 1.204154e+02	 716.67	 783.33	 10.00	 55	 0.73	 
MRI_faces_136	 2	 3	 2015.jpg	 1.223991e+02	 12	 999000	 120	 999000	 999	 1.234160e+02	 716.67	 783.33	 4.00	 33	 0.85	 
