subjectID	 order	 runNum	 itemName	 onsetTime	 shuff_trialType	 RT	 respInTime	 AudioTime	 response	 fixationTime	 ladder1	 ladder2	 bidIndex	 itemNameIndex	 bidValue	 
MRI_faces_106	 2	 15	 1145.jpg	 2.379961e+00	 12	 999000	 120	 999000	 999	 3.397257e+00	 750.01	 750.01	 13.00	 16	 0.76	 
MRI_faces_106	 2	 15	 2006.jpg	 7.379826e+00	 12	 999000	 120	 999000	 999	 8.396549e+00	 750.01	 750.01	 6.00	 31	 0.86	 
MRI_faces_106	 2	 15	 2125.jpg	 9.379951e+00	 12	 999000	 120	 999000	 999	 1.039652e+01	 750.01	 750.01	 10.00	 47	 0.78	 
MRI_faces_106	 2	 15	 2112.jpg	 1.238010e+01	 24	 999000	 240	 999000	 999	 1.339666e+01	 750.01	 750.01	 57.00	 45	 0.14	 
MRI_faces_106	 2	 15	 1007.jpg	 1.537994e+01	 24	 999000	 240	 999000	 999	 1.639658e+01	 750.01	 750.01	 44.00	 1	 0.36	 
MRI_faces_106	 2	 15	 1191.jpg	 2.238013e+01	 11	 9.227187e+02	 110	 7.518762e+02	 98	 2.339678e+01	 766.68	 750.01	 11.00	 21	 0.77	 
MRI_faces_106	 2	 15	 1183.jpg	 2.438014e+01	 24	 999000	 240	 999000	 999	 2.539680e+01	 766.68	 750.01	 50.00	 20	 0.26	 
MRI_faces_106	 2	 15	 1226.jpg	 2.838024e+01	 11	 9.615606e+02	 110	 7.669717e+02	 98	 2.939710e+01	 783.34	 750.01	 9.00	 27	 0.78	 
MRI_faces_106	 2	 15	 2181.jpg	 3.038067e+01	 11	 9.541910e+02	 110	 7.836331e+02	 98	 3.139749e+01	 800.01	 750.01	 14.00	 53	 0.74	 
MRI_faces_106	 2	 15	 2024.jpg	 3.538159e+01	 22	 9.032469e+02	 220	 7.518788e+02	 98	 3.639836e+01	 800.01	 766.68	 48.00	 34	 0.30	 
MRI_faces_106	 2	 15	 2218.jpg	 3.938219e+01	 22	 9.416474e+02	 220	 7.669819e+02	 98	 4.039907e+01	 800.01	 783.34	 43.00	 57	 0.36	 
MRI_faces_106	 2	 15	 2209.jpg	 4.138258e+01	 12	 999000	 120	 999000	 999	 4.239936e+01	 800.01	 783.34	 15.00	 55	 0.73	 
MRI_faces_106	 2	 15	 1060.jpg	 4.438313e+01	 22	 9.356944e+02	 220	 7.836083e+02	 98	 4.539991e+01	 800.01	 800.01	 54.00	 10	 0.18	 
MRI_faces_106	 2	 15	 2010.jpg	 4.738362e+01	 12	 999000	 120	 999000	 999	 4.840046e+01	 800.01	 800.01	 4.00	 32	 0.87	 
MRI_faces_106	 2	 15	 2053.jpg	 5.138427e+01	 12	 999000	 120	 999000	 999	 5.240113e+01	 800.01	 800.01	 3.00	 39	 0.87	 
MRI_faces_106	 2	 15	 1031.jpg	 5.538505e+01	 24	 999000	 240	 999000	 999	 5.640192e+01	 800.01	 800.01	 39.00	 6	 0.40	 
MRI_faces_106	 2	 15	 1127.jpg	 5.938065e+01	 12	 999000	 120	 999000	 999	 6.039735e+01	 800.01	 800.01	 19.00	 14	 0.68	 
MRI_faces_106	 2	 15	 1192.jpg	 6.238071e+01	 12	 999000	 120	 999000	 999	 6.339735e+01	 800.01	 800.01	 18.00	 22	 0.69	 
MRI_faces_106	 2	 15	 2155.jpg	 6.538079e+01	 24	 999000	 240	 999000	 999	 6.639744e+01	 800.01	 800.01	 56.00	 51	 0.17	 
MRI_faces_106	 2	 15	 2043.jpg	 6.838080e+01	 24	 999000	 240	 999000	 999	 6.939742e+01	 800.01	 800.01	 55.00	 37	 0.18	 
MRI_faces_106	 2	 15	 1019.jpg	 7.038088e+01	 12	 999000	 120	 999000	 999	 7.139768e+01	 800.01	 800.01	 20.00	 4	 0.59	 
MRI_faces_106	 2	 15	 2058.jpg	 7.338090e+01	 22	 9.729445e+02	 220	 8.002886e+02	 98	 7.439760e+01	 800.01	 816.68	 51.00	 40	 0.21	 
MRI_faces_106	 2	 15	 2110.jpg	 7.538091e+01	 24	 999000	 240	 999000	 999	 7.639750e+01	 800.01	 816.68	 45.00	 44	 0.35	 
MRI_faces_106	 2	 15	 2128.jpg	 7.738095e+01	 24	 999000	 240	 999000	 999	 7.839754e+01	 800.01	 816.68	 47.00	 48	 0.32	 
MRI_faces_106	 2	 15	 2240.jpg	 7.938091e+01	 12	 999000	 120	 999000	 999	 8.039761e+01	 800.01	 816.68	 7.00	 59	 0.80	 
MRI_faces_106	 2	 15	 1073.jpg	 8.238096e+01	 12	 999000	 120	 999000	 999	 8.339764e+01	 800.01	 816.68	 5.00	 11	 0.86	 
MRI_faces_106	 2	 15	 2149.jpg	 8.638102e+01	 24	 999000	 240	 999000	 999	 8.739775e+01	 800.01	 816.68	 58.00	 49	 0.14	 
MRI_faces_106	 2	 15	 1246.jpg	 8.838105e+01	 24	 999000	 240	 999000	 999	 8.939772e+01	 800.01	 816.68	 41.00	 28	 0.36	 
MRI_faces_106	 2	 15	 2194.jpg	 9.038117e+01	 12	 999000	 120	 999000	 999	 9.139775e+01	 800.01	 816.68	 21.00	 54	 0.58	 
MRI_faces_106	 2	 15	 1210.jpg	 9.438115e+01	 12	 999000	 120	 999000	 999	 9.539788e+01	 800.01	 816.68	 22.00	 25	 0.57	 
MRI_faces_106	 2	 15	 1035.jpg	 9.638121e+01	 11	 9.866225e+02	 110	 8.003517e+02	 98	 9.739790e+01	 816.68	 816.68	 16.00	 7	 0.72	 
MRI_faces_106	 2	 15	 1130.jpg	 9.838131e+01	 24	 999000	 240	 999000	 999	 9.939797e+01	 816.68	 816.68	 42.00	 15	 0.36	 
MRI_faces_106	 2	 15	 2153.jpg	 1.023814e+02	 22	 9.634677e+02	 220	 8.169540e+02	 98	 1.033979e+02	 816.68	 833.34	 49.00	 50	 0.28	 
MRI_faces_106	 2	 15	 1017.jpg	 1.063814e+02	 11	 9.683966e+02	 110	 8.169636e+02	 98	 1.073981e+02	 833.34	 833.34	 17.00	 3	 0.70	 
MRI_faces_106	 2	 15	 1080.jpg	 1.083815e+02	 24	 999000	 240	 999000	 999	 1.093981e+02	 833.34	 833.34	 52.00	 12	 0.20	 
MRI_faces_106	 2	 15	 2041.jpg	 1.103815e+02	 11	 1.004482e+03	 1100	 8.337004e+02	 98	 1.114148e+02	 783.34	 833.34	 8.00	 36	 0.79	 
MRI_faces_106	 2	 15	 1204.jpg	 1.123815e+02	 22	 9.713732e+02	 220	 8.336507e+02	 98	 1.134119e+02	 783.34	 850.01	 46.00	 24	 0.34	 
MRI_faces_106	 2	 15	 2229.jpg	 1.143815e+02	 24	 999000	 240	 999000	 999	 1.153982e+02	 783.34	 850.01	 40.00	 58	 0.37	 
MRI_faces_106	 2	 15	 2164.jpg	 1.203815e+02	 12	 999000	 120	 999000	 999	 1.213983e+02	 783.34	 850.01	 12.00	 52	 0.76	 
MRI_faces_106	 2	 15	 2039.jpg	 1.223817e+02	 24	 999000	 240	 999000	 999	 1.233983e+02	 783.34	 850.01	 53.00	 35	 0.18	 
