subjectID	 order	 runNum	 itemName	 onsetTime	 shuff_trialType	 RT	 respInTime	 AudioTime	 response	 fixationTime	 ladder1	 ladder2	 bidIndex	 itemNameIndex	 bidValue	 
MRI_faces_124	 2	 2	 2063.jpg	 1.240737e+02	 11	 9.212599e+02	 110	 7.169776e+02	 98	 1.250904e+02	 733.34	 716.67	 11.00	 41	 0.72	 
MRI_faces_124	 2	 2	 1130.jpg	 1.290657e+02	 12	 999000	 120	 999000	 999	 1.300824e+02	 733.34	 716.67	 21.00	 15	 0.59	 
MRI_faces_124	 2	 2	 2153.jpg	 1.310660e+02	 12	 999000	 120	 999000	 999	 1.320828e+02	 733.34	 716.67	 5.00	 50	 0.82	 
MRI_faces_124	 2	 2	 2155.jpg	 1.340666e+02	 24	 999000	 240	 999000	 999	 1.350834e+02	 733.34	 716.67	 58.00	 51	 0.16	 
MRI_faces_124	 2	 2	 2248.jpg	 1.370670e+02	 12	 999000	 120	 999000	 999	 1.380839e+02	 733.34	 716.67	 6.00	 60	 0.81	 
MRI_faces_124	 2	 2	 2218.jpg	 1.440683e+02	 11	 8.896475e+02	 110	 7.336165e+02	 98	 1.450851e+02	 750.00	 716.67	 14.00	 57	 0.70	 
MRI_faces_124	 2	 2	 1255.jpg	 1.460686e+02	 24	 999000	 240	 999000	 999	 1.470855e+02	 750.00	 716.67	 42.00	 29	 0.35	 
MRI_faces_124	 2	 2	 2024.jpg	 1.500693e+02	 24	 999000	 240	 999000	 999	 1.510861e+02	 750.00	 716.67	 56.00	 34	 0.21	 
MRI_faces_124	 2	 2	 1202.jpg	 1.520697e+02	 24	 999000	 240	 999000	 999	 1.530865e+02	 750.00	 716.67	 57.00	 23	 0.17	 
MRI_faces_124	 2	 2	 2194.jpg	 1.570705e+02	 24	 999000	 240	 999000	 999	 1.580874e+02	 750.00	 716.67	 55.00	 54	 0.22	 
MRI_faces_124	 2	 2	 2212.jpg	 1.610713e+02	 12	 999000	 120	 999000	 999	 1.620881e+02	 750.00	 716.67	 12.00	 56	 0.72	 
MRI_faces_124	 2	 2	 2015.jpg	 1.630716e+02	 11	 9.673703e+02	 110	 7.502849e+02	 98	 1.640885e+02	 766.67	 716.67	 8.00	 33	 0.79	 
MRI_faces_124	 2	 2	 1017.jpg	 1.660721e+02	 22	 1.010856e+03	 2200	 7.169919e+02	 98	 1.670917e+02	 766.67	 666.67	 54.00	 3	 0.22	 
MRI_faces_124	 2	 2	 1050.jpg	 1.690727e+02	 11	 1.022294e+03	 1100	 7.669626e+02	 98	 1.700910e+02	 716.67	 666.67	 17.00	 8	 0.64	 
MRI_faces_124	 2	 2	 2149.jpg	 1.730734e+02	 12	 999000	 120	 999000	 999	 1.740912e+02	 716.67	 666.67	 3.00	 49	 0.89	 
MRI_faces_124	 2	 2	 1019.jpg	 1.770576e+02	 24	 999000	 240	 999000	 999	 1.780745e+02	 716.67	 666.67	 39.00	 4	 0.39	 
MRI_faces_124	 2	 2	 1262.jpg	 1.810581e+02	 12	 999000	 120	 999000	 999	 1.820749e+02	 716.67	 666.67	 4.00	 30	 0.83	 
MRI_faces_124	 2	 2	 2181.jpg	 1.840588e+02	 12	 999000	 120	 999000	 999	 1.850754e+02	 716.67	 666.67	 10.00	 53	 0.75	 
MRI_faces_124	 2	 2	 2112.jpg	 1.870592e+02	 11	 8.897458e+02	 110	 7.169625e+02	 98	 1.880762e+02	 733.34	 666.67	 9.00	 45	 0.78	 
MRI_faces_124	 2	 2	 1080.jpg	 1.900596e+02	 24	 999000	 240	 999000	 999	 1.910765e+02	 733.34	 666.67	 47.00	 12	 0.30	 
MRI_faces_124	 2	 2	 1226.jpg	 1.920600e+02	 24	 999000	 240	 999000	 999	 1.930769e+02	 733.34	 666.67	 53.00	 27	 0.23	 
MRI_faces_124	 2	 2	 1035.jpg	 1.950606e+02	 11	 9.754325e+02	 110	 7.336208e+02	 98	 1.960774e+02	 750.00	 666.67	 16.00	 7	 0.67	 
MRI_faces_124	 2	 2	 2209.jpg	 1.970609e+02	 22	 9.471050e+02	 220	 6.669742e+02	 98	 1.980778e+02	 750.00	 683.34	 43.00	 55	 0.35	 
MRI_faces_124	 2	 2	 1246.jpg	 1.990613e+02	 22	 9.186653e+02	 220	 6.836317e+02	 98	 2.000781e+02	 750.00	 700.00	 51.00	 28	 0.28	 
MRI_faces_124	 2	 2	 1013.jpg	 2.010618e+02	 24	 999000	 240	 999000	 999	 2.020785e+02	 750.00	 700.00	 50.00	 2	 0.28	 
MRI_faces_124	 2	 2	 2118.jpg	 2.040622e+02	 12	 999000	 120	 999000	 999	 2.050789e+02	 750.00	 700.00	 19.00	 46	 0.63	 
MRI_faces_124	 2	 2	 2043.jpg	 2.080628e+02	 12	 999000	 120	 999000	 999	 2.090796e+02	 750.00	 700.00	 22.00	 37	 0.56	 
MRI_faces_124	 2	 2	 1027.jpg	 2.100632e+02	 24	 999000	 240	 999000	 999	 2.110800e+02	 750.00	 700.00	 41.00	 5	 0.35	 
MRI_faces_124	 2	 2	 1204.jpg	 2.120637e+02	 24	 999000	 240	 999000	 999	 2.130803e+02	 750.00	 700.00	 45.00	 24	 0.32	 
MRI_faces_124	 2	 2	 1073.jpg	 2.160643e+02	 22	 9.027416e+02	 220	 7.003133e+02	 98	 2.170811e+02	 750.00	 716.67	 48.00	 11	 0.29	 
MRI_faces_124	 2	 2	 2010.jpg	 2.180646e+02	 22	 9.073515e+02	 220	 7.170023e+02	 98	 2.190814e+02	 750.00	 733.34	 46.00	 32	 0.31	 
MRI_faces_124	 2	 2	 1114.jpg	 2.200649e+02	 12	 999000	 120	 999000	 999	 2.210817e+02	 750.00	 733.34	 13.00	 13	 0.70	 
MRI_faces_124	 2	 2	 2041.jpg	 2.240659e+02	 12	 999000	 120	 999000	 999	 2.250826e+02	 750.00	 733.34	 15.00	 36	 0.68	 
MRI_faces_124	 2	 2	 1191.jpg	 2.280665e+02	 22	 9.914716e+02	 220	 7.336189e+02	 98	 2.290832e+02	 750.00	 750.00	 49.00	 21	 0.29	 
MRI_faces_124	 2	 2	 2125.jpg	 2.300667e+02	 12	 999000	 120	 999000	 999	 2.310835e+02	 750.00	 750.00	 7.00	 47	 0.81	 
MRI_faces_124	 2	 2	 2110.jpg	 2.320673e+02	 24	 999000	 240	 999000	 999	 2.330839e+02	 750.00	 750.00	 40.00	 44	 0.39	 
MRI_faces_124	 2	 2	 2229.jpg	 2.340674e+02	 12	 999000	 120	 999000	 999	 2.350842e+02	 750.00	 750.00	 18.00	 58	 0.63	 
MRI_faces_124	 2	 2	 2045.jpg	 2.360677e+02	 12	 999000	 120	 999000	 999	 2.370846e+02	 750.00	 750.00	 20.00	 38	 0.62	 
MRI_faces_124	 2	 2	 1192.jpg	 2.420689e+02	 24	 999000	 240	 999000	 999	 2.430856e+02	 750.00	 750.00	 52.00	 22	 0.24	 
MRI_faces_124	 2	 2	 1060.jpg	 2.440694e+02	 24	 999000	 240	 999000	 999	 2.450859e+02	 750.00	 750.00	 44.00	 10	 0.32	 
