subjectID	 order	 runNum	 itemName	 onsetTime	 shuff_trialType	 RT	 respInTime	 AudioTime	 response	 fixationTime	 ladder1	 ladder2	 bidIndex	 itemNameIndex	 bidValue	 
MRI_faces_139	 1	 14	 1173.jpg	 1.242309e+02	 24	 999000	 240	 999000	 999	 1.252476e+02	 783.33	 716.67	 48.00	 19	 0.28	 
MRI_faces_139	 1	 14	 2194.jpg	 1.262172e+02	 24	 999000	 240	 999000	 999	 1.272341e+02	 783.33	 716.67	 58.00	 54	 0.16	 
MRI_faces_139	 1	 14	 1191.jpg	 1.292177e+02	 22	 8.978524e+02	 220	 7.169655e+02	 98	 1.302346e+02	 783.33	 733.34	 44.00	 21	 0.31	 
MRI_faces_139	 1	 14	 2045.jpg	 1.322182e+02	 11	 1.022350e+03	 1100	 7.836033e+02	 98	 1.332351e+02	 733.33	 733.34	 12.00	 38	 0.72	 
MRI_faces_139	 1	 14	 1017.jpg	 1.342186e+02	 11	 8.919354e+02	 110	 7.336022e+02	 98	 1.352355e+02	 750.00	 733.34	 10.00	 3	 0.77	 
MRI_faces_139	 1	 14	 2058.jpg	 1.382194e+02	 24	 999000	 240	 999000	 999	 1.392362e+02	 750.00	 733.34	 55.00	 40	 0.19	 
MRI_faces_139	 1	 14	 2063.jpg	 1.432202e+02	 12	 999000	 120	 999000	 999	 1.442371e+02	 750.00	 733.34	 14.00	 41	 0.69	 
MRI_faces_139	 1	 14	 2164.jpg	 1.452205e+02	 22	 1.087078e+03	 2200	 7.336751e+02	 98	 1.462373e+02	 750.00	 683.34	 52.00	 52	 0.24	 
MRI_faces_139	 1	 14	 1204.jpg	 1.482210e+02	 22	 8.205296e+02	 220	 6.836192e+02	 98	 1.492379e+02	 750.00	 700.00	 50.00	 24	 0.25	 
MRI_faces_139	 1	 14	 2006.jpg	 1.502214e+02	 12	 999000	 120	 999000	 999	 1.512382e+02	 750.00	 700.00	 5.00	 31	 0.83	 
MRI_faces_139	 1	 14	 2155.jpg	 1.562225e+02	 24	 999000	 240	 999000	 999	 1.572393e+02	 750.00	 700.00	 54.00	 51	 0.21	 
MRI_faces_139	 1	 14	 1060.jpg	 1.592230e+02	 24	 999000	 240	 999000	 999	 1.602398e+02	 750.00	 700.00	 41.00	 10	 0.32	 
MRI_faces_139	 1	 14	 1216.jpg	 1.642238e+02	 24	 999000	 240	 999000	 999	 1.652407e+02	 750.00	 700.00	 43.00	 26	 0.32	 
MRI_faces_139	 1	 14	 1246.jpg	 1.662243e+02	 24	 999000	 240	 999000	 999	 1.672410e+02	 750.00	 700.00	 57.00	 28	 0.17	 
MRI_faces_139	 1	 14	 2229.jpg	 1.682247e+02	 24	 999000	 240	 999000	 999	 1.692414e+02	 750.00	 700.00	 40.00	 58	 0.34	 
MRI_faces_139	 1	 14	 2024.jpg	 1.722253e+02	 24	 999000	 240	 999000	 999	 1.732421e+02	 750.00	 700.00	 46.00	 34	 0.30	 
MRI_faces_139	 1	 14	 1050.jpg	 1.742259e+02	 24	 999000	 240	 999000	 999	 1.752424e+02	 750.00	 700.00	 42.00	 8	 0.32	 
MRI_faces_139	 1	 14	 2110.jpg	 1.772261e+02	 12	 999000	 120	 999000	 999	 1.782430e+02	 750.00	 700.00	 21.00	 44	 0.64	 
MRI_faces_139	 1	 14	 2181.jpg	 1.802267e+02	 24	 999000	 240	 999000	 999	 1.812435e+02	 750.00	 700.00	 51.00	 53	 0.25	 
MRI_faces_139	 1	 14	 2094.jpg	 1.832151e+02	 12	 999000	 120	 999000	 999	 1.842318e+02	 750.00	 700.00	 11.00	 43	 0.72	 
MRI_faces_139	 1	 14	 1146.jpg	 1.852154e+02	 11	 9.282077e+02	 110	 7.502584e+02	 98	 1.862318e+02	 766.66	 700.00	 15.00	 17	 0.69	 
MRI_faces_139	 1	 14	 2043.jpg	 1.892152e+02	 24	 999000	 240	 999000	 999	 1.902319e+02	 766.66	 700.00	 56.00	 37	 0.17	 
MRI_faces_139	 1	 14	 2039.jpg	 1.912153e+02	 22	 9.243113e+02	 220	 7.002650e+02	 98	 1.922319e+02	 766.66	 716.67	 47.00	 35	 0.29	 
MRI_faces_139	 1	 14	 1073.jpg	 1.932152e+02	 11	 9.293557e+02	 110	 7.669342e+02	 98	 1.942320e+02	 783.33	 716.67	 13.00	 11	 0.70	 
MRI_faces_139	 1	 14	 2125.jpg	 1.952153e+02	 12	 999000	 120	 999000	 999	 1.962319e+02	 783.33	 716.67	 16.00	 47	 0.69	 
MRI_faces_139	 1	 14	 2209.jpg	 1.972153e+02	 11	 9.232625e+02	 110	 7.836137e+02	 98	 1.982320e+02	 800.00	 716.67	 7.00	 55	 0.82	 
MRI_faces_139	 1	 14	 1262.jpg	 2.012154e+02	 12	 999000	 120	 999000	 999	 2.022321e+02	 800.00	 716.67	 19.00	 30	 0.67	 
MRI_faces_139	 1	 14	 1255.jpg	 2.052155e+02	 12	 999000	 120	 999000	 999	 2.062321e+02	 800.00	 716.67	 6.00	 29	 0.83	 
MRI_faces_139	 1	 14	 1210.jpg	 2.092155e+02	 12	 999000	 120	 999000	 999	 2.102322e+02	 800.00	 716.67	 22.00	 25	 0.63	 
MRI_faces_139	 1	 14	 1226.jpg	 2.122157e+02	 12	 999000	 120	 999000	 999	 2.132325e+02	 800.00	 716.67	 17.00	 27	 0.68	 
MRI_faces_139	 1	 14	 1130.jpg	 2.142160e+02	 22	 9.265501e+02	 220	 7.169561e+02	 98	 2.152330e+02	 800.00	 733.34	 53.00	 15	 0.21	 
MRI_faces_139	 1	 14	 1027.jpg	 2.162163e+02	 24	 999000	 240	 999000	 999	 2.172332e+02	 800.00	 733.34	 39.00	 5	 0.36	 
MRI_faces_139	 1	 14	 2240.jpg	 2.182168e+02	 12	 999000	 120	 999000	 999	 2.192335e+02	 800.00	 733.34	 8.00	 59	 0.80	 
MRI_faces_139	 1	 14	 1007.jpg	 2.202172e+02	 22	 9.513784e+02	 220	 7.336293e+02	 98	 2.212339e+02	 800.00	 750.00	 45.00	 1	 0.31	 
MRI_faces_139	 1	 14	 2149.jpg	 2.242177e+02	 24	 999000	 240	 999000	 999	 2.252346e+02	 800.00	 750.00	 49.00	 49	 0.26	 
MRI_faces_139	 1	 14	 2053.jpg	 2.262181e+02	 12	 999000	 120	 999000	 999	 2.272350e+02	 800.00	 750.00	 20.00	 39	 0.65	 
MRI_faces_139	 1	 14	 2153.jpg	 2.332194e+02	 12	 999000	 120	 999000	 999	 2.342362e+02	 800.00	 750.00	 4.00	 50	 0.84	 
MRI_faces_139	 1	 14	 2118.jpg	 2.372200e+02	 12	 999000	 120	 999000	 999	 2.382368e+02	 800.00	 750.00	 3.00	 46	 0.88	 
MRI_faces_139	 1	 14	 2089.jpg	 2.402206e+02	 11	 9.879986e+02	 110	 8.002866e+02	 98	 2.412374e+02	 816.66	 750.00	 18.00	 42	 0.68	 
MRI_faces_139	 1	 14	 2128.jpg	 2.442212e+02	 12	 999000	 120	 999000	 999	 2.452382e+02	 816.66	 750.00	 9.00	 48	 0.79	 
