subjectID	 order	 runNum	 itemName	 onsetTime	 shuff_trialType	 RT	 respInTime	 AudioTime	 response	 fixationTime	 ladder1	 ladder2	 bidIndex	 itemNameIndex	 bidValue	 
MRI_faces_117	 1	 3	 1052.jpg	 2.396061e+00	 24	 999000	 240	 999000	 999	 3.413369e+00	 750.00	 816.66	 48.00	 9	 0.27	 
MRI_faces_117	 1	 3	 2043.jpg	 7.379946e+00	 22	 9.819421e+02	 220	 8.186382e+02	 98	 8.396761e+00	 750.00	 833.33	 50.00	 37	 0.23	 
MRI_faces_117	 1	 3	 1035.jpg	 9.380282e+00	 12	 999000	 120	 999000	 999	 1.039811e+01	 750.00	 833.33	 5.00	 7	 0.80	 
MRI_faces_117	 1	 3	 1210.jpg	 1.238083e+01	 12	 999000	 120	 999000	 999	 1.339771e+01	 750.00	 833.33	 11.00	 25	 0.72	 
MRI_faces_117	 1	 3	 1183.jpg	 1.538144e+01	 11	 8.964223e+02	 110	 7.518713e+02	 98	 1.639825e+01	 766.67	 833.33	 15.00	 20	 0.67	 
MRI_faces_117	 1	 3	 2041.jpg	 2.238259e+01	 12	 999000	 120	 999000	 999	 2.339941e+01	 766.67	 833.33	 9.00	 36	 0.75	 
MRI_faces_117	 1	 3	 1060.jpg	 2.438302e+01	 12	 999000	 120	 999000	 999	 2.539980e+01	 766.67	 833.33	 21.00	 10	 0.61	 
MRI_faces_117	 1	 3	 1246.jpg	 2.838368e+01	 24	 999000	 240	 999000	 999	 2.940050e+01	 766.67	 833.33	 43.00	 28	 0.34	 
MRI_faces_117	 1	 3	 1226.jpg	 3.038406e+01	 12	 999000	 120	 999000	 999	 3.140085e+01	 766.67	 833.33	 6.00	 27	 0.79	 
MRI_faces_117	 1	 3	 2053.jpg	 3.538490e+01	 11	 9.229630e+02	 110	 7.669491e+02	 98	 3.640170e+01	 783.33	 833.33	 12.00	 39	 0.69	 
MRI_faces_117	 1	 3	 1191.jpg	 3.938560e+01	 12	 999000	 120	 999000	 999	 4.040242e+01	 783.33	 833.33	 14.00	 21	 0.67	 
MRI_faces_117	 1	 3	 2128.jpg	 4.138591e+01	 24	 999000	 240	 999000	 999	 4.240276e+01	 783.33	 833.33	 55.00	 48	 0.19	 
MRI_faces_117	 1	 3	 2212.jpg	 4.438648e+01	 12	 999000	 120	 999000	 999	 4.540333e+01	 783.33	 833.33	 4.00	 56	 0.88	 
MRI_faces_117	 1	 3	 2058.jpg	 4.738695e+01	 24	 999000	 240	 999000	 999	 4.840382e+01	 783.33	 833.33	 54.00	 40	 0.20	 
MRI_faces_117	 1	 3	 2063.jpg	 5.138768e+01	 24	 999000	 240	 999000	 999	 5.240458e+01	 783.33	 833.33	 46.00	 41	 0.31	 
MRI_faces_117	 1	 3	 1050.jpg	 5.538848e+01	 11	 9.393774e+02	 110	 7.836397e+02	 98	 5.640518e+01	 800.00	 833.33	 7.00	 8	 0.79	 
MRI_faces_117	 1	 3	 1262.jpg	 5.938914e+01	 22	 1.136720e+03	 2200	 8.335953e+02	 98	 6.041096e+01	 800.00	 783.33	 44.00	 30	 0.32	 
MRI_faces_117	 1	 3	 1031.jpg	 6.238964e+01	 12	 999000	 120	 999000	 999	 6.340644e+01	 800.00	 783.33	 3.00	 6	 0.88	 
MRI_faces_117	 1	 3	 2164.jpg	 6.539020e+01	 12	 999000	 120	 999000	 999	 6.640694e+01	 800.00	 783.33	 8.00	 52	 0.77	 
MRI_faces_117	 1	 3	 1013.jpg	 6.837775e+01	 12	 999000	 120	 999000	 999	 6.939435e+01	 800.00	 783.33	 16.00	 2	 0.67	 
MRI_faces_117	 1	 3	 2240.jpg	 7.037774e+01	 24	 999000	 240	 999000	 999	 7.139444e+01	 800.00	 783.33	 42.00	 59	 0.37	 
MRI_faces_117	 1	 3	 1127.jpg	 7.337778e+01	 12	 999000	 120	 999000	 999	 7.439446e+01	 800.00	 783.33	 17.00	 14	 0.65	 
MRI_faces_117	 1	 3	 1114.jpg	 7.537785e+01	 11	 9.390116e+02	 110	 8.002548e+02	 98	 7.639456e+01	 816.67	 783.33	 10.00	 13	 0.74	 
MRI_faces_117	 1	 3	 2125.jpg	 7.737792e+01	 11	 1.067937e+03	 1100	 8.170018e+02	 98	 7.839461e+01	 766.67	 783.33	 18.00	 47	 0.64	 
MRI_faces_117	 1	 3	 2248.jpg	 7.937792e+01	 22	 9.829440e+02	 220	 7.836379e+02	 98	 8.039462e+01	 766.67	 799.99	 53.00	 60	 0.20	 
MRI_faces_117	 1	 3	 2112.jpg	 8.237796e+01	 22	 9.819048e+02	 220	 8.003803e+02	 98	 8.339461e+01	 766.67	 816.66	 47.00	 45	 0.29	 
MRI_faces_117	 1	 3	 2149.jpg	 8.637803e+01	 24	 999000	 240	 999000	 999	 8.739474e+01	 766.67	 816.66	 51.00	 49	 0.22	 
MRI_faces_117	 1	 3	 2155.jpg	 8.837803e+01	 24	 999000	 240	 999000	 999	 8.939469e+01	 766.67	 816.66	 49.00	 51	 0.25	 
MRI_faces_117	 1	 3	 2024.jpg	 9.037804e+01	 24	 999000	 240	 999000	 999	 9.139479e+01	 766.67	 816.66	 56.00	 34	 0.18	 
MRI_faces_117	 1	 3	 2089.jpg	 9.437862e+01	 24	 999000	 240	 999000	 999	 9.539540e+01	 766.67	 816.66	 39.00	 42	 0.41	 
MRI_faces_117	 1	 3	 1145.jpg	 9.637893e+01	 12	 999000	 120	 999000	 999	 9.739569e+01	 766.67	 816.66	 19.00	 16	 0.64	 
MRI_faces_117	 1	 3	 2015.jpg	 9.837926e+01	 24	 999000	 240	 999000	 999	 9.939612e+01	 766.67	 816.66	 41.00	 33	 0.39	 
MRI_faces_117	 1	 3	 1204.jpg	 1.023800e+02	 22	 9.688725e+02	 220	 8.169939e+02	 98	 1.033968e+02	 766.67	 833.33	 45.00	 24	 0.31	 
MRI_faces_117	 1	 3	 1080.jpg	 1.063807e+02	 24	 999000	 240	 999000	 999	 1.073975e+02	 766.67	 833.33	 58.00	 12	 0.13	 
MRI_faces_117	 1	 3	 2118.jpg	 1.083813e+02	 12	 999000	 120	 999000	 999	 1.093980e+02	 766.67	 833.33	 20.00	 46	 0.62	 
MRI_faces_117	 1	 3	 1027.jpg	 1.103814e+02	 24	 999000	 240	 999000	 999	 1.113982e+02	 766.67	 833.33	 40.00	 5	 0.41	 
MRI_faces_117	 1	 3	 1019.jpg	 1.123818e+02	 11	 9.320853e+02	 110	 7.669587e+02	 98	 1.133986e+02	 783.33	 833.33	 13.00	 4	 0.68	 
MRI_faces_117	 1	 3	 2209.jpg	 1.143821e+02	 24	 999000	 240	 999000	 999	 1.153989e+02	 783.33	 833.33	 57.00	 55	 0.17	 
MRI_faces_117	 1	 3	 1255.jpg	 1.203832e+02	 12	 999000	 120	 999000	 999	 1.213999e+02	 783.33	 833.33	 22.00	 29	 0.60	 
MRI_faces_117	 1	 3	 2094.jpg	 1.223837e+02	 22	 1.004306e+03	 2200	 8.336277e+02	 98	 1.234170e+02	 783.33	 783.33	 52.00	 43	 0.21	 
