subjectID	 order	 runNum	 itemName	 onsetTime	 shuff_trialType	 RT	 respInTime	 AudioTime	 response	 fixationTime	 ladder1	 ladder2	 bidIndex	 itemNameIndex	 bidValue	 
MRI_faces_106	 2	 10	 2024.jpg	 1.241512e+02	 22	 1.029291e+03	 2200	 7.169820e+02	 98	 1.251680e+02	 716.67	 666.68	 48.00	 34	 0.30	 
MRI_faces_106	 2	 10	 1246.jpg	 1.261515e+02	 24	 999000	 240	 999000	 999	 1.271684e+02	 716.67	 666.68	 41.00	 28	 0.36	 
MRI_faces_106	 2	 10	 1210.jpg	 1.291521e+02	 12	 999000	 120	 999000	 999	 1.301689e+02	 716.67	 666.68	 22.00	 25	 0.57	 
MRI_faces_106	 2	 10	 2181.jpg	 1.321526e+02	 11	 9.578611e+02	 110	 7.169387e+02	 98	 1.331695e+02	 733.34	 666.68	 14.00	 53	 0.74	 
MRI_faces_106	 2	 10	 2006.jpg	 1.341529e+02	 12	 999000	 120	 999000	 999	 1.351697e+02	 733.34	 666.68	 6.00	 31	 0.86	 
MRI_faces_106	 2	 10	 2058.jpg	 1.381537e+02	 22	 9.048984e+02	 220	 6.669442e+02	 98	 1.391705e+02	 733.34	 683.35	 51.00	 40	 0.21	 
MRI_faces_106	 2	 10	 2194.jpg	 1.431545e+02	 12	 999000	 120	 999000	 999	 1.441713e+02	 733.34	 683.35	 21.00	 54	 0.58	 
MRI_faces_106	 2	 10	 1127.jpg	 1.451549e+02	 12	 999000	 120	 999000	 999	 1.461717e+02	 733.34	 683.35	 19.00	 14	 0.68	 
MRI_faces_106	 2	 10	 2209.jpg	 1.481555e+02	 12	 999000	 120	 999000	 999	 1.491722e+02	 733.34	 683.35	 15.00	 55	 0.73	 
MRI_faces_106	 2	 10	 1073.jpg	 1.501474e+02	 12	 999000	 120	 999000	 999	 1.511640e+02	 733.34	 683.35	 5.00	 11	 0.86	 
MRI_faces_106	 2	 10	 2112.jpg	 1.561476e+02	 24	 999000	 240	 999000	 999	 1.571642e+02	 733.34	 683.35	 57.00	 45	 0.14	 
MRI_faces_106	 2	 10	 1060.jpg	 1.591475e+02	 22	 9.179589e+02	 220	 6.836090e+02	 98	 1.601642e+02	 733.34	 700.01	 54.00	 10	 0.18	 
MRI_faces_106	 2	 10	 2153.jpg	 1.641476e+02	 22	 9.439106e+02	 220	 7.002877e+02	 98	 1.651643e+02	 733.34	 716.68	 49.00	 50	 0.28	 
MRI_faces_106	 2	 10	 2010.jpg	 1.661477e+02	 12	 999000	 120	 999000	 999	 1.671643e+02	 733.34	 716.68	 4.00	 32	 0.87	 
MRI_faces_106	 2	 10	 1017.jpg	 1.681479e+02	 11	 1.122675e+03	 1100	 7.336071e+02	 98	 1.691644e+02	 683.34	 716.68	 17.00	 3	 0.70	 
MRI_faces_106	 2	 10	 2229.jpg	 1.721478e+02	 24	 999000	 240	 999000	 999	 1.731644e+02	 683.34	 716.68	 40.00	 58	 0.37	 
MRI_faces_106	 2	 10	 2039.jpg	 1.741478e+02	 24	 999000	 240	 999000	 999	 1.751647e+02	 683.34	 716.68	 53.00	 35	 0.18	 
MRI_faces_106	 2	 10	 1191.jpg	 1.771478e+02	 11	 9.857191e+02	 110	 6.836150e+02	 98	 1.781645e+02	 700.00	 716.68	 11.00	 21	 0.77	 
MRI_faces_106	 2	 10	 2110.jpg	 1.801479e+02	 24	 999000	 240	 999000	 999	 1.811646e+02	 700.00	 716.68	 45.00	 44	 0.35	 
MRI_faces_106	 2	 10	 2218.jpg	 1.831479e+02	 22	 9.426201e+02	 220	 7.169721e+02	 98	 1.841646e+02	 700.00	 733.35	 43.00	 57	 0.36	 
MRI_faces_106	 2	 10	 2240.jpg	 1.851481e+02	 12	 999000	 120	 999000	 999	 1.861647e+02	 700.00	 733.35	 7.00	 59	 0.80	 
MRI_faces_106	 2	 10	 2155.jpg	 1.891478e+02	 24	 999000	 240	 999000	 999	 1.901645e+02	 700.00	 733.35	 56.00	 51	 0.17	 
MRI_faces_106	 2	 10	 1183.jpg	 1.911481e+02	 24	 999000	 240	 999000	 999	 1.921647e+02	 700.00	 733.35	 50.00	 20	 0.26	 
MRI_faces_106	 2	 10	 1130.jpg	 1.931481e+02	 24	 999000	 240	 999000	 999	 1.941648e+02	 700.00	 733.35	 42.00	 15	 0.36	 
MRI_faces_106	 2	 10	 1035.jpg	 1.951481e+02	 11	 1.027409e+03	 1100	 7.002738e+02	 98	 1.961648e+02	 650.00	 733.35	 16.00	 7	 0.72	 
MRI_faces_106	 2	 10	 2053.jpg	 1.971482e+02	 12	 999000	 120	 999000	 999	 1.981647e+02	 650.00	 733.35	 3.00	 39	 0.87	 
MRI_faces_106	 2	 10	 1080.jpg	 2.011482e+02	 24	 999000	 240	 999000	 999	 2.021649e+02	 650.00	 733.35	 52.00	 12	 0.20	 
MRI_faces_106	 2	 10	 1145.jpg	 2.051488e+02	 12	 999000	 120	 999000	 999	 2.061656e+02	 650.00	 733.35	 13.00	 16	 0.76	 
MRI_faces_106	 2	 10	 2041.jpg	 2.091492e+02	 11	 8.763403e+02	 110	 6.502631e+02	 98	 2.101662e+02	 666.67	 733.35	 8.00	 36	 0.79	 
MRI_faces_106	 2	 10	 2164.jpg	 2.121500e+02	 12	 999000	 120	 999000	 999	 2.131668e+02	 666.67	 733.35	 12.00	 52	 0.76	 
MRI_faces_106	 2	 10	 1226.jpg	 2.141503e+02	 11	 9.462022e+02	 110	 6.669124e+02	 98	 2.151672e+02	 683.34	 733.35	 9.00	 27	 0.78	 
MRI_faces_106	 2	 10	 1007.jpg	 2.161506e+02	 24	 999000	 240	 999000	 999	 2.171675e+02	 683.34	 733.35	 44.00	 1	 0.36	 
MRI_faces_106	 2	 10	 1031.jpg	 2.181511e+02	 24	 999000	 240	 999000	 999	 2.191679e+02	 683.34	 733.35	 39.00	 6	 0.40	 
MRI_faces_106	 2	 10	 2125.jpg	 2.201514e+02	 12	 999000	 120	 999000	 999	 2.211682e+02	 683.34	 733.35	 10.00	 47	 0.78	 
MRI_faces_106	 2	 10	 1019.jpg	 2.241521e+02	 12	 999000	 120	 999000	 999	 2.251689e+02	 683.34	 733.35	 20.00	 4	 0.59	 
MRI_faces_106	 2	 10	 2043.jpg	 2.261525e+02	 24	 999000	 240	 999000	 999	 2.271692e+02	 683.34	 733.35	 55.00	 37	 0.18	 
MRI_faces_106	 2	 10	 1192.jpg	 2.331536e+02	 12	 999000	 120	 999000	 999	 2.341705e+02	 683.34	 733.35	 18.00	 22	 0.69	 
MRI_faces_106	 2	 10	 2128.jpg	 2.371543e+02	 24	 999000	 240	 999000	 999	 2.381711e+02	 683.34	 733.35	 47.00	 48	 0.32	 
MRI_faces_106	 2	 10	 1204.jpg	 2.401550e+02	 22	 1.002521e+03	 2200	 7.336145e+02	 98	 2.411719e+02	 683.34	 683.35	 46.00	 24	 0.34	 
MRI_faces_106	 2	 10	 2149.jpg	 2.441490e+02	 24	 999000	 240	 999000	 999	 2.451655e+02	 683.34	 683.35	 58.00	 49	 0.14	 
