subjectID	 order	 runNum	 itemName	 onsetTime	 shuff_trialType	 RT	 respInTime	 AudioTime	 response	 fixationTime	 ladder1	 ladder2	 bidIndex	 itemNameIndex	 bidValue	 
MRI_faces_143	 1	 7	 1031.jpg	 2.293536e+00	 11	 9.433596e+02	 110	 6.867126e+02	 98	 3.309952e+00	 700.01	 749.99	 7.00	 6	 0.82	 
MRI_faces_143	 1	 7	 2153.jpg	 7.293360e+00	 12	 999000	 120	 999000	 999	 8.309959e+00	 700.01	 749.99	 20.00	 50	 0.62	 
MRI_faces_143	 1	 7	 2125.jpg	 9.293471e+00	 11	 9.093908e+02	 110	 7.024716e+02	 98	 1.031004e+01	 716.67	 749.99	 12.00	 47	 0.75	 
MRI_faces_143	 1	 7	 1204.jpg	 1.229343e+01	 24	 999000	 240	 999000	 999	 1.331009e+01	 716.67	 749.99	 54.00	 24	 0.25	 
MRI_faces_143	 1	 7	 1035.jpg	 1.529374e+01	 12	 999000	 120	 999000	 999	 1.631060e+01	 716.67	 749.99	 3.00	 7	 0.88	 
MRI_faces_143	 1	 7	 2015.jpg	 2.229498e+01	 11	 9.238619e+02	 110	 7.169934e+02	 98	 2.331180e+01	 733.34	 749.99	 15.00	 33	 0.69	 
MRI_faces_143	 1	 7	 1202.jpg	 2.429365e+01	 12	 999000	 120	 999000	 999	 2.531215e+01	 733.34	 749.99	 8.00	 23	 0.80	 
MRI_faces_143	 1	 7	 1050.jpg	 2.829390e+01	 12	 999000	 120	 999000	 999	 2.931048e+01	 733.34	 749.99	 17.00	 8	 0.66	 
MRI_faces_143	 1	 7	 1052.jpg	 3.029370e+01	 22	 1.087165e+03	 2200	 7.527371e+02	 98	 3.131034e+01	 733.34	 699.99	 45.00	 9	 0.34	 
MRI_faces_143	 1	 7	 2181.jpg	 3.529385e+01	 24	 999000	 240	 999000	 999	 3.631039e+01	 733.34	 699.99	 41.00	 53	 0.38	 
MRI_faces_143	 1	 7	 1246.jpg	 3.929382e+01	 24	 999000	 240	 999000	 999	 4.031049e+01	 733.34	 699.99	 51.00	 28	 0.28	 
MRI_faces_143	 1	 7	 2155.jpg	 4.129389e+01	 24	 999000	 240	 999000	 999	 4.231057e+01	 733.34	 699.99	 55.00	 51	 0.18	 
MRI_faces_143	 1	 7	 1173.jpg	 4.429402e+01	 22	 9.248259e+02	 220	 7.002789e+02	 98	 4.531054e+01	 733.34	 716.66	 44.00	 19	 0.34	 
MRI_faces_143	 1	 7	 2094.jpg	 4.729404e+01	 12	 999000	 120	 999000	 999	 4.831061e+01	 733.34	 716.66	 11.00	 43	 0.78	 
MRI_faces_143	 1	 7	 1255.jpg	 5.128347e+01	 12	 999000	 120	 999000	 999	 5.230019e+01	 733.34	 716.66	 19.00	 29	 0.64	 
MRI_faces_143	 1	 7	 2164.jpg	 5.529411e+01	 22	 9.397442e+02	 220	 7.169263e+02	 98	 5.631093e+01	 733.34	 733.32	 50.00	 52	 0.29	 
MRI_faces_143	 1	 7	 1150.jpg	 5.929431e+01	 24	 999000	 240	 999000	 999	 6.031078e+01	 733.34	 733.32	 40.00	 18	 0.39	 
MRI_faces_143	 1	 7	 2010.jpg	 6.229419e+01	 12	 999000	 120	 999000	 999	 6.331081e+01	 733.34	 733.32	 5.00	 32	 0.84	 
MRI_faces_143	 1	 7	 1226.jpg	 6.529425e+01	 22	 9.925950e+02	 220	 7.335979e+02	 98	 6.631092e+01	 733.34	 749.99	 53.00	 27	 0.27	 
MRI_faces_143	 1	 7	 2110.jpg	 6.828642e+01	 24	 999000	 240	 999000	 999	 6.930326e+01	 733.34	 749.99	 56.00	 44	 0.16	 
MRI_faces_143	 1	 7	 2043.jpg	 7.029427e+01	 12	 999000	 120	 999000	 999	 7.131091e+01	 733.34	 749.99	 21.00	 37	 0.60	 
MRI_faces_143	 1	 7	 2218.jpg	 7.329438e+01	 24	 999000	 240	 999000	 999	 7.431112e+01	 733.34	 749.99	 39.00	 57	 0.39	 
MRI_faces_143	 1	 7	 1017.jpg	 7.529440e+01	 12	 999000	 120	 999000	 999	 7.631108e+01	 733.34	 749.99	 16.00	 3	 0.67	 
MRI_faces_143	 1	 7	 2112.jpg	 7.729439e+01	 12	 999000	 120	 999000	 999	 7.831109e+01	 733.34	 749.99	 9.00	 45	 0.80	 
MRI_faces_143	 1	 7	 2063.jpg	 7.929446e+01	 11	 9.653725e+02	 110	 7.336151e+02	 98	 8.031128e+01	 750.01	 749.99	 18.00	 41	 0.64	 
MRI_faces_143	 1	 7	 1262.jpg	 8.228884e+01	 24	 999000	 240	 999000	 999	 8.330564e+01	 750.01	 749.99	 48.00	 30	 0.31	 
MRI_faces_143	 1	 7	 1013.jpg	 8.629458e+01	 24	 999000	 240	 999000	 999	 8.731124e+01	 750.01	 749.99	 42.00	 2	 0.38	 
MRI_faces_143	 1	 7	 1127.jpg	 8.829461e+01	 24	 999000	 240	 999000	 999	 8.931119e+01	 750.01	 749.99	 49.00	 14	 0.30	 
MRI_faces_143	 1	 7	 1080.jpg	 9.029462e+01	 24	 999000	 240	 999000	 999	 9.131129e+01	 750.01	 749.99	 58.00	 12	 0.13	 
MRI_faces_143	 1	 7	 2248.jpg	 9.429096e+01	 22	 9.568798e+02	 220	 7.502738e+02	 98	 9.530775e+01	 750.01	 766.66	 47.00	 60	 0.31	 
MRI_faces_143	 1	 7	 2118.jpg	 9.629131e+01	 11	 9.465406e+02	 110	 7.503157e+02	 98	 9.730809e+01	 766.67	 766.66	 13.00	 46	 0.73	 
MRI_faces_143	 1	 7	 2006.jpg	 9.829171e+01	 12	 999000	 120	 999000	 999	 9.930851e+01	 766.67	 766.66	 4.00	 31	 0.86	 
MRI_faces_143	 1	 7	 1146.jpg	 1.022948e+02	 24	 999000	 240	 999000	 999	 1.033114e+02	 766.67	 766.66	 43.00	 17	 0.36	 
MRI_faces_143	 1	 7	 2058.jpg	 1.062931e+02	 24	 999000	 240	 999000	 999	 1.073114e+02	 766.67	 766.66	 57.00	 40	 0.14	 
MRI_faces_143	 1	 7	 1027.jpg	 1.082936e+02	 12	 999000	 120	 999000	 999	 1.093115e+02	 766.67	 766.66	 14.00	 5	 0.73	 
MRI_faces_143	 1	 7	 2089.jpg	 1.102938e+02	 12	 999000	 120	 999000	 999	 1.113116e+02	 766.67	 766.66	 22.00	 42	 0.56	 
MRI_faces_143	 1	 7	 1192.jpg	 1.122944e+02	 22	 9.634864e+02	 220	 7.669518e+02	 98	 1.133115e+02	 766.67	 783.32	 52.00	 22	 0.28	 
MRI_faces_143	 1	 7	 1073.jpg	 1.142784e+02	 11	 9.704103e+02	 110	 7.669653e+02	 98	 1.152949e+02	 783.34	 783.32	 10.00	 11	 0.79	 
MRI_faces_143	 1	 7	 1210.jpg	 1.202952e+02	 24	 999000	 240	 999000	 999	 1.213124e+02	 783.34	 783.32	 46.00	 25	 0.33	 
MRI_faces_143	 1	 7	 1191.jpg	 1.222790e+02	 12	 999000	 120	 999000	 999	 1.232961e+02	 783.34	 783.32	 6.00	 21	 0.83	 
