subjectID	 order	 runNum	 itemName	 onsetTime	 shuff_trialType	 RT	 respInTime	 AudioTime	 response	 fixationTime	 ladder1	 ladder2	 bidIndex	 itemNameIndex	 bidValue	 
MRI_faces_114	 2	 11	 2089.jpg	 2.397209e+00	 11	 1.061388e+03	 1100	 8.192126e+02	 98	 3.414277e+00	 766.66	 816.67	 14.00	 42	 0.72	 
MRI_faces_114	 2	 11	 1080.jpg	 4.380236e+00	 22	 9.343828e+02	 220	 8.188549e+02	 98	 5.396888e+00	 766.66	 833.34	 48.00	 12	 0.31	 
MRI_faces_114	 2	 11	 1226.jpg	 7.380693e+00	 24	 999000	 240	 999000	 999	 8.397541e+00	 766.66	 833.34	 44.00	 27	 0.36	 
MRI_faces_114	 2	 11	 1150.jpg	 1.038110e+01	 24	 999000	 240	 999000	 999	 1.139794e+01	 766.66	 833.34	 53.00	 18	 0.26	 
MRI_faces_114	 2	 11	 1145.jpg	 1.238151e+01	 12	 999000	 120	 999000	 999	 1.339832e+01	 766.66	 833.34	 21.00	 16	 0.61	 
MRI_faces_114	 2	 11	 1127.jpg	 1.638218e+01	 12	 999000	 120	 999000	 999	 1.739904e+01	 766.66	 833.34	 22.00	 14	 0.60	 
MRI_faces_114	 2	 11	 1191.jpg	 2.138309e+01	 24	 999000	 240	 999000	 999	 2.239989e+01	 766.66	 833.34	 45.00	 21	 0.35	 
MRI_faces_114	 2	 11	 2006.jpg	 2.338343e+01	 12	 999000	 120	 999000	 999	 2.440023e+01	 766.66	 833.34	 7.00	 31	 0.80	 
MRI_faces_114	 2	 11	 1073.jpg	 2.638394e+01	 12	 999000	 120	 999000	 999	 2.740081e+01	 766.66	 833.34	 6.00	 11	 0.81	 
MRI_faces_114	 2	 11	 2043.jpg	 2.838444e+01	 22	 1.067156e+03	 2200	 8.335937e+02	 98	 2.941789e+01	 766.66	 783.34	 49.00	 37	 0.30	 
MRI_faces_114	 2	 11	 1204.jpg	 3.438536e+01	 24	 999000	 240	 999000	 999	 3.540222e+01	 766.66	 783.34	 50.00	 24	 0.29	 
MRI_faces_114	 2	 11	 1146.jpg	 3.738590e+01	 12	 999000	 120	 999000	 999	 3.840271e+01	 766.66	 783.34	 13.00	 17	 0.73	 
MRI_faces_114	 2	 11	 2024.jpg	 4.238680e+01	 24	 999000	 240	 999000	 999	 4.340359e+01	 766.66	 783.34	 55.00	 34	 0.21	 
MRI_faces_114	 2	 11	 1246.jpg	 4.438730e+01	 22	 9.662911e+02	 220	 7.836436e+02	 98	 4.540406e+01	 766.66	 800.00	 43.00	 28	 0.37	 
MRI_faces_114	 2	 11	 1031.jpg	 4.638749e+01	 12	 999000	 120	 999000	 999	 4.740441e+01	 766.66	 800.00	 4.00	 6	 0.87	 
MRI_faces_114	 2	 11	 2212.jpg	 5.038824e+01	 11	 9.223616e+02	 110	 7.684461e+02	 98	 5.140507e+01	 783.33	 800.00	 11.00	 56	 0.74	 
MRI_faces_114	 2	 11	 1019.jpg	 5.238862e+01	 11	 9.499862e+02	 110	 7.836013e+02	 98	 5.340537e+01	 799.99	 800.00	 9.00	 4	 0.76	 
MRI_faces_114	 2	 11	 1216.jpg	 5.538908e+01	 11	 1.176524e+03	 1100	 8.002742e+02	 98	 5.640603e+01	 749.99	 800.00	 16.00	 26	 0.67	 
MRI_faces_114	 2	 11	 2229.jpg	 5.838967e+01	 24	 999000	 240	 999000	 999	 5.940649e+01	 749.99	 800.00	 42.00	 58	 0.39	 
MRI_faces_114	 2	 11	 2181.jpg	 6.139015e+01	 12	 999000	 120	 999000	 999	 6.240700e+01	 749.99	 800.00	 10.00	 53	 0.75	 
MRI_faces_114	 2	 11	 2248.jpg	 6.339049e+01	 12	 999000	 120	 999000	 999	 6.440745e+01	 749.99	 800.00	 5.00	 60	 0.82	 
MRI_faces_114	 2	 11	 2128.jpg	 6.739119e+01	 24	 999000	 240	 999000	 999	 6.840804e+01	 749.99	 800.00	 52.00	 48	 0.26	 
MRI_faces_114	 2	 11	 2053.jpg	 6.939173e+01	 12	 999000	 120	 999000	 999	 7.040843e+01	 749.99	 800.00	 12.00	 39	 0.73	 
MRI_faces_114	 2	 11	 2041.jpg	 7.139195e+01	 12	 999000	 120	 999000	 999	 7.240876e+01	 749.99	 800.00	 20.00	 36	 0.61	 
MRI_faces_114	 2	 11	 2112.jpg	 7.338123e+01	 24	 999000	 240	 999000	 999	 7.439790e+01	 749.99	 800.00	 47.00	 45	 0.32	 
MRI_faces_114	 2	 11	 2125.jpg	 7.539260e+01	 12	 999000	 120	 999000	 999	 7.640946e+01	 749.99	 800.00	 19.00	 47	 0.63	 
MRI_faces_114	 2	 11	 2094.jpg	 7.938133e+01	 24	 999000	 240	 999000	 999	 8.039798e+01	 749.99	 800.00	 40.00	 43	 0.39	 
MRI_faces_114	 2	 11	 2155.jpg	 8.338148e+01	 24	 999000	 240	 999000	 999	 8.439809e+01	 749.99	 800.00	 41.00	 51	 0.39	 
MRI_faces_114	 2	 11	 2058.jpg	 8.738148e+01	 24	 999000	 240	 999000	 999	 8.839811e+01	 749.99	 800.00	 58.00	 40	 0.09	 
MRI_faces_114	 2	 11	 2194.jpg	 9.038166e+01	 24	 999000	 240	 999000	 999	 9.139818e+01	 749.99	 800.00	 56.00	 54	 0.20	 
MRI_faces_114	 2	 11	 2240.jpg	 9.238154e+01	 22	 1.154057e+03	 2200	 8.002731e+02	 98	 9.339819e+01	 749.99	 750.00	 54.00	 59	 0.25	 
MRI_faces_114	 2	 11	 2045.jpg	 9.438163e+01	 22	 9.139773e+02	 220	 7.502629e+02	 98	 9.539826e+01	 749.99	 766.67	 51.00	 38	 0.26	 
MRI_faces_114	 2	 11	 2153.jpg	 9.638168e+01	 11	 9.169141e+02	 110	 7.502723e+02	 98	 9.739827e+01	 766.66	 766.67	 8.00	 50	 0.78	 
MRI_faces_114	 2	 11	 1183.jpg	 9.838182e+01	 22	 9.647818e+02	 220	 7.669804e+02	 98	 9.939836e+01	 766.66	 783.34	 46.00	 20	 0.33	 
MRI_faces_114	 2	 11	 1262.jpg	 1.023817e+02	 24	 999000	 240	 999000	 999	 1.033984e+02	 766.66	 783.34	 57.00	 30	 0.16	 
MRI_faces_114	 2	 11	 1017.jpg	 1.043818e+02	 11	 9.348541e+02	 110	 7.669391e+02	 98	 1.053984e+02	 783.33	 783.34	 17.00	 3	 0.66	 
MRI_faces_114	 2	 11	 1192.jpg	 1.113822e+02	 12	 999000	 120	 999000	 999	 1.123991e+02	 783.33	 783.34	 15.00	 22	 0.68	 
MRI_faces_114	 2	 11	 1210.jpg	 1.153830e+02	 12	 999000	 120	 999000	 999	 1.163997e+02	 783.33	 783.34	 18.00	 25	 0.65	 
MRI_faces_114	 2	 11	 1114.jpg	 1.183836e+02	 12	 999000	 120	 999000	 999	 1.194004e+02	 783.33	 783.34	 3.00	 13	 0.87	 
MRI_faces_114	 2	 11	 2164.jpg	 1.223843e+02	 24	 999000	 240	 999000	 999	 1.234011e+02	 783.33	 783.34	 39.00	 52	 0.41	 
