subjectID	 order	 runNum	 itemName	 onsetTime	 shuff_trialType	 RT	 respInTime	 AudioTime	 response	 fixationTime	 ladder1	 ladder2	 bidIndex	 itemNameIndex	 bidValue	 
MRI_faces_144	 2	 5	 2212.jpg	 2.413116e+00	 12	 999000	 120	 999000	 999	 3.431172e+00	 683.33	 683.33	 6.00	 56	 0.81	 
MRI_faces_144	 2	 5	 2112.jpg	 4.413420e+00	 12	 999000	 120	 999000	 999	 5.430166e+00	 683.33	 683.33	 3.00	 45	 0.88	 
MRI_faces_144	 2	 5	 2089.jpg	 7.413845e+00	 12	 999000	 120	 999000	 999	 8.431808e+00	 683.33	 683.33	 21.00	 42	 0.63	 
MRI_faces_144	 2	 5	 1183.jpg	 1.041445e+01	 24	 999000	 240	 999000	 999	 1.143125e+01	 683.33	 683.33	 52.00	 20	 0.23	 
MRI_faces_144	 2	 5	 1035.jpg	 1.241480e+01	 22	 9.032148e+02	 220	 6.851720e+02	 98	 1.343166e+01	 683.33	 700.00	 46.00	 7	 0.31	 
MRI_faces_144	 2	 5	 2010.jpg	 1.641546e+01	 12	 999000	 120	 999000	 999	 1.743231e+01	 683.33	 700.00	 20.00	 32	 0.64	 
MRI_faces_144	 2	 5	 1073.jpg	 2.141642e+01	 24	 999000	 240	 999000	 999	 2.243323e+01	 683.33	 700.00	 56.00	 11	 0.15	 
MRI_faces_144	 2	 5	 1246.jpg	 2.341678e+01	 24	 999000	 240	 999000	 999	 2.443360e+01	 683.33	 700.00	 42.00	 28	 0.35	 
MRI_faces_144	 2	 5	 2063.jpg	 2.641725e+01	 12	 999000	 120	 999000	 999	 2.743413e+01	 683.33	 700.00	 12.00	 41	 0.77	 
MRI_faces_144	 2	 5	 2024.jpg	 2.841768e+01	 11	 9.523226e+02	 110	 6.851069e+02	 98	 2.943454e+01	 700.00	 700.00	 14.00	 34	 0.73	 
MRI_faces_144	 2	 5	 1145.jpg	 3.441873e+01	 24	 999000	 240	 999000	 999	 3.543551e+01	 700.00	 700.00	 45.00	 16	 0.32	 
MRI_faces_144	 2	 5	 2128.jpg	 3.741930e+01	 12	 999000	 120	 999000	 999	 3.843605e+01	 700.00	 700.00	 18.00	 48	 0.65	 
MRI_faces_144	 2	 5	 1060.jpg	 4.242009e+01	 22	 1.033909e+03	 2200	 7.002652e+02	 98	 4.343698e+01	 700.00	 650.00	 49.00	 10	 0.27	 
MRI_faces_144	 2	 5	 2053.jpg	 4.442046e+01	 11	 9.575184e+02	 110	 7.002879e+02	 98	 4.543744e+01	 716.66	 650.00	 16.00	 39	 0.69	 
MRI_faces_144	 2	 5	 2045.jpg	 4.642084e+01	 12	 999000	 120	 999000	 999	 4.743764e+01	 716.66	 650.00	 13.00	 38	 0.73	 
MRI_faces_144	 2	 5	 1191.jpg	 5.042150e+01	 24	 999000	 240	 999000	 999	 5.143836e+01	 716.66	 650.00	 50.00	 21	 0.25	 
MRI_faces_144	 2	 5	 2041.jpg	 5.242190e+01	 11	 1.064119e+03	 1100	 7.169256e+02	 98	 5.343866e+01	 666.66	 650.00	 17.00	 36	 0.67	 
MRI_faces_144	 2	 5	 2039.jpg	 5.542246e+01	 12	 999000	 120	 999000	 999	 5.643920e+01	 666.66	 650.00	 4.00	 35	 0.86	 
MRI_faces_144	 2	 5	 2164.jpg	 5.842295e+01	 24	 999000	 240	 999000	 999	 5.943978e+01	 666.66	 650.00	 41.00	 52	 0.35	 
MRI_faces_144	 2	 5	 2058.jpg	 6.141407e+01	 12	 999000	 120	 999000	 999	 6.243073e+01	 666.66	 650.00	 15.00	 40	 0.70	 
MRI_faces_144	 2	 5	 1007.jpg	 6.341413e+01	 24	 999000	 240	 999000	 999	 6.443078e+01	 666.66	 650.00	 40.00	 1	 0.38	 
MRI_faces_144	 2	 5	 1192.jpg	 6.741409e+01	 24	 999000	 240	 999000	 999	 6.843079e+01	 666.66	 650.00	 57.00	 22	 0.14	 
MRI_faces_144	 2	 5	 1150.jpg	 6.941413e+01	 22	 9.298737e+02	 220	 6.502882e+02	 98	 7.043088e+01	 666.66	 666.66	 48.00	 18	 0.28	 
MRI_faces_144	 2	 5	 2153.jpg	 7.141414e+01	 12	 999000	 120	 999000	 999	 7.243080e+01	 666.66	 666.66	 10.00	 50	 0.79	 
MRI_faces_144	 2	 5	 1216.jpg	 7.341419e+01	 24	 999000	 240	 999000	 999	 7.443089e+01	 666.66	 666.66	 47.00	 26	 0.30	 
MRI_faces_144	 2	 5	 1127.jpg	 7.541425e+01	 22	 9.217827e+02	 220	 6.670091e+02	 98	 7.643092e+01	 666.66	 683.33	 54.00	 14	 0.17	 
MRI_faces_144	 2	 5	 2015.jpg	 7.941433e+01	 12	 999000	 120	 999000	 999	 8.043100e+01	 666.66	 683.33	 5.00	 33	 0.86	 
MRI_faces_144	 2	 5	 1013.jpg	 8.341447e+01	 24	 999000	 240	 999000	 999	 8.443109e+01	 666.66	 683.33	 55.00	 2	 0.16	 
MRI_faces_144	 2	 5	 2229.jpg	 8.741446e+01	 11	 9.535680e+02	 110	 6.669475e+02	 98	 8.843112e+01	 683.33	 683.33	 9.00	 58	 0.80	 
MRI_faces_144	 2	 5	 2218.jpg	 9.041450e+01	 12	 999000	 120	 999000	 999	 9.143113e+01	 683.33	 683.33	 19.00	 57	 0.64	 
MRI_faces_144	 2	 5	 1146.jpg	 9.241458e+01	 24	 999000	 240	 999000	 999	 9.343124e+01	 683.33	 683.33	 53.00	 17	 0.19	 
MRI_faces_144	 2	 5	 1080.jpg	 9.441457e+01	 24	 999000	 240	 999000	 999	 9.543123e+01	 683.33	 683.33	 58.00	 12	 0.13	 
MRI_faces_144	 2	 5	 1114.jpg	 9.641454e+01	 22	 1.154472e+03	 2200	 6.836007e+02	 98	 9.743120e+01	 683.33	 633.33	 51.00	 13	 0.23	 
MRI_faces_144	 2	 5	 1204.jpg	 9.841465e+01	 24	 999000	 240	 999000	 999	 9.943131e+01	 683.33	 633.33	 44.00	 24	 0.34	 
MRI_faces_144	 2	 5	 1019.jpg	 1.024147e+02	 22	 8.333160e+02	 220	 6.336292e+02	 98	 1.034313e+02	 683.33	 650.00	 43.00	 4	 0.35	 
MRI_faces_144	 2	 5	 2006.jpg	 1.044147e+02	 11	 8.802892e+02	 110	 6.836624e+02	 98	 1.054313e+02	 700.00	 650.00	 8.00	 31	 0.80	 
MRI_faces_144	 2	 5	 2125.jpg	 1.114157e+02	 11	 9.043412e+02	 110	 7.002516e+02	 98	 1.124324e+02	 716.66	 650.00	 11.00	 47	 0.77	 
MRI_faces_144	 2	 5	 2043.jpg	 1.154164e+02	 12	 999000	 120	 999000	 999	 1.164332e+02	 716.66	 650.00	 22.00	 37	 0.60	 
MRI_faces_144	 2	 5	 1255.jpg	 1.184169e+02	 24	 999000	 240	 999000	 999	 1.194337e+02	 716.66	 650.00	 39.00	 29	 0.39	 
MRI_faces_144	 2	 5	 2194.jpg	 1.224176e+02	 12	 999000	 120	 999000	 999	 1.234343e+02	 716.66	 650.00	 7.00	 54	 0.81	 
