subjectID	 order	 runNum	 itemName	 onsetTime	 shuff_trialType	 RT	 respInTime	 AudioTime	 response	 fixationTime	 ladder1	 ladder2	 bidIndex	 itemNameIndex	 bidValue	 
MRI_faces_103	 1	 16	 2125.jpg	 1.241646e+02	 12	 999000	 120	 999000	 999	 1.251831e+02	 716.67	 650.00	 9.00	 47	 0.79	 
MRI_faces_103	 1	 16	 1007.jpg	 1.291481e+02	 22	 8.329891e+02	 220	 6.503313e+02	 98	 1.301824e+02	 716.67	 666.67	 53.00	 1	 0.23	 
MRI_faces_103	 1	 16	 1262.jpg	 1.311481e+02	 24	 999000	 240	 999000	 999	 1.321652e+02	 716.67	 666.67	 55.00	 30	 0.23	 
MRI_faces_103	 1	 16	 1145.jpg	 1.341481e+02	 24	 999000	 240	 999000	 999	 1.351673e+02	 716.67	 666.67	 41.00	 16	 0.37	 
MRI_faces_103	 1	 16	 2006.jpg	 1.371481e+02	 11	 1.034936e+03	 1100	 7.169955e+02	 98	 1.381832e+02	 666.67	 666.67	 15.00	 31	 0.67	 
MRI_faces_103	 1	 16	 1052.jpg	 1.441492e+02	 22	 8.498983e+02	 220	 6.669909e+02	 98	 1.451852e+02	 666.67	 683.33	 47.00	 9	 0.27	 
MRI_faces_103	 1	 16	 2229.jpg	 1.461495e+02	 11	 8.765429e+02	 110	 6.669618e+02	 98	 1.471856e+02	 683.34	 683.33	 10.00	 58	 0.78	 
MRI_faces_103	 1	 16	 1146.jpg	 1.501503e+02	 24	 999000	 240	 999000	 999	 1.511707e+02	 683.34	 683.33	 43.00	 17	 0.34	 
MRI_faces_103	 1	 16	 2218.jpg	 1.521507e+02	 12	 999000	 120	 999000	 999	 1.531713e+02	 683.34	 683.33	 16.00	 57	 0.65	 
MRI_faces_103	 1	 16	 1073.jpg	 1.571516e+02	 24	 999000	 240	 999000	 999	 1.581702e+02	 683.34	 683.33	 40.00	 11	 0.40	 
MRI_faces_103	 1	 16	 2015.jpg	 1.611522e+02	 12	 999000	 120	 999000	 999	 1.621706e+02	 683.34	 683.33	 22.00	 33	 0.60	 
MRI_faces_103	 1	 16	 2209.jpg	 1.631526e+02	 12	 999000	 120	 999000	 999	 1.641710e+02	 683.34	 683.33	 11.00	 55	 0.77	 
MRI_faces_103	 1	 16	 1192.jpg	 1.661532e+02	 24	 999000	 240	 999000	 999	 1.671737e+02	 683.34	 683.33	 54.00	 22	 0.23	 
MRI_faces_103	 1	 16	 2089.jpg	 1.691536e+02	 11	 9.805071e+02	 110	 6.836606e+02	 98	 1.701986e+02	 700.00	 683.33	 18.00	 42	 0.64	 
MRI_faces_103	 1	 16	 2063.jpg	 1.731544e+02	 12	 999000	 120	 999000	 999	 1.741723e+02	 700.00	 683.33	 8.00	 41	 0.80	 
MRI_faces_103	 1	 16	 2039.jpg	 1.771551e+02	 12	 999000	 120	 999000	 999	 1.781733e+02	 700.00	 683.33	 14.00	 35	 0.69	 
MRI_faces_103	 1	 16	 1204.jpg	 1.811558e+02	 24	 999000	 240	 999000	 999	 1.821740e+02	 700.00	 683.33	 58.00	 24	 0.17	 
MRI_faces_103	 1	 16	 2181.jpg	 1.841564e+02	 11	 1.013839e+03	 1100	 7.003499e+02	 98	 1.852008e+02	 650.00	 683.33	 13.00	 53	 0.75	 
MRI_faces_103	 1	 16	 2041.jpg	 1.871568e+02	 12	 999000	 120	 999000	 999	 1.881740e+02	 650.00	 683.33	 21.00	 36	 0.61	 
MRI_faces_103	 1	 16	 2043.jpg	 1.901574e+02	 12	 999000	 120	 999000	 999	 1.911769e+02	 650.00	 683.33	 20.00	 37	 0.63	 
MRI_faces_103	 1	 16	 2118.jpg	 1.921577e+02	 12	 999000	 120	 999000	 999	 1.931778e+02	 650.00	 683.33	 6.00	 46	 0.81	 
MRI_faces_103	 1	 16	 1127.jpg	 1.951583e+02	 24	 999000	 240	 999000	 999	 1.961759e+02	 650.00	 683.33	 57.00	 14	 0.21	 
MRI_faces_103	 1	 16	 1191.jpg	 1.971586e+02	 24	 999000	 240	 999000	 999	 1.981762e+02	 650.00	 683.33	 46.00	 21	 0.30	 
MRI_faces_103	 1	 16	 1027.jpg	 1.991589e+02	 22	 9.732084e+02	 220	 6.836421e+02	 98	 2.002026e+02	 650.00	 700.00	 44.00	 5	 0.32	 
MRI_faces_103	 1	 16	 1210.jpg	 2.011592e+02	 11	 9.618611e+02	 110	 6.503174e+02	 98	 2.021988e+02	 666.67	 700.00	 7.00	 25	 0.80	 
MRI_faces_103	 1	 16	 2110.jpg	 2.041598e+02	 24	 999000	 240	 999000	 999	 2.051798e+02	 666.67	 700.00	 56.00	 44	 0.22	 
MRI_faces_103	 1	 16	 2024.jpg	 2.081492e+02	 11	 9.329062e+02	 110	 6.669923e+02	 98	 2.091937e+02	 683.34	 700.00	 12.00	 34	 0.75	 
MRI_faces_103	 1	 16	 1255.jpg	 2.101492e+02	 24	 999000	 240	 999000	 999	 2.111693e+02	 683.34	 700.00	 39.00	 29	 0.41	 
MRI_faces_103	 1	 16	 1019.jpg	 2.121493e+02	 22	 9.577644e+02	 220	 7.003889e+02	 98	 2.131947e+02	 683.34	 716.67	 45.00	 4	 0.31	 
MRI_faces_103	 1	 16	 1130.jpg	 2.161494e+02	 24	 999000	 240	 999000	 999	 2.171660e+02	 683.34	 716.67	 42.00	 15	 0.37	 
MRI_faces_103	 1	 16	 1017.jpg	 2.181494e+02	 22	 9.747144e+02	 220	 7.170284e+02	 98	 2.191958e+02	 683.34	 733.33	 52.00	 3	 0.24	 
MRI_faces_103	 1	 16	 2128.jpg	 2.201493e+02	 12	 999000	 120	 999000	 999	 2.211699e+02	 683.34	 733.33	 19.00	 48	 0.63	 
MRI_faces_103	 1	 16	 1226.jpg	 2.241494e+02	 24	 999000	 240	 999000	 999	 2.251662e+02	 683.34	 733.33	 48.00	 27	 0.26	 
MRI_faces_103	 1	 16	 1150.jpg	 2.281495e+02	 24	 999000	 240	 999000	 999	 2.291660e+02	 683.34	 733.33	 49.00	 18	 0.26	 
MRI_faces_103	 1	 16	 2149.jpg	 2.301495e+02	 12	 999000	 120	 999000	 999	 2.311669e+02	 683.34	 733.33	 17.00	 49	 0.65	 
MRI_faces_103	 1	 16	 2112.jpg	 2.321496e+02	 12	 999000	 120	 999000	 999	 2.331669e+02	 683.34	 733.33	 4.00	 45	 0.82	 
MRI_faces_103	 1	 16	 1173.jpg	 2.341495e+02	 22	 9.705748e+02	 220	 7.336563e+02	 98	 2.351857e+02	 683.34	 750.00	 50.00	 19	 0.25	 
MRI_faces_103	 1	 16	 2094.jpg	 2.361495e+02	 12	 999000	 120	 999000	 999	 2.371697e+02	 683.34	 750.00	 5.00	 43	 0.82	 
MRI_faces_103	 1	 16	 2153.jpg	 2.421498e+02	 12	 999000	 120	 999000	 999	 2.431697e+02	 683.34	 750.00	 3.00	 50	 0.86	 
MRI_faces_103	 1	 16	 1246.jpg	 2.441501e+02	 24	 999000	 240	 999000	 999	 2.451712e+02	 683.34	 750.00	 51.00	 28	 0.25	 
