subjectID	 order	 runNum	 itemName	 onsetTime	 shuff_trialType	 RT	 respInTime	 AudioTime	 response	 fixationTime	 ladder1	 ladder2	 bidIndex	 itemNameIndex	 bidValue	 
MRI_faces_148	 2	 12	 2045.jpg	 1.242647e+02	 12	 999000	 120	 999000	 999	 1.252813e+02	 783.33	 716.66	 5.00	 38	 0.84	 
MRI_faces_148	 2	 12	 2041.jpg	 1.292622e+02	 24	 999000	 240	 999000	 999	 1.302791e+02	 783.33	 716.66	 50.00	 36	 0.24	 
MRI_faces_148	 2	 12	 1246.jpg	 1.312482e+02	 24	 999000	 240	 999000	 999	 1.322647e+02	 783.33	 716.66	 42.00	 28	 0.33	 
MRI_faces_148	 2	 12	 1183.jpg	 1.342482e+02	 24	 999000	 240	 999000	 999	 1.352649e+02	 783.33	 716.66	 53.00	 20	 0.24	 
MRI_faces_148	 2	 12	 2128.jpg	 1.372482e+02	 24	 999000	 240	 999000	 999	 1.382649e+02	 783.33	 716.66	 47.00	 48	 0.27	 
MRI_faces_148	 2	 12	 2024.jpg	 1.442484e+02	 22	 9.083978e+02	 220	 7.170111e+02	 98	 1.452650e+02	 783.33	 733.33	 43.00	 34	 0.32	 
MRI_faces_148	 2	 12	 2043.jpg	 1.462486e+02	 12	 999000	 120	 999000	 999	 1.472653e+02	 783.33	 733.33	 22.00	 37	 0.58	 
MRI_faces_148	 2	 12	 1035.jpg	 1.502492e+02	 12	 999000	 120	 999000	 999	 1.512660e+02	 783.33	 733.33	 7.00	 7	 0.82	 
MRI_faces_148	 2	 12	 1073.jpg	 1.522496e+02	 12	 999000	 120	 999000	 999	 1.532663e+02	 783.33	 733.33	 21.00	 11	 0.59	 
MRI_faces_148	 2	 12	 1127.jpg	 1.572504e+02	 24	 999000	 240	 999000	 999	 1.582672e+02	 783.33	 733.33	 57.00	 14	 0.15	 
MRI_faces_148	 2	 12	 1080.jpg	 1.612511e+02	 12	 999000	 120	 999000	 999	 1.622679e+02	 783.33	 733.33	 15.00	 12	 0.73	 
MRI_faces_148	 2	 12	 2039.jpg	 1.632515e+02	 12	 999000	 120	 999000	 999	 1.642682e+02	 783.33	 733.33	 3.00	 35	 0.88	 
MRI_faces_148	 2	 12	 2063.jpg	 1.662520e+02	 12	 999000	 120	 999000	 999	 1.672688e+02	 783.33	 733.33	 20.00	 41	 0.63	 
MRI_faces_148	 2	 12	 2010.jpg	 1.692525e+02	 24	 999000	 240	 999000	 999	 1.702694e+02	 783.33	 733.33	 39.00	 32	 0.40	 
MRI_faces_148	 2	 12	 1031.jpg	 1.732532e+02	 12	 999000	 120	 999000	 999	 1.742701e+02	 783.33	 733.33	 13.00	 6	 0.76	 
MRI_faces_148	 2	 12	 1226.jpg	 1.772539e+02	 24	 999000	 240	 999000	 999	 1.782707e+02	 783.33	 733.33	 58.00	 27	 0.06	 
MRI_faces_148	 2	 12	 1150.jpg	 1.812546e+02	 22	 9.452499e+02	 220	 7.336090e+02	 98	 1.822714e+02	 783.33	 749.99	 48.00	 18	 0.27	 
MRI_faces_148	 2	 12	 2240.jpg	 1.842551e+02	 22	 9.347171e+02	 220	 7.503549e+02	 98	 1.852720e+02	 783.33	 766.66	 49.00	 59	 0.25	 
MRI_faces_148	 2	 12	 2058.jpg	 1.872557e+02	 22	 1.008137e+03	 2200	 7.669636e+02	 98	 1.882725e+02	 783.33	 716.66	 54.00	 40	 0.22	 
MRI_faces_148	 2	 12	 2118.jpg	 1.902562e+02	 11	 9.926361e+02	 110	 7.836413e+02	 98	 1.912730e+02	 800.00	 716.66	 16.00	 46	 0.72	 
MRI_faces_148	 2	 12	 1146.jpg	 1.922565e+02	 24	 999000	 240	 999000	 999	 1.932734e+02	 800.00	 716.66	 40.00	 17	 0.35	 
MRI_faces_148	 2	 12	 2218.jpg	 1.952573e+02	 24	 999000	 240	 999000	 999	 1.962739e+02	 800.00	 716.66	 55.00	 57	 0.19	 
MRI_faces_148	 2	 12	 1173.jpg	 1.972575e+02	 22	 9.483773e+02	 220	 7.169357e+02	 98	 1.982742e+02	 800.00	 733.33	 51.00	 19	 0.24	 
MRI_faces_148	 2	 12	 1027.jpg	 1.992578e+02	 12	 999000	 120	 999000	 999	 2.002746e+02	 800.00	 733.33	 18.00	 5	 0.69	 
MRI_faces_148	 2	 12	 2149.jpg	 2.012582e+02	 24	 999000	 240	 999000	 999	 2.022750e+02	 800.00	 733.33	 41.00	 49	 0.34	 
MRI_faces_148	 2	 12	 2153.jpg	 2.042586e+02	 11	 1.024204e+03	 1100	 8.003209e+02	 98	 2.052755e+02	 750.00	 733.33	 11.00	 50	 0.79	 
MRI_faces_148	 2	 12	 1050.jpg	 2.082594e+02	 11	 9.674105e+02	 110	 7.502927e+02	 98	 2.092762e+02	 766.66	 733.33	 17.00	 8	 0.71	 
MRI_faces_148	 2	 12	 1210.jpg	 2.102598e+02	 24	 999000	 240	 999000	 999	 2.112765e+02	 766.66	 733.33	 45.00	 25	 0.30	 
MRI_faces_148	 2	 12	 2181.jpg	 2.122600e+02	 12	 999000	 120	 999000	 999	 2.132768e+02	 766.66	 733.33	 6.00	 53	 0.84	 
MRI_faces_148	 2	 12	 2164.jpg	 2.162609e+02	 24	 999000	 240	 999000	 999	 2.172776e+02	 766.66	 733.33	 44.00	 52	 0.30	 
MRI_faces_148	 2	 12	 2006.jpg	 2.182612e+02	 12	 999000	 120	 999000	 999	 2.192780e+02	 766.66	 733.33	 10.00	 31	 0.81	 
MRI_faces_148	 2	 12	 2212.jpg	 2.202615e+02	 11	 9.903621e+02	 110	 7.669443e+02	 98	 2.212783e+02	 783.33	 733.33	 14.00	 56	 0.74	 
MRI_faces_148	 2	 12	 2125.jpg	 2.242495e+02	 12	 999000	 120	 999000	 999	 2.252662e+02	 783.33	 733.33	 4.00	 47	 0.87	 
MRI_faces_148	 2	 12	 2229.jpg	 2.282496e+02	 12	 999000	 120	 999000	 999	 2.292662e+02	 783.33	 733.33	 12.00	 58	 0.76	 
MRI_faces_148	 2	 12	 1204.jpg	 2.302497e+02	 24	 999000	 240	 999000	 999	 2.312663e+02	 783.33	 733.33	 52.00	 24	 0.24	 
MRI_faces_148	 2	 12	 2155.jpg	 2.322496e+02	 22	 9.401968e+02	 220	 7.336043e+02	 98	 2.332663e+02	 783.33	 749.99	 46.00	 51	 0.28	 
MRI_faces_148	 2	 12	 1262.jpg	 2.342497e+02	 11	 9.900784e+02	 110	 7.835919e+02	 98	 2.352664e+02	 800.00	 749.99	 9.00	 30	 0.81	 
MRI_faces_148	 2	 12	 2194.jpg	 2.362498e+02	 24	 999000	 240	 999000	 999	 2.372663e+02	 800.00	 749.99	 56.00	 54	 0.18	 
MRI_faces_148	 2	 12	 2089.jpg	 2.422498e+02	 12	 999000	 120	 999000	 999	 2.432666e+02	 800.00	 749.99	 19.00	 42	 0.68	 
MRI_faces_148	 2	 12	 2112.jpg	 2.442499e+02	 11	 1.109970e+03	 1100	 8.002629e+02	 98	 2.452665e+02	 750.00	 749.99	 8.00	 45	 0.82	 
