subjectID	 order	 runNum	 itemName	 onsetTime	 shuff_trialType	 RT	 respInTime	 AudioTime	 response	 fixationTime	 ladder1	 ladder2	 bidIndex	 itemNameIndex	 bidValue	 
MRI_faces_101	 1	 8	 2128.jpg	 1.242034e+02	 24	 999000	 240	 999000	 999	 1.252205e+02	 716.67	 716.67	 40.00	 48	 0.37	 
MRI_faces_101	 1	 8	 2010.jpg	 1.261868e+02	 12	 999000	 120	 999000	 999	 1.272038e+02	 716.67	 716.67	 4.00	 32	 0.83	 
MRI_faces_101	 1	 8	 1216.jpg	 1.291869e+02	 11	 9.277560e+02	 110	 7.169877e+02	 98	 1.302206e+02	 733.34	 716.67	 13.00	 26	 0.74	 
MRI_faces_101	 1	 8	 1035.jpg	 1.321869e+02	 12	 999000	 120	 999000	 999	 1.332066e+02	 733.34	 716.67	 9.00	 7	 0.76	 
MRI_faces_101	 1	 8	 2164.jpg	 1.341870e+02	 12	 999000	 120	 999000	 999	 1.352075e+02	 733.34	 716.67	 19.00	 52	 0.67	 
MRI_faces_101	 1	 8	 1146.jpg	 1.381873e+02	 24	 999000	 240	 999000	 999	 1.392079e+02	 733.34	 716.67	 49.00	 17	 0.28	 
MRI_faces_101	 1	 8	 1031.jpg	 1.431882e+02	 11	 9.264175e+02	 110	 7.336329e+02	 98	 1.442225e+02	 750.00	 716.67	 10.00	 6	 0.76	 
MRI_faces_101	 1	 8	 1255.jpg	 1.451885e+02	 24	 999000	 240	 999000	 999	 1.462064e+02	 750.00	 716.67	 48.00	 29	 0.28	 
MRI_faces_101	 1	 8	 2149.jpg	 1.481890e+02	 24	 999000	 240	 999000	 999	 1.492093e+02	 750.00	 716.67	 58.00	 49	 0.11	 
MRI_faces_101	 1	 8	 2110.jpg	 1.501894e+02	 22	 1.075232e+03	 2200	 7.169832e+02	 98	 1.512371e+02	 750.00	 666.67	 52.00	 44	 0.25	 
MRI_faces_101	 1	 8	 2006.jpg	 1.561904e+02	 12	 999000	 120	 999000	 999	 1.572075e+02	 750.00	 666.67	 14.00	 31	 0.73	 
MRI_faces_101	 1	 8	 2094.jpg	 1.591910e+02	 11	 9.046410e+02	 110	 7.503140e+02	 98	 1.602373e+02	 766.67	 666.67	 18.00	 43	 0.68	 
MRI_faces_101	 1	 8	 1150.jpg	 1.641918e+02	 24	 999000	 240	 999000	 999	 1.652086e+02	 766.67	 666.67	 56.00	 18	 0.17	 
MRI_faces_101	 1	 8	 2015.jpg	 1.661924e+02	 12	 999000	 120	 999000	 999	 1.672123e+02	 766.67	 666.67	 16.00	 33	 0.72	 
MRI_faces_101	 1	 8	 2043.jpg	 1.681926e+02	 12	 999000	 120	 999000	 999	 1.692132e+02	 766.67	 666.67	 11.00	 37	 0.74	 
MRI_faces_101	 1	 8	 2118.jpg	 1.721932e+02	 12	 999000	 120	 999000	 999	 1.732105e+02	 766.67	 666.67	 5.00	 46	 0.83	 
MRI_faces_101	 1	 8	 2053.jpg	 1.741936e+02	 12	 999000	 120	 999000	 999	 1.752119e+02	 766.67	 666.67	 8.00	 39	 0.78	 
MRI_faces_101	 1	 8	 1262.jpg	 1.771941e+02	 22	 8.374610e+02	 220	 6.669590e+02	 98	 1.782376e+02	 766.67	 683.34	 50.00	 30	 0.26	 
MRI_faces_101	 1	 8	 2155.jpg	 1.801947e+02	 22	 6.849398e+02	 220	 6.836273e+02	 98	 1.812386e+02	 766.67	 700.00	 53.00	 51	 0.22	 
MRI_faces_101	 1	 8	 1127.jpg	 1.831951e+02	 22	 8.284719e+02	 220	 7.003019e+02	 98	 1.842391e+02	 766.67	 716.67	 44.00	 14	 0.30	 
MRI_faces_101	 1	 8	 1060.jpg	 1.851955e+02	 24	 999000	 240	 999000	 999	 1.862123e+02	 766.67	 716.67	 57.00	 10	 0.17	 
MRI_faces_101	 1	 8	 1210.jpg	 1.891963e+02	 22	 8.943416e+02	 220	 7.169920e+02	 98	 1.902402e+02	 766.67	 733.34	 45.00	 25	 0.30	 
MRI_faces_101	 1	 8	 1007.jpg	 1.911966e+02	 24	 999000	 240	 999000	 999	 1.922143e+02	 766.67	 733.34	 42.00	 1	 0.31	 
MRI_faces_101	 1	 8	 2041.jpg	 1.931969e+02	 11	 9.597069e+02	 110	 7.669812e+02	 98	 1.942407e+02	 783.34	 733.34	 12.00	 36	 0.74	 
MRI_faces_101	 1	 8	 2153.jpg	 1.951972e+02	 11	 1.003528e+03	 1100	 7.836489e+02	 98	 1.962409e+02	 733.34	 733.34	 7.00	 50	 0.80	 
MRI_faces_101	 1	 8	 2248.jpg	 1.971976e+02	 12	 999000	 120	 999000	 999	 1.982147e+02	 733.34	 733.34	 20.00	 60	 0.66	 
MRI_faces_101	 1	 8	 1183.jpg	 2.011983e+02	 24	 999000	 240	 999000	 999	 2.022160e+02	 733.34	 733.34	 55.00	 20	 0.18	 
MRI_faces_101	 1	 8	 2045.jpg	 2.051990e+02	 12	 999000	 120	 999000	 999	 2.062233e+02	 733.34	 733.34	 6.00	 38	 0.83	 
MRI_faces_101	 1	 8	 2089.jpg	 2.091880e+02	 12	 999000	 120	 999000	 999	 2.102067e+02	 733.34	 733.34	 3.00	 42	 0.85	 
MRI_faces_101	 1	 8	 1050.jpg	 2.121881e+02	 12	 999000	 120	 999000	 999	 2.132049e+02	 733.34	 733.34	 17.00	 8	 0.70	 
MRI_faces_101	 1	 8	 2218.jpg	 2.141881e+02	 12	 999000	 120	 999000	 999	 2.152056e+02	 733.34	 733.34	 22.00	 57	 0.64	 
MRI_faces_101	 1	 8	 1192.jpg	 2.161881e+02	 22	 9.545254e+02	 220	 7.336253e+02	 98	 2.172345e+02	 733.34	 750.00	 47.00	 22	 0.28	 
MRI_faces_101	 1	 8	 1226.jpg	 2.181882e+02	 24	 999000	 240	 999000	 999	 2.192051e+02	 733.34	 750.00	 46.00	 27	 0.28	 
MRI_faces_101	 1	 8	 1073.jpg	 2.201883e+02	 24	 999000	 240	 999000	 999	 2.212056e+02	 733.34	 750.00	 39.00	 11	 0.40	 
MRI_faces_101	 1	 8	 1052.jpg	 2.241883e+02	 24	 999000	 240	 999000	 999	 2.252050e+02	 733.34	 750.00	 43.00	 9	 0.31	 
MRI_faces_101	 1	 8	 2024.jpg	 2.261883e+02	 24	 999000	 240	 999000	 999	 2.272065e+02	 733.34	 750.00	 41.00	 34	 0.32	 
MRI_faces_101	 1	 8	 2194.jpg	 2.331885e+02	 24	 999000	 240	 999000	 999	 2.342077e+02	 733.34	 750.00	 54.00	 54	 0.19	 
MRI_faces_101	 1	 8	 1204.jpg	 2.371884e+02	 24	 999000	 240	 999000	 999	 2.382059e+02	 733.34	 750.00	 51.00	 24	 0.26	 
MRI_faces_101	 1	 8	 2212.jpg	 2.401885e+02	 11	 9.460717e+02	 110	 7.336369e+02	 98	 2.412250e+02	 750.00	 750.00	 15.00	 56	 0.73	 
MRI_faces_101	 1	 8	 2063.jpg	 2.441894e+02	 12	 999000	 120	 999000	 999	 2.452095e+02	 750.00	 750.00	 21.00	 41	 0.65	 
