subjectID	 order	 runNum	 itemName	 onsetTime	 shuff_trialType	 RT	 respInTime	 AudioTime	 response	 fixationTime	 ladder1	 ladder2	 bidIndex	 itemNameIndex	 bidValue	 
MRI_faces_111	 1	 14	 2240.jpg	 1.241805e+02	 22	 9.731173e+02	 220	 7.836387e+02	 98	 1.251971e+02	 783.33	 800.00	 45.00	 59	 0.34	 
MRI_faces_111	 1	 14	 2164.jpg	 1.291640e+02	 24	 999000	 240	 999000	 999	 1.301805e+02	 783.33	 800.00	 56.00	 52	 0.20	 
MRI_faces_111	 1	 14	 2155.jpg	 1.311640e+02	 24	 999000	 240	 999000	 999	 1.321806e+02	 783.33	 800.00	 58.00	 51	 0.16	 
MRI_faces_111	 1	 14	 2063.jpg	 1.341640e+02	 12	 999000	 120	 999000	 999	 1.351806e+02	 783.33	 800.00	 17.00	 41	 0.61	 
MRI_faces_111	 1	 14	 2125.jpg	 1.371640e+02	 22	 1.159604e+03	 2200	 8.002783e+02	 98	 1.381807e+02	 783.33	 750.00	 47.00	 47	 0.32	 
MRI_faces_111	 1	 14	 2209.jpg	 1.441641e+02	 24	 999000	 240	 999000	 999	 1.451808e+02	 783.33	 750.00	 43.00	 55	 0.35	 
MRI_faces_111	 1	 14	 2153.jpg	 1.461641e+02	 12	 999000	 120	 999000	 999	 1.471808e+02	 783.33	 750.00	 14.00	 50	 0.66	 
MRI_faces_111	 1	 14	 1216.jpg	 1.501644e+02	 11	 9.342585e+02	 110	 7.836170e+02	 98	 1.511810e+02	 800.00	 750.00	 7.00	 26	 0.79	 
MRI_faces_111	 1	 14	 2089.jpg	 1.521643e+02	 12	 999000	 120	 999000	 999	 1.531810e+02	 800.00	 750.00	 21.00	 42	 0.60	 
MRI_faces_111	 1	 14	 2010.jpg	 1.571650e+02	 12	 999000	 120	 999000	 999	 1.581818e+02	 800.00	 750.00	 4.00	 32	 0.86	 
MRI_faces_111	 1	 14	 2128.jpg	 1.611657e+02	 24	 999000	 240	 999000	 999	 1.621825e+02	 800.00	 750.00	 57.00	 48	 0.17	 
MRI_faces_111	 1	 14	 1035.jpg	 1.631661e+02	 12	 999000	 120	 999000	 999	 1.641830e+02	 800.00	 750.00	 8.00	 7	 0.77	 
MRI_faces_111	 1	 14	 1146.jpg	 1.661666e+02	 12	 999000	 120	 999000	 999	 1.671834e+02	 800.00	 750.00	 22.00	 17	 0.59	 
MRI_faces_111	 1	 14	 1255.jpg	 1.691671e+02	 12	 999000	 120	 999000	 999	 1.701839e+02	 800.00	 750.00	 19.00	 29	 0.60	 
MRI_faces_111	 1	 14	 1150.jpg	 1.731679e+02	 24	 999000	 240	 999000	 999	 1.741847e+02	 800.00	 750.00	 55.00	 18	 0.23	 
MRI_faces_111	 1	 14	 1073.jpg	 1.771686e+02	 24	 999000	 240	 999000	 999	 1.781853e+02	 800.00	 750.00	 40.00	 11	 0.36	 
MRI_faces_111	 1	 14	 2045.jpg	 1.811693e+02	 24	 999000	 240	 999000	 999	 1.821861e+02	 800.00	 750.00	 39.00	 38	 0.37	 
MRI_faces_111	 1	 14	 2149.jpg	 1.841697e+02	 24	 999000	 240	 999000	 999	 1.851866e+02	 800.00	 750.00	 51.00	 49	 0.26	 
MRI_faces_111	 1	 14	 1226.jpg	 1.871705e+02	 24	 999000	 240	 999000	 999	 1.881871e+02	 800.00	 750.00	 41.00	 27	 0.35	 
MRI_faces_111	 1	 14	 2058.jpg	 1.901709e+02	 24	 999000	 240	 999000	 999	 1.911877e+02	 800.00	 750.00	 54.00	 40	 0.25	 
MRI_faces_111	 1	 14	 2041.jpg	 1.921712e+02	 24	 999000	 240	 999000	 999	 1.931882e+02	 800.00	 750.00	 48.00	 36	 0.31	 
MRI_faces_111	 1	 14	 1027.jpg	 1.951717e+02	 24	 999000	 240	 999000	 999	 1.961885e+02	 800.00	 750.00	 49.00	 5	 0.28	 
MRI_faces_111	 1	 14	 1130.jpg	 1.971721e+02	 11	 9.715812e+02	 110	 8.002564e+02	 98	 1.981889e+02	 816.66	 750.00	 10.00	 15	 0.73	 
MRI_faces_111	 1	 14	 2094.jpg	 1.991724e+02	 22	 9.452762e+02	 220	 7.502817e+02	 98	 2.001893e+02	 816.66	 766.66	 52.00	 43	 0.26	 
MRI_faces_111	 1	 14	 1050.jpg	 2.011727e+02	 12	 999000	 120	 999000	 999	 2.021896e+02	 816.66	 766.66	 3.00	 8	 0.90	 
MRI_faces_111	 1	 14	 2015.jpg	 2.041733e+02	 11	 1.008330e+03	 1100	 8.169341e+02	 98	 2.051908e+02	 766.66	 766.66	 18.00	 33	 0.61	 
MRI_faces_111	 1	 14	 1019.jpg	 2.081740e+02	 22	 9.176870e+02	 220	 7.669421e+02	 98	 2.091908e+02	 766.66	 783.33	 50.00	 4	 0.28	 
MRI_faces_111	 1	 14	 1052.jpg	 2.101743e+02	 11	 9.263613e+02	 110	 7.669355e+02	 98	 2.111911e+02	 783.33	 783.33	 15.00	 9	 0.65	 
MRI_faces_111	 1	 14	 1246.jpg	 2.121747e+02	 12	 999000	 120	 999000	 999	 2.131917e+02	 783.33	 783.33	 5.00	 28	 0.84	 
MRI_faces_111	 1	 14	 1127.jpg	 2.161754e+02	 11	 1.002328e+03	 1100	 7.836584e+02	 98	 2.171922e+02	 733.33	 783.33	 12.00	 14	 0.72	 
MRI_faces_111	 1	 14	 1031.jpg	 2.181757e+02	 12	 999000	 120	 999000	 999	 2.191925e+02	 733.33	 783.33	 11.00	 6	 0.72	 
MRI_faces_111	 1	 14	 1202.jpg	 2.201761e+02	 12	 999000	 120	 999000	 999	 2.211929e+02	 733.33	 783.33	 9.00	 23	 0.76	 
MRI_faces_111	 1	 14	 1204.jpg	 2.241652e+02	 24	 999000	 240	 999000	 999	 2.251820e+02	 733.33	 783.33	 42.00	 24	 0.35	 
MRI_faces_111	 1	 14	 2118.jpg	 2.281653e+02	 12	 999000	 120	 999000	 999	 2.291820e+02	 733.33	 783.33	 20.00	 46	 0.60	 
MRI_faces_111	 1	 14	 2248.jpg	 2.301654e+02	 12	 999000	 120	 999000	 999	 2.311820e+02	 733.33	 783.33	 6.00	 60	 0.82	 
MRI_faces_111	 1	 14	 1173.jpg	 2.321654e+02	 24	 999000	 240	 999000	 999	 2.331821e+02	 733.33	 783.33	 46.00	 19	 0.34	 
MRI_faces_111	 1	 14	 1191.jpg	 2.341654e+02	 12	 999000	 120	 999000	 999	 2.351821e+02	 733.33	 783.33	 16.00	 21	 0.63	 
MRI_faces_111	 1	 14	 2110.jpg	 2.361655e+02	 22	 9.361676e+02	 220	 7.836071e+02	 98	 2.371821e+02	 733.33	 800.00	 53.00	 44	 0.25	 
MRI_faces_111	 1	 14	 2181.jpg	 2.421656e+02	 11	 9.120344e+02	 110	 7.336081e+02	 98	 2.431821e+02	 750.00	 800.00	 13.00	 53	 0.71	 
MRI_faces_111	 1	 14	 2218.jpg	 2.441657e+02	 22	 9.630174e+02	 220	 8.002815e+02	 98	 2.451823e+02	 750.00	 816.66	 44.00	 57	 0.35	 
