subjectID	 order	 runNum	 itemName	 onsetTime	 shuff_trialType	 RT	 respInTime	 AudioTime	 response	 fixationTime	 ladder1	 ladder2	 bidIndex	 itemNameIndex	 bidValue	 
MRI_faces_139	 1	 6	 1262.jpg	 1.242321e+02	 12	 999000	 120	 999000	 999	 1.252489e+02	 783.33	 783.33	 19.00	 30	 0.67	 
MRI_faces_139	 1	 6	 2094.jpg	 1.262158e+02	 12	 999000	 120	 999000	 999	 1.272326e+02	 783.33	 783.33	 11.00	 43	 0.72	 
MRI_faces_139	 1	 6	 2194.jpg	 1.292163e+02	 24	 999000	 240	 999000	 999	 1.302332e+02	 783.33	 783.33	 58.00	 54	 0.16	 
MRI_faces_139	 1	 6	 1050.jpg	 1.322169e+02	 24	 999000	 240	 999000	 999	 1.332337e+02	 783.33	 783.33	 42.00	 8	 0.32	 
MRI_faces_139	 1	 6	 1060.jpg	 1.342172e+02	 24	 999000	 240	 999000	 999	 1.352341e+02	 783.33	 783.33	 41.00	 10	 0.32	 
MRI_faces_139	 1	 6	 2053.jpg	 1.382180e+02	 12	 999000	 120	 999000	 999	 1.392348e+02	 783.33	 783.33	 20.00	 39	 0.65	 
MRI_faces_139	 1	 6	 2181.jpg	 1.432189e+02	 24	 999000	 240	 999000	 999	 1.442356e+02	 783.33	 783.33	 51.00	 53	 0.25	 
MRI_faces_139	 1	 6	 1216.jpg	 1.452191e+02	 24	 999000	 240	 999000	 999	 1.462361e+02	 783.33	 783.33	 43.00	 26	 0.32	 
MRI_faces_139	 1	 6	 1007.jpg	 1.482197e+02	 22	 9.878277e+02	 220	 7.836361e+02	 98	 1.492365e+02	 783.33	 800.00	 45.00	 1	 0.31	 
MRI_faces_139	 1	 6	 2110.jpg	 1.502200e+02	 12	 999000	 120	 999000	 999	 1.512368e+02	 783.33	 800.00	 21.00	 44	 0.64	 
MRI_faces_139	 1	 6	 1173.jpg	 1.562211e+02	 24	 999000	 240	 999000	 999	 1.572379e+02	 783.33	 800.00	 48.00	 19	 0.28	 
MRI_faces_139	 1	 6	 1073.jpg	 1.592216e+02	 11	 9.648939e+02	 110	 7.836048e+02	 98	 1.602385e+02	 800.00	 800.00	 13.00	 11	 0.70	 
MRI_faces_139	 1	 6	 1130.jpg	 1.642225e+02	 22	 1.010997e+03	 2200	 8.003134e+02	 98	 1.652423e+02	 800.00	 750.00	 53.00	 15	 0.21	 
MRI_faces_139	 1	 6	 2024.jpg	 1.662229e+02	 24	 999000	 240	 999000	 999	 1.672398e+02	 800.00	 750.00	 46.00	 34	 0.30	 
MRI_faces_139	 1	 6	 2153.jpg	 1.682232e+02	 12	 999000	 120	 999000	 999	 1.692400e+02	 800.00	 750.00	 4.00	 50	 0.84	 
MRI_faces_139	 1	 6	 1204.jpg	 1.722239e+02	 22	 9.365659e+02	 220	 7.502769e+02	 98	 1.732407e+02	 800.00	 766.66	 50.00	 24	 0.25	 
MRI_faces_139	 1	 6	 1027.jpg	 1.742243e+02	 24	 999000	 240	 999000	 999	 1.752410e+02	 800.00	 766.66	 39.00	 5	 0.36	 
MRI_faces_139	 1	 6	 2045.jpg	 1.772248e+02	 11	 1.033687e+03	 1100	 8.002883e+02	 98	 1.782418e+02	 750.00	 766.66	 12.00	 38	 0.72	 
MRI_faces_139	 1	 6	 2089.jpg	 1.802253e+02	 11	 9.801671e+02	 110	 7.503192e+02	 98	 1.812421e+02	 766.66	 766.66	 18.00	 42	 0.68	 
MRI_faces_139	 1	 6	 2229.jpg	 1.832258e+02	 24	 999000	 240	 999000	 999	 1.842428e+02	 766.66	 766.66	 40.00	 58	 0.34	 
MRI_faces_139	 1	 6	 1226.jpg	 1.852262e+02	 12	 999000	 120	 999000	 999	 1.862430e+02	 766.66	 766.66	 17.00	 27	 0.68	 
MRI_faces_139	 1	 6	 2128.jpg	 1.892269e+02	 12	 999000	 120	 999000	 999	 1.902437e+02	 766.66	 766.66	 9.00	 48	 0.79	 
MRI_faces_139	 1	 6	 1017.jpg	 1.912272e+02	 11	 1.026279e+03	 1100	 7.669309e+02	 98	 1.922441e+02	 716.66	 766.66	 10.00	 3	 0.77	 
MRI_faces_139	 1	 6	 2164.jpg	 1.932152e+02	 22	 9.862944e+02	 220	 7.669386e+02	 98	 1.942318e+02	 716.66	 783.33	 52.00	 52	 0.24	 
MRI_faces_139	 1	 6	 2125.jpg	 1.952279e+02	 12	 999000	 120	 999000	 999	 1.962448e+02	 716.66	 783.33	 16.00	 47	 0.69	 
MRI_faces_139	 1	 6	 2063.jpg	 1.972152e+02	 12	 999000	 120	 999000	 999	 1.982318e+02	 716.66	 783.33	 14.00	 41	 0.69	 
MRI_faces_139	 1	 6	 2118.jpg	 2.012152e+02	 12	 999000	 120	 999000	 999	 2.022321e+02	 716.66	 783.33	 3.00	 46	 0.88	 
MRI_faces_139	 1	 6	 1210.jpg	 2.052152e+02	 12	 999000	 120	 999000	 999	 2.062319e+02	 716.66	 783.33	 22.00	 25	 0.63	 
MRI_faces_139	 1	 6	 1246.jpg	 2.092153e+02	 24	 999000	 240	 999000	 999	 2.102320e+02	 716.66	 783.33	 57.00	 28	 0.17	 
MRI_faces_139	 1	 6	 2043.jpg	 2.122154e+02	 24	 999000	 240	 999000	 999	 2.132320e+02	 716.66	 783.33	 56.00	 37	 0.17	 
MRI_faces_139	 1	 6	 2149.jpg	 2.142154e+02	 24	 999000	 240	 999000	 999	 2.152321e+02	 716.66	 783.33	 49.00	 49	 0.26	 
MRI_faces_139	 1	 6	 1255.jpg	 2.162155e+02	 12	 999000	 120	 999000	 999	 2.172321e+02	 716.66	 783.33	 6.00	 29	 0.83	 
MRI_faces_139	 1	 6	 2039.jpg	 2.182156e+02	 22	 1.079886e+03	 2200	 7.836276e+02	 98	 2.192322e+02	 716.66	 733.33	 47.00	 35	 0.29	 
MRI_faces_139	 1	 6	 1146.jpg	 2.202156e+02	 11	 9.198689e+02	 110	 7.169669e+02	 98	 2.212324e+02	 733.33	 733.33	 15.00	 17	 0.69	 
MRI_faces_139	 1	 6	 2155.jpg	 2.242164e+02	 24	 999000	 240	 999000	 999	 2.252331e+02	 733.33	 733.33	 54.00	 51	 0.21	 
MRI_faces_139	 1	 6	 1191.jpg	 2.262167e+02	 22	 9.077668e+02	 220	 7.336146e+02	 98	 2.272335e+02	 733.33	 750.00	 44.00	 21	 0.31	 
MRI_faces_139	 1	 6	 2006.jpg	 2.332180e+02	 12	 999000	 120	 999000	 999	 2.342348e+02	 733.33	 750.00	 5.00	 31	 0.83	 
MRI_faces_139	 1	 6	 2209.jpg	 2.372186e+02	 11	 9.418107e+02	 110	 7.336125e+02	 98	 2.382355e+02	 750.00	 750.00	 7.00	 55	 0.82	 
MRI_faces_139	 1	 6	 2058.jpg	 2.402192e+02	 24	 999000	 240	 999000	 999	 2.412360e+02	 750.00	 750.00	 55.00	 40	 0.19	 
MRI_faces_139	 1	 6	 2240.jpg	 2.442199e+02	 12	 999000	 120	 999000	 999	 2.452367e+02	 750.00	 750.00	 8.00	 59	 0.80	 
