subjectID	 order	 runNum	 itemName	 onsetTime	 shuff_trialType	 RT	 respInTime	 AudioTime	 response	 fixationTime	 ladder1	 ladder2	 bidIndex	 itemNameIndex	 bidValue	 
MRI_faces_133	 1	 4	 1017.jpg	 1.241972e+02	 22	 9.279952e+02	 220	 6.502870e+02	 98	 1.252140e+02	 716.67	 666.68	 52.00	 3	 0.22	 
MRI_faces_133	 1	 4	 1150.jpg	 1.261971e+02	 24	 999000	 240	 999000	 999	 1.272140e+02	 716.67	 666.68	 54.00	 18	 0.21	 
MRI_faces_133	 1	 4	 1204.jpg	 1.291807e+02	 22	 9.095368e+02	 220	 6.669040e+02	 98	 1.301978e+02	 716.67	 683.34	 47.00	 24	 0.26	 
MRI_faces_133	 1	 4	 2209.jpg	 1.321814e+02	 11	 9.547749e+02	 110	 7.169571e+02	 98	 1.331983e+02	 733.34	 683.34	 13.00	 55	 0.73	 
MRI_faces_133	 1	 4	 2089.jpg	 1.341818e+02	 12	 999000	 120	 999000	 999	 1.351986e+02	 733.34	 683.34	 4.00	 42	 0.88	 
MRI_faces_133	 1	 4	 1226.jpg	 1.381826e+02	 24	 999000	 240	 999000	 999	 1.391993e+02	 733.34	 683.34	 56.00	 27	 0.19	 
MRI_faces_133	 1	 4	 2010.jpg	 1.431834e+02	 12	 999000	 120	 999000	 999	 1.442002e+02	 733.34	 683.34	 6.00	 32	 0.80	 
MRI_faces_133	 1	 4	 1192.jpg	 1.451837e+02	 24	 999000	 240	 999000	 999	 1.462006e+02	 733.34	 683.34	 48.00	 22	 0.26	 
MRI_faces_133	 1	 4	 1073.jpg	 1.481843e+02	 22	 9.468686e+02	 220	 6.836414e+02	 98	 1.492011e+02	 733.34	 700.01	 50.00	 11	 0.23	 
MRI_faces_133	 1	 4	 1019.jpg	 1.501847e+02	 24	 999000	 240	 999000	 999	 1.512015e+02	 733.34	 700.01	 57.00	 4	 0.18	 
MRI_faces_133	 1	 4	 1027.jpg	 1.561856e+02	 24	 999000	 240	 999000	 999	 1.572025e+02	 733.34	 700.01	 58.00	 5	 0.17	 
MRI_faces_133	 1	 4	 1202.jpg	 1.591862e+02	 12	 999000	 120	 999000	 999	 1.602030e+02	 733.34	 700.01	 11.00	 23	 0.73	 
MRI_faces_133	 1	 4	 1080.jpg	 1.641870e+02	 24	 999000	 240	 999000	 999	 1.652039e+02	 733.34	 700.01	 55.00	 12	 0.21	 
MRI_faces_133	 1	 4	 1146.jpg	 1.661874e+02	 24	 999000	 240	 999000	 999	 1.672042e+02	 733.34	 700.01	 46.00	 17	 0.27	 
MRI_faces_133	 1	 4	 2248.jpg	 1.681877e+02	 12	 999000	 120	 999000	 999	 1.692046e+02	 733.34	 700.01	 5.00	 60	 0.85	 
MRI_faces_133	 1	 4	 2218.jpg	 1.721885e+02	 12	 999000	 120	 999000	 999	 1.732053e+02	 733.34	 700.01	 14.00	 57	 0.72	 
MRI_faces_133	 1	 4	 1050.jpg	 1.741888e+02	 24	 999000	 240	 999000	 999	 1.752056e+02	 733.34	 700.01	 41.00	 8	 0.33	 
MRI_faces_133	 1	 4	 2041.jpg	 1.771894e+02	 12	 999000	 120	 999000	 999	 1.782062e+02	 733.34	 700.01	 21.00	 36	 0.62	 
MRI_faces_133	 1	 4	 2118.jpg	 1.801899e+02	 11	 9.963045e+02	 110	 7.336513e+02	 98	 1.812066e+02	 750.00	 700.01	 7.00	 46	 0.77	 
MRI_faces_133	 1	 4	 2125.jpg	 1.831904e+02	 12	 999000	 120	 999000	 999	 1.842074e+02	 750.00	 700.01	 9.00	 47	 0.76	 
MRI_faces_133	 1	 4	 2024.jpg	 1.851907e+02	 12	 999000	 120	 999000	 999	 1.862075e+02	 750.00	 700.01	 19.00	 34	 0.65	 
MRI_faces_133	 1	 4	 1246.jpg	 1.891914e+02	 24	 999000	 240	 999000	 999	 1.902082e+02	 750.00	 700.01	 40.00	 28	 0.36	 
MRI_faces_133	 1	 4	 2058.jpg	 1.911918e+02	 12	 999000	 120	 999000	 999	 1.922086e+02	 750.00	 700.01	 16.00	 40	 0.69	 
MRI_faces_133	 1	 4	 1013.jpg	 1.931921e+02	 24	 999000	 240	 999000	 999	 1.942090e+02	 750.00	 700.01	 39.00	 2	 0.38	 
MRI_faces_133	 1	 4	 2094.jpg	 1.951925e+02	 12	 999000	 120	 999000	 999	 1.962094e+02	 750.00	 700.01	 22.00	 43	 0.61	 
MRI_faces_133	 1	 4	 1127.jpg	 1.971929e+02	 24	 999000	 240	 999000	 999	 1.982097e+02	 750.00	 700.01	 42.00	 14	 0.32	 
MRI_faces_133	 1	 4	 2153.jpg	 2.011935e+02	 11	 1.000677e+03	 1100	 7.502452e+02	 98	 2.022104e+02	 700.00	 700.01	 12.00	 50	 0.73	 
MRI_faces_133	 1	 4	 2194.jpg	 2.051942e+02	 11	 9.359448e+02	 110	 7.002836e+02	 98	 2.062110e+02	 716.67	 700.01	 18.00	 54	 0.68	 
MRI_faces_133	 1	 4	 2240.jpg	 2.091950e+02	 11	 9.291796e+02	 110	 7.169611e+02	 98	 2.102118e+02	 733.34	 700.01	 10.00	 59	 0.74	 
MRI_faces_133	 1	 4	 2043.jpg	 2.121954e+02	 12	 999000	 120	 999000	 999	 2.132123e+02	 733.34	 700.01	 8.00	 37	 0.77	 
MRI_faces_133	 1	 4	 1060.jpg	 2.141958e+02	 22	 9.443245e+02	 220	 7.002778e+02	 98	 2.152127e+02	 733.34	 716.68	 44.00	 10	 0.30	 
MRI_faces_133	 1	 4	 1173.jpg	 2.161962e+02	 22	 9.249478e+02	 220	 7.169263e+02	 98	 2.172153e+02	 733.34	 733.34	 45.00	 19	 0.28	 
MRI_faces_133	 1	 4	 2149.jpg	 2.181966e+02	 22	 9.446061e+02	 220	 7.336493e+02	 98	 2.192155e+02	 733.34	 750.01	 53.00	 49	 0.21	 
MRI_faces_133	 1	 4	 2006.jpg	 2.201970e+02	 11	 9.561958e+02	 110	 7.335965e+02	 98	 2.212153e+02	 750.00	 750.01	 15.00	 31	 0.72	 
MRI_faces_133	 1	 4	 1210.jpg	 2.241822e+02	 24	 999000	 240	 999000	 999	 2.251987e+02	 750.00	 750.01	 43.00	 25	 0.30	 
MRI_faces_133	 1	 4	 2212.jpg	 2.261818e+02	 12	 999000	 120	 999000	 999	 2.271987e+02	 750.00	 750.01	 17.00	 56	 0.68	 
MRI_faces_133	 1	 4	 1052.jpg	 2.331825e+02	 24	 999000	 240	 999000	 999	 2.341993e+02	 750.00	 750.01	 49.00	 9	 0.23	 
MRI_faces_133	 1	 4	 2112.jpg	 2.371832e+02	 12	 999000	 120	 999000	 999	 2.382001e+02	 750.00	 750.01	 3.00	 45	 0.89	 
MRI_faces_133	 1	 4	 2128.jpg	 2.401838e+02	 12	 999000	 120	 999000	 999	 2.412006e+02	 750.00	 750.01	 20.00	 48	 0.64	 
MRI_faces_133	 1	 4	 1191.jpg	 2.441845e+02	 24	 999000	 240	 999000	 999	 2.452012e+02	 750.00	 750.01	 51.00	 21	 0.22	 
