subjectID	 order	 runNum	 itemName	 onsetTime	 shuff_trialType	 RT	 respInTime	 AudioTime	 response	 fixationTime	 ladder1	 ladder2	 bidIndex	 itemNameIndex	 bidValue	 
MRI_faces_114	 2	 9	 2194.jpg	 2.396574e+00	 24	 999000	 240	 999000	 999	 3.413718e+00	 750.00	 683.34	 56.00	 54	 0.20	 
MRI_faces_114	 2	 9	 1183.jpg	 6.396535e+00	 22	 9.412013e+02	 220	 6.852961e+02	 98	 7.412928e+00	 750.00	 700.01	 46.00	 20	 0.33	 
MRI_faces_114	 2	 9	 1226.jpg	 8.379533e+00	 24	 999000	 240	 999000	 999	 9.397428e+00	 750.00	 700.01	 44.00	 27	 0.36	 
MRI_faces_114	 2	 9	 2043.jpg	 1.338066e+01	 22	 9.960697e+02	 220	 7.002869e+02	 98	 1.439994e+01	 750.00	 716.67	 49.00	 37	 0.30	 
MRI_faces_114	 2	 9	 1192.jpg	 1.538083e+01	 12	 999000	 120	 999000	 999	 1.639798e+01	 750.00	 716.67	 15.00	 22	 0.68	 
MRI_faces_114	 2	 9	 2045.jpg	 1.738138e+01	 22	 9.123412e+02	 220	 7.169398e+02	 98	 1.839825e+01	 750.00	 733.34	 51.00	 38	 0.26	 
MRI_faces_114	 2	 9	 2058.jpg	 2.138217e+01	 24	 999000	 240	 999000	 999	 2.239895e+01	 750.00	 733.34	 58.00	 40	 0.09	 
MRI_faces_114	 2	 9	 2240.jpg	 2.338250e+01	 22	 9.832256e+02	 220	 7.337135e+02	 98	 2.439929e+01	 750.00	 750.01	 54.00	 59	 0.25	 
MRI_faces_114	 2	 9	 1262.jpg	 2.538277e+01	 24	 999000	 240	 999000	 999	 2.639962e+01	 750.00	 750.01	 57.00	 30	 0.16	 
MRI_faces_114	 2	 9	 2229.jpg	 2.838337e+01	 24	 999000	 240	 999000	 999	 2.940019e+01	 750.00	 750.01	 42.00	 58	 0.39	 
MRI_faces_114	 2	 9	 2053.jpg	 3.038373e+01	 12	 999000	 120	 999000	 999	 3.140051e+01	 750.00	 750.01	 12.00	 39	 0.73	 
MRI_faces_114	 2	 9	 1127.jpg	 3.438444e+01	 12	 999000	 120	 999000	 999	 3.540121e+01	 750.00	 750.01	 22.00	 14	 0.60	 
MRI_faces_114	 2	 9	 2024.jpg	 4.038543e+01	 24	 999000	 240	 999000	 999	 4.140224e+01	 750.00	 750.01	 55.00	 34	 0.21	 
MRI_faces_114	 2	 9	 1191.jpg	 4.338601e+01	 24	 999000	 240	 999000	 999	 4.440280e+01	 750.00	 750.01	 45.00	 21	 0.35	 
MRI_faces_114	 2	 9	 1019.jpg	 4.538637e+01	 11	 1.048352e+03	 1100	 7.517002e+02	 98	 4.640320e+01	 700.00	 750.01	 9.00	 4	 0.76	 
MRI_faces_114	 2	 9	 2089.jpg	 4.738666e+01	 11	 8.970711e+02	 110	 7.002633e+02	 98	 4.840346e+01	 716.67	 750.01	 14.00	 42	 0.72	 
MRI_faces_114	 2	 9	 1031.jpg	 4.938706e+01	 12	 999000	 120	 999000	 999	 5.040383e+01	 716.67	 750.01	 4.00	 6	 0.87	 
MRI_faces_114	 2	 9	 2212.jpg	 5.138744e+01	 11	 9.032952e+02	 110	 7.169478e+02	 98	 5.240421e+01	 733.33	 750.01	 11.00	 56	 0.74	 
MRI_faces_114	 2	 9	 2041.jpg	 5.438798e+01	 12	 999000	 120	 999000	 999	 5.540471e+01	 733.33	 750.01	 20.00	 36	 0.61	 
MRI_faces_114	 2	 9	 2181.jpg	 5.838883e+01	 12	 999000	 120	 999000	 999	 5.940545e+01	 733.33	 750.01	 10.00	 53	 0.75	 
MRI_faces_114	 2	 9	 1210.jpg	 6.138915e+01	 12	 999000	 120	 999000	 999	 6.240601e+01	 733.33	 750.01	 18.00	 25	 0.65	 
MRI_faces_114	 2	 9	 2006.jpg	 6.538991e+01	 12	 999000	 120	 999000	 999	 6.640662e+01	 733.33	 750.01	 7.00	 31	 0.80	 
MRI_faces_114	 2	 9	 2164.jpg	 7.039078e+01	 24	 999000	 240	 999000	 999	 7.140763e+01	 733.33	 750.01	 39.00	 52	 0.41	 
MRI_faces_114	 2	 9	 1073.jpg	 7.439144e+01	 12	 999000	 120	 999000	 999	 7.540826e+01	 733.33	 750.01	 6.00	 11	 0.81	 
MRI_faces_114	 2	 9	 2153.jpg	 7.739201e+01	 11	 7.497134e+02	 110	 7.336629e+02	 98	 7.840883e+01	 750.00	 750.01	 8.00	 50	 0.78	 
MRI_faces_114	 2	 9	 2248.jpg	 7.939243e+01	 12	 999000	 120	 999000	 999	 8.040908e+01	 750.00	 750.01	 5.00	 60	 0.82	 
MRI_faces_114	 2	 9	 1150.jpg	 8.139272e+01	 24	 999000	 240	 999000	 999	 8.240956e+01	 750.00	 750.01	 53.00	 18	 0.26	 
MRI_faces_114	 2	 9	 1080.jpg	 8.839395e+01	 22	 9.297776e+02	 220	 7.503272e+02	 98	 8.941076e+01	 750.00	 766.67	 48.00	 12	 0.31	 
MRI_faces_114	 2	 9	 1246.jpg	 9.139443e+01	 22	 9.612994e+02	 220	 7.669555e+02	 98	 9.241121e+01	 750.00	 783.34	 43.00	 28	 0.37	 
MRI_faces_114	 2	 9	 1114.jpg	 9.339477e+01	 12	 999000	 120	 999000	 999	 9.441159e+01	 750.00	 783.34	 3.00	 13	 0.87	 
MRI_faces_114	 2	 9	 2112.jpg	 9.738118e+01	 24	 999000	 240	 999000	 999	 9.839774e+01	 750.00	 783.34	 47.00	 45	 0.32	 
MRI_faces_114	 2	 9	 1216.jpg	 9.938105e+01	 11	 9.497006e+02	 110	 7.502631e+02	 98	 1.003978e+02	 766.67	 783.34	 16.00	 26	 0.67	 
MRI_faces_114	 2	 9	 1145.jpg	 1.023811e+02	 12	 999000	 120	 999000	 999	 1.033978e+02	 766.67	 783.34	 21.00	 16	 0.61	 
MRI_faces_114	 2	 9	 2155.jpg	 1.043811e+02	 24	 999000	 240	 999000	 999	 1.053979e+02	 766.67	 783.34	 41.00	 51	 0.39	 
MRI_faces_114	 2	 9	 2128.jpg	 1.083813e+02	 24	 999000	 240	 999000	 999	 1.093978e+02	 766.67	 783.34	 52.00	 48	 0.26	 
MRI_faces_114	 2	 9	 1146.jpg	 1.103812e+02	 12	 999000	 120	 999000	 999	 1.113979e+02	 766.67	 783.34	 13.00	 17	 0.73	 
MRI_faces_114	 2	 9	 1017.jpg	 1.143818e+02	 11	 9.078787e+02	 110	 7.669349e+02	 98	 1.153987e+02	 783.33	 783.34	 17.00	 3	 0.66	 
MRI_faces_114	 2	 9	 1204.jpg	 1.173824e+02	 24	 999000	 240	 999000	 999	 1.183991e+02	 783.33	 783.34	 50.00	 24	 0.29	 
MRI_faces_114	 2	 9	 2094.jpg	 1.193827e+02	 24	 999000	 240	 999000	 999	 1.203996e+02	 783.33	 783.34	 40.00	 43	 0.39	 
MRI_faces_114	 2	 9	 2125.jpg	 1.223832e+02	 12	 999000	 120	 999000	 999	 1.234001e+02	 783.33	 783.34	 19.00	 47	 0.63	 
