subjectID	 order	 runNum	 itemName	 onsetTime	 shuff_trialType	 RT	 respInTime	 AudioTime	 response	 fixationTime	 ladder1	 ladder2	 bidIndex	 itemNameIndex	 bidValue	 
MRI_faces_106	 2	 11	 2229.jpg	 2.396560e+00	 24	 999000	 240	 999000	 999	 3.414094e+00	 683.34	 683.35	 40.00	 58	 0.37	 
MRI_faces_106	 2	 11	 2164.jpg	 5.396705e+00	 12	 999000	 120	 999000	 999	 6.413399e+00	 683.34	 683.35	 12.00	 52	 0.76	 
MRI_faces_106	 2	 11	 2041.jpg	 9.397027e+00	 11	 9.852425e+02	 110	 6.852159e+02	 98	 1.041394e+01	 700.01	 683.35	 8.00	 36	 0.79	 
MRI_faces_106	 2	 11	 2024.jpg	 1.239765e+01	 22	 9.276321e+02	 220	 6.849910e+02	 98	 1.341440e+01	 700.01	 700.02	 48.00	 34	 0.30	 
MRI_faces_106	 2	 11	 2194.jpg	 1.639836e+01	 12	 999000	 120	 999000	 999	 1.741517e+01	 700.01	 700.02	 21.00	 54	 0.58	 
MRI_faces_106	 2	 11	 1017.jpg	 1.939889e+01	 11	 9.523914e+02	 110	 7.002602e+02	 98	 2.041567e+01	 716.67	 700.02	 17.00	 3	 0.70	 
MRI_faces_106	 2	 11	 1246.jpg	 2.139916e+01	 24	 999000	 240	 999000	 999	 2.241601e+01	 716.67	 700.02	 41.00	 28	 0.36	 
MRI_faces_106	 2	 11	 2010.jpg	 2.439972e+01	 12	 999000	 120	 999000	 999	 2.541652e+01	 716.67	 700.02	 4.00	 32	 0.87	 
MRI_faces_106	 2	 11	 1019.jpg	 2.740032e+01	 12	 999000	 120	 999000	 999	 2.841724e+01	 716.67	 700.02	 20.00	 4	 0.59	 
MRI_faces_106	 2	 11	 1007.jpg	 3.240114e+01	 24	 999000	 240	 999000	 999	 3.341797e+01	 716.67	 700.02	 44.00	 1	 0.36	 
MRI_faces_106	 2	 11	 2112.jpg	 3.440145e+01	 24	 999000	 240	 999000	 999	 3.541847e+01	 716.67	 700.02	 57.00	 45	 0.14	 
MRI_faces_106	 2	 11	 2149.jpg	 3.640184e+01	 24	 999000	 240	 999000	 999	 3.741867e+01	 716.67	 700.02	 58.00	 49	 0.14	 
MRI_faces_106	 2	 11	 2006.jpg	 4.040251e+01	 12	 999000	 120	 999000	 999	 4.141931e+01	 716.67	 700.02	 6.00	 31	 0.86	 
MRI_faces_106	 2	 11	 2125.jpg	 4.740379e+01	 12	 999000	 120	 999000	 999	 4.842064e+01	 716.67	 700.02	 10.00	 47	 0.78	 
MRI_faces_106	 2	 11	 2181.jpg	 4.940412e+01	 11	 1.190160e+03	 1100	 7.169322e+02	 98	 5.042101e+01	 666.67	 700.02	 14.00	 53	 0.74	 
MRI_faces_106	 2	 11	 2128.jpg	 5.140445e+01	 24	 999000	 240	 999000	 999	 5.242136e+01	 666.67	 700.02	 47.00	 48	 0.32	 
MRI_faces_106	 2	 11	 1035.jpg	 5.340496e+01	 11	 9.093308e+02	 110	 6.669530e+02	 98	 5.442177e+01	 683.34	 700.02	 16.00	 7	 0.72	 
MRI_faces_106	 2	 11	 1073.jpg	 5.540522e+01	 12	 999000	 120	 999000	 999	 5.642197e+01	 683.34	 700.02	 5.00	 11	 0.86	 
MRI_faces_106	 2	 11	 1031.jpg	 5.740561e+01	 24	 999000	 240	 999000	 999	 5.842231e+01	 683.34	 700.02	 39.00	 6	 0.40	 
MRI_faces_106	 2	 11	 1210.jpg	 6.040608e+01	 12	 999000	 120	 999000	 999	 6.142290e+01	 683.34	 700.02	 22.00	 25	 0.57	 
MRI_faces_106	 2	 11	 1145.jpg	 6.240650e+01	 12	 999000	 120	 999000	 999	 6.342325e+01	 683.34	 700.02	 13.00	 16	 0.76	 
MRI_faces_106	 2	 11	 1080.jpg	 6.440680e+01	 24	 999000	 240	 999000	 999	 6.542359e+01	 683.34	 700.02	 52.00	 12	 0.20	 
MRI_faces_106	 2	 11	 1204.jpg	 6.840757e+01	 22	 1.066708e+03	 2200	 7.002924e+02	 98	 6.942427e+01	 683.34	 650.02	 46.00	 24	 0.34	 
MRI_faces_106	 2	 11	 1226.jpg	 7.239770e+01	 11	 9.165864e+02	 110	 6.836294e+02	 98	 7.341443e+01	 700.01	 650.02	 9.00	 27	 0.78	 
MRI_faces_106	 2	 11	 2209.jpg	 7.839782e+01	 12	 999000	 120	 999000	 999	 7.941453e+01	 700.01	 650.02	 15.00	 55	 0.73	 
MRI_faces_106	 2	 11	 1192.jpg	 8.039785e+01	 12	 999000	 120	 999000	 999	 8.141449e+01	 700.01	 650.02	 18.00	 22	 0.69	 
MRI_faces_106	 2	 11	 1130.jpg	 8.239790e+01	 24	 999000	 240	 999000	 999	 8.341453e+01	 700.01	 650.02	 42.00	 15	 0.36	 
MRI_faces_106	 2	 11	 1183.jpg	 8.439787e+01	 24	 999000	 240	 999000	 999	 8.541459e+01	 700.01	 650.02	 50.00	 20	 0.26	 
MRI_faces_106	 2	 11	 1127.jpg	 8.839799e+01	 12	 999000	 120	 999000	 999	 8.941465e+01	 700.01	 650.02	 19.00	 14	 0.68	 
MRI_faces_106	 2	 11	 2240.jpg	 9.039800e+01	 12	 999000	 120	 999000	 999	 9.141469e+01	 700.01	 650.02	 7.00	 59	 0.80	 
MRI_faces_106	 2	 11	 1060.jpg	 9.239803e+01	 22	 9.842500e+02	 220	 6.502829e+02	 98	 9.341482e+01	 700.01	 666.68	 54.00	 10	 0.18	 
MRI_faces_106	 2	 11	 2153.jpg	 9.439802e+01	 22	 9.122556e+02	 220	 6.669498e+02	 98	 9.541488e+01	 700.01	 683.35	 49.00	 50	 0.28	 
MRI_faces_106	 2	 11	 1191.jpg	 9.839809e+01	 11	 8.871911e+02	 110	 7.002842e+02	 98	 9.941479e+01	 716.67	 683.35	 11.00	 21	 0.77	 
MRI_faces_106	 2	 11	 2218.jpg	 1.023982e+02	 22	 8.830762e+02	 220	 6.836455e+02	 98	 1.034149e+02	 716.67	 700.02	 43.00	 57	 0.36	 
MRI_faces_106	 2	 11	 2110.jpg	 1.053982e+02	 24	 999000	 240	 999000	 999	 1.064148e+02	 716.67	 700.02	 45.00	 44	 0.35	 
MRI_faces_106	 2	 11	 2039.jpg	 1.103983e+02	 24	 999000	 240	 999000	 999	 1.114151e+02	 716.67	 700.02	 53.00	 35	 0.18	 
MRI_faces_106	 2	 11	 2058.jpg	 1.123985e+02	 22	 9.507829e+02	 220	 7.003152e+02	 98	 1.134155e+02	 716.67	 716.68	 51.00	 40	 0.21	 
MRI_faces_106	 2	 11	 2053.jpg	 1.153990e+02	 12	 999000	 120	 999000	 999	 1.164159e+02	 716.67	 716.68	 3.00	 39	 0.87	 
MRI_faces_106	 2	 11	 2043.jpg	 1.193997e+02	 24	 999000	 240	 999000	 999	 1.204167e+02	 716.67	 716.68	 55.00	 37	 0.18	 
MRI_faces_106	 2	 11	 2155.jpg	 1.224004e+02	 24	 999000	 240	 999000	 999	 1.234172e+02	 716.67	 716.68	 56.00	 51	 0.17	 
