subjectID	 order	 runNum	 itemName	 onsetTime	 shuff_trialType	 RT	 respInTime	 AudioTime	 response	 fixationTime	 ladder1	 ladder2	 bidIndex	 itemNameIndex	 bidValue	 
MRI_faces_139	 1	 5	 1073.jpg	 2.412452e+00	 11	 9.730075e+02	 110	 7.525738e+02	 98	 3.430087e+00	 766.67	 750.00	 13.00	 11	 0.70	 
MRI_faces_139	 1	 5	 1216.jpg	 7.412423e+00	 24	 999000	 240	 999000	 999	 8.429013e+00	 766.67	 750.00	 43.00	 26	 0.32	 
MRI_faces_139	 1	 5	 2181.jpg	 9.412458e+00	 24	 999000	 240	 999000	 999	 1.042914e+01	 766.67	 750.00	 51.00	 53	 0.25	 
MRI_faces_139	 1	 5	 2089.jpg	 1.241251e+01	 11	 9.319656e+02	 110	 7.683827e+02	 98	 1.342924e+01	 783.33	 750.00	 18.00	 42	 0.68	 
MRI_faces_139	 1	 5	 1210.jpg	 1.541300e+01	 12	 999000	 120	 999000	 999	 1.642984e+01	 783.33	 750.00	 22.00	 25	 0.63	 
MRI_faces_139	 1	 5	 1060.jpg	 2.241421e+01	 24	 999000	 240	 999000	 999	 2.343106e+01	 783.33	 750.00	 41.00	 10	 0.32	 
MRI_faces_139	 1	 5	 1191.jpg	 2.441460e+01	 22	 9.428772e+02	 220	 7.522061e+02	 98	 2.543139e+01	 783.33	 766.67	 44.00	 21	 0.31	 
MRI_faces_139	 1	 5	 2094.jpg	 2.841531e+01	 12	 999000	 120	 999000	 999	 2.943213e+01	 783.33	 766.67	 11.00	 43	 0.72	 
MRI_faces_139	 1	 5	 2118.jpg	 3.041587e+01	 12	 999000	 120	 999000	 999	 3.143252e+01	 783.33	 766.67	 3.00	 46	 0.88	 
MRI_faces_139	 1	 5	 1130.jpg	 3.541278e+01	 22	 9.666708e+02	 220	 7.669387e+02	 98	 3.642937e+01	 783.33	 783.33	 53.00	 15	 0.21	 
MRI_faces_139	 1	 5	 2125.jpg	 3.941276e+01	 12	 999000	 120	 999000	 999	 4.042941e+01	 783.33	 783.33	 16.00	 47	 0.69	 
MRI_faces_139	 1	 5	 2024.jpg	 4.141289e+01	 24	 999000	 240	 999000	 999	 4.242945e+01	 783.33	 783.33	 46.00	 34	 0.30	 
MRI_faces_139	 1	 5	 2039.jpg	 4.441292e+01	 22	 9.715418e+02	 220	 7.837483e+02	 98	 4.542976e+01	 783.33	 800.00	 47.00	 35	 0.29	 
MRI_faces_139	 1	 5	 1262.jpg	 4.741289e+01	 12	 999000	 120	 999000	 999	 4.842955e+01	 783.33	 800.00	 19.00	 30	 0.67	 
MRI_faces_139	 1	 5	 2155.jpg	 5.141297e+01	 24	 999000	 240	 999000	 999	 5.242962e+01	 783.33	 800.00	 54.00	 51	 0.21	 
MRI_faces_139	 1	 5	 1173.jpg	 5.541309e+01	 24	 999000	 240	 999000	 999	 5.642966e+01	 783.33	 800.00	 48.00	 19	 0.28	 
MRI_faces_139	 1	 5	 1246.jpg	 5.941316e+01	 24	 999000	 240	 999000	 999	 6.042980e+01	 783.33	 800.00	 57.00	 28	 0.17	 
MRI_faces_139	 1	 5	 2164.jpg	 6.241310e+01	 22	 9.703780e+02	 220	 8.002859e+02	 98	 6.342979e+01	 783.33	 816.67	 52.00	 52	 0.24	 
MRI_faces_139	 1	 5	 2194.jpg	 6.541319e+01	 24	 999000	 240	 999000	 999	 6.642989e+01	 783.33	 816.67	 58.00	 54	 0.16	 
MRI_faces_139	 1	 5	 1050.jpg	 6.841326e+01	 24	 999000	 240	 999000	 999	 6.942986e+01	 783.33	 816.67	 42.00	 8	 0.32	 
MRI_faces_139	 1	 5	 1017.jpg	 7.041323e+01	 11	 9.312370e+02	 110	 7.836068e+02	 98	 7.142990e+01	 800.00	 816.67	 10.00	 3	 0.77	 
MRI_faces_139	 1	 5	 2149.jpg	 7.341326e+01	 24	 999000	 240	 999000	 999	 7.442994e+01	 800.00	 816.67	 49.00	 49	 0.26	 
MRI_faces_139	 1	 5	 2110.jpg	 7.541341e+01	 12	 999000	 120	 999000	 999	 7.642994e+01	 800.00	 816.67	 21.00	 44	 0.64	 
MRI_faces_139	 1	 5	 2153.jpg	 7.741336e+01	 12	 999000	 120	 999000	 999	 7.842997e+01	 800.00	 816.67	 4.00	 50	 0.84	 
MRI_faces_139	 1	 5	 2058.jpg	 7.941335e+01	 24	 999000	 240	 999000	 999	 8.043004e+01	 800.00	 816.67	 55.00	 40	 0.19	 
MRI_faces_139	 1	 5	 2045.jpg	 8.241343e+01	 11	 1.015044e+03	 1100	 8.002890e+02	 98	 8.343008e+01	 750.00	 816.67	 12.00	 38	 0.72	 
MRI_faces_139	 1	 5	 2229.jpg	 8.641355e+01	 24	 999000	 240	 999000	 999	 8.743024e+01	 750.00	 816.67	 40.00	 58	 0.34	 
MRI_faces_139	 1	 5	 1255.jpg	 8.841359e+01	 12	 999000	 120	 999000	 999	 8.943018e+01	 750.00	 816.67	 6.00	 29	 0.83	 
MRI_faces_139	 1	 5	 2128.jpg	 9.041353e+01	 12	 999000	 120	 999000	 999	 9.143019e+01	 750.00	 816.67	 9.00	 48	 0.79	 
MRI_faces_139	 1	 5	 2043.jpg	 9.441389e+01	 24	 999000	 240	 999000	 999	 9.543031e+01	 750.00	 816.67	 56.00	 37	 0.17	 
MRI_faces_139	 1	 5	 2240.jpg	 9.641372e+01	 12	 999000	 120	 999000	 999	 9.743034e+01	 750.00	 816.67	 8.00	 59	 0.80	 
MRI_faces_139	 1	 5	 1146.jpg	 9.841372e+01	 11	 9.417561e+02	 110	 7.502860e+02	 98	 9.943047e+01	 766.67	 816.67	 15.00	 17	 0.69	 
MRI_faces_139	 1	 5	 1007.jpg	 1.024138e+02	 22	 1.081653e+03	 2200	 8.171715e+02	 98	 1.034304e+02	 766.67	 766.67	 45.00	 1	 0.31	 
MRI_faces_139	 1	 5	 1226.jpg	 1.064138e+02	 12	 999000	 120	 999000	 999	 1.074304e+02	 766.67	 766.67	 17.00	 27	 0.68	 
MRI_faces_139	 1	 5	 2063.jpg	 1.084138e+02	 12	 999000	 120	 999000	 999	 1.094307e+02	 766.67	 766.67	 14.00	 41	 0.69	 
MRI_faces_139	 1	 5	 1204.jpg	 1.104139e+02	 22	 9.766033e+02	 220	 7.669384e+02	 98	 1.114307e+02	 766.67	 783.33	 50.00	 24	 0.25	 
MRI_faces_139	 1	 5	 2006.jpg	 1.124139e+02	 12	 999000	 120	 999000	 999	 1.134307e+02	 766.67	 783.33	 5.00	 31	 0.83	 
MRI_faces_139	 1	 5	 1027.jpg	 1.144140e+02	 24	 999000	 240	 999000	 999	 1.154306e+02	 766.67	 783.33	 39.00	 5	 0.36	 
MRI_faces_139	 1	 5	 2053.jpg	 1.204148e+02	 12	 999000	 120	 999000	 999	 1.214316e+02	 766.67	 783.33	 20.00	 39	 0.65	 
MRI_faces_139	 1	 5	 2209.jpg	 1.224151e+02	 11	 9.203597e+02	 110	 7.669850e+02	 98	 1.234320e+02	 783.33	 783.33	 7.00	 55	 0.82	 
