subjectID	 order	 runNum	 itemName	 onsetTime	 shuff_trialType	 RT	 respInTime	 AudioTime	 response	 fixationTime	 ladder1	 ladder2	 bidIndex	 itemNameIndex	 bidValue	 
MRI_faces_102	 2	 12	 1216.jpg	 1.241507e+02	 11	 9.705707e+02	 110	 7.836706e+02	 98	 1.251842e+02	 800.00	 783.33	 16.00	 26	 0.68	 
MRI_faces_102	 2	 12	 2043.jpg	 1.281515e+02	 24	 999000	 240	 999000	 999	 1.291720e+02	 800.00	 783.33	 39.00	 37	 0.41	 
MRI_faces_102	 2	 12	 1031.jpg	 1.301518e+02	 11	 1.005623e+03	 1100	 8.003264e+02	 98	 1.311854e+02	 750.00	 783.33	 17.00	 6	 0.67	 
MRI_faces_102	 2	 12	 1114.jpg	 1.351528e+02	 12	 999000	 120	 999000	 999	 1.361715e+02	 750.00	 783.33	 6.00	 13	 0.82	 
MRI_faces_102	 2	 12	 2112.jpg	 1.371531e+02	 12	 999000	 120	 999000	 999	 1.381711e+02	 750.00	 783.33	 19.00	 45	 0.65	 
MRI_faces_102	 2	 12	 1060.jpg	 1.391534e+02	 24	 999000	 240	 999000	 999	 1.401725e+02	 750.00	 783.33	 52.00	 10	 0.24	 
MRI_faces_102	 2	 12	 1080.jpg	 1.431542e+02	 12	 999000	 120	 999000	 999	 1.441732e+02	 750.00	 783.33	 3.00	 12	 0.88	 
MRI_faces_102	 2	 12	 1191.jpg	 1.451544e+02	 12	 999000	 120	 999000	 999	 1.461736e+02	 750.00	 783.33	 18.00	 21	 0.66	 
MRI_faces_102	 2	 12	 2194.jpg	 1.471548e+02	 24	 999000	 240	 999000	 999	 1.481740e+02	 750.00	 783.33	 42.00	 54	 0.37	 
MRI_faces_102	 2	 12	 1150.jpg	 1.501554e+02	 24	 999000	 240	 999000	 999	 1.511726e+02	 750.00	 783.33	 53.00	 18	 0.22	 
MRI_faces_102	 2	 12	 2015.jpg	 1.521509e+02	 11	 9.544363e+02	 110	 7.503163e+02	 98	 1.531919e+02	 766.66	 783.33	 14.00	 33	 0.70	 
MRI_faces_102	 2	 12	 1262.jpg	 1.561510e+02	 11	 9.512878e+02	 110	 7.669908e+02	 98	 1.571922e+02	 783.33	 783.33	 11.00	 30	 0.73	 
MRI_faces_102	 2	 12	 1204.jpg	 1.621510e+02	 24	 999000	 240	 999000	 999	 1.631704e+02	 783.33	 783.33	 57.00	 24	 0.13	 
MRI_faces_102	 2	 12	 2209.jpg	 1.651511e+02	 12	 999000	 120	 999000	 999	 1.661677e+02	 783.33	 783.33	 20.00	 55	 0.62	 
MRI_faces_102	 2	 12	 1226.jpg	 1.671512e+02	 24	 999000	 240	 999000	 999	 1.681683e+02	 783.33	 783.33	 58.00	 27	 0.12	 
MRI_faces_102	 2	 12	 2110.jpg	 1.691512e+02	 24	 999000	 240	 999000	 999	 1.701686e+02	 783.33	 783.33	 56.00	 44	 0.16	 
MRI_faces_102	 2	 12	 2118.jpg	 1.711513e+02	 12	 999000	 120	 999000	 999	 1.721689e+02	 783.33	 783.33	 5.00	 46	 0.85	 
MRI_faces_102	 2	 12	 1246.jpg	 1.731514e+02	 24	 999000	 240	 999000	 999	 1.741692e+02	 783.33	 783.33	 55.00	 28	 0.21	 
MRI_faces_102	 2	 12	 1050.jpg	 1.761513e+02	 24	 999000	 240	 999000	 999	 1.771678e+02	 783.33	 783.33	 41.00	 8	 0.39	 
MRI_faces_102	 2	 12	 2128.jpg	 1.801513e+02	 24	 999000	 240	 999000	 999	 1.811687e+02	 783.33	 783.33	 40.00	 48	 0.40	 
MRI_faces_102	 2	 12	 1052.jpg	 1.831514e+02	 22	 1.017090e+03	 2200	 7.836503e+02	 98	 1.841961e+02	 783.33	 733.33	 49.00	 9	 0.28	 
MRI_faces_102	 2	 12	 1192.jpg	 1.871515e+02	 24	 999000	 240	 999000	 999	 1.881683e+02	 783.33	 733.33	 47.00	 22	 0.29	 
MRI_faces_102	 2	 12	 1035.jpg	 1.921515e+02	 12	 999000	 120	 999000	 999	 1.931685e+02	 783.33	 733.33	 7.00	 7	 0.79	 
MRI_faces_102	 2	 12	 1130.jpg	 1.961516e+02	 24	 999000	 240	 999000	 999	 1.971689e+02	 783.33	 733.33	 44.00	 15	 0.35	 
MRI_faces_102	 2	 12	 2089.jpg	 1.991516e+02	 12	 999000	 120	 999000	 999	 2.001697e+02	 783.33	 733.33	 15.00	 42	 0.68	 
MRI_faces_102	 2	 12	 1013.jpg	 2.011516e+02	 24	 999000	 240	 999000	 999	 2.021693e+02	 783.33	 733.33	 45.00	 2	 0.29	 
MRI_faces_102	 2	 12	 1173.jpg	 2.031517e+02	 22	 9.406479e+02	 220	 7.336849e+02	 98	 2.041981e+02	 783.33	 750.00	 54.00	 19	 0.21	 
MRI_faces_102	 2	 12	 1127.jpg	 2.101518e+02	 22	 9.525631e+02	 220	 7.503145e+02	 98	 2.111994e+02	 783.33	 766.66	 51.00	 14	 0.24	 
MRI_faces_102	 2	 12	 2063.jpg	 2.131519e+02	 12	 999000	 120	 999000	 999	 2.141696e+02	 783.33	 766.66	 21.00	 41	 0.61	 
MRI_faces_102	 2	 12	 2045.jpg	 2.151519e+02	 24	 999000	 240	 999000	 999	 2.161694e+02	 783.33	 766.66	 50.00	 38	 0.24	 
MRI_faces_102	 2	 12	 2181.jpg	 2.191518e+02	 11	 1.020614e+03	 1100	 7.836953e+02	 98	 2.201888e+02	 733.33	 766.66	 9.00	 53	 0.76	 
MRI_faces_102	 2	 12	 2010.jpg	 2.211520e+02	 11	 1.011497e+03	 1100	 7.336707e+02	 98	 2.221869e+02	 683.33	 766.66	 8.00	 32	 0.77	 
MRI_faces_102	 2	 12	 2125.jpg	 2.241520e+02	 12	 999000	 120	 999000	 999	 2.251725e+02	 683.33	 766.66	 4.00	 47	 0.88	 
MRI_faces_102	 2	 12	 2153.jpg	 2.261520e+02	 12	 999000	 120	 999000	 999	 2.271723e+02	 683.33	 766.66	 12.00	 50	 0.72	 
MRI_faces_102	 2	 12	 1202.jpg	 2.301527e+02	 12	 999000	 120	 999000	 999	 2.311699e+02	 683.33	 766.66	 22.00	 23	 0.60	 
MRI_faces_102	 2	 12	 1027.jpg	 2.321531e+02	 22	 9.752637e+02	 220	 7.669755e+02	 98	 2.332020e+02	 683.33	 783.33	 48.00	 5	 0.28	 
MRI_faces_102	 2	 12	 1019.jpg	 2.361538e+02	 22	 1.007646e+03	 2200	 7.836306e+02	 98	 2.371891e+02	 683.33	 733.33	 43.00	 4	 0.35	 
MRI_faces_102	 2	 12	 2248.jpg	 2.391542e+02	 12	 999000	 120	 999000	 999	 2.401720e+02	 683.33	 733.33	 13.00	 60	 0.72	 
MRI_faces_102	 2	 12	 2149.jpg	 2.411546e+02	 22	 1.011810e+03	 2200	 7.336311e+02	 98	 2.422022e+02	 683.33	 683.33	 46.00	 49	 0.29	 
MRI_faces_102	 2	 12	 2212.jpg	 2.441552e+02	 12	 999000	 120	 999000	 999	 2.451728e+02	 683.33	 683.33	 10.00	 56	 0.75	 
