subjectID	 order	 runNum	 itemName	 onsetTime	 shuff_trialType	 RT	 respInTime	 AudioTime	 response	 fixationTime	 ladder1	 ladder2	 bidIndex	 itemNameIndex	 bidValue	 
MRI_faces_130	 2	 15	 1204.jpg	 2.412179e+00	 11	 9.064275e+02	 110	 6.858126e+02	 98	 3.429306e+00	 700.01	 683.34	 17.00	 24	 0.62	 
MRI_faces_130	 2	 15	 1226.jpg	 6.411902e+00	 24	 999000	 240	 999000	 999	 7.428473e+00	 700.01	 683.34	 56.00	 27	 0.24	 
MRI_faces_130	 2	 15	 2089.jpg	 8.411904e+00	 12	 999000	 120	 999000	 999	 9.428537e+00	 700.01	 683.34	 12.00	 42	 0.70	 
MRI_faces_130	 2	 15	 2181.jpg	 1.341219e+01	 12	 999000	 120	 999000	 999	 1.442861e+01	 700.01	 683.34	 5.00	 53	 0.82	 
MRI_faces_130	 2	 15	 1191.jpg	 1.541200e+01	 12	 999000	 120	 999000	 999	 1.642887e+01	 700.01	 683.34	 7.00	 21	 0.79	 
MRI_faces_130	 2	 15	 2218.jpg	 1.741207e+01	 24	 999000	 240	 999000	 999	 1.842872e+01	 700.01	 683.34	 42.00	 57	 0.37	 
MRI_faces_130	 2	 15	 1216.jpg	 2.141210e+01	 12	 999000	 120	 999000	 999	 2.242882e+01	 700.01	 683.34	 4.00	 26	 0.82	 
MRI_faces_130	 2	 15	 2063.jpg	 2.341215e+01	 11	 9.424573e+02	 110	 7.017525e+02	 98	 2.442881e+01	 716.67	 683.34	 11.00	 41	 0.72	 
MRI_faces_130	 2	 15	 2043.jpg	 2.541233e+01	 12	 999000	 120	 999000	 999	 2.642899e+01	 716.67	 683.34	 13.00	 37	 0.65	 
MRI_faces_130	 2	 15	 2053.jpg	 2.841224e+01	 11	 9.363735e+02	 110	 7.169532e+02	 98	 2.942889e+01	 733.34	 683.34	 14.00	 39	 0.64	 
MRI_faces_130	 2	 15	 1183.jpg	 3.041227e+01	 22	 9.203427e+02	 220	 6.855104e+02	 98	 3.142890e+01	 733.34	 700.01	 48.00	 20	 0.32	 
MRI_faces_130	 2	 15	 2010.jpg	 3.441228e+01	 24	 999000	 240	 999000	 999	 3.542907e+01	 733.34	 700.01	 39.00	 32	 0.42	 
MRI_faces_130	 2	 15	 1146.jpg	 4.041240e+01	 22	 9.052135e+02	 220	 7.002756e+02	 98	 4.142918e+01	 733.34	 716.67	 46.00	 17	 0.33	 
MRI_faces_130	 2	 15	 1114.jpg	 4.341283e+01	 11	 9.548012e+02	 110	 7.335966e+02	 98	 4.442971e+01	 750.01	 716.67	 8.00	 13	 0.78	 
MRI_faces_130	 2	 15	 2212.jpg	 4.541327e+01	 11	 9.823302e+02	 110	 7.503250e+02	 98	 4.643026e+01	 766.67	 716.67	 9.00	 56	 0.76	 
MRI_faces_130	 2	 15	 1202.jpg	 4.741353e+01	 12	 999000	 120	 999000	 999	 4.843034e+01	 766.67	 716.67	 15.00	 23	 0.64	 
MRI_faces_130	 2	 15	 2229.jpg	 4.941252e+01	 24	 999000	 240	 999000	 999	 5.043072e+01	 766.67	 716.67	 50.00	 58	 0.31	 
MRI_faces_130	 2	 15	 1031.jpg	 5.141253e+01	 12	 999000	 120	 999000	 999	 5.243118e+01	 766.67	 716.67	 6.00	 6	 0.81	 
MRI_faces_130	 2	 15	 2118.jpg	 5.441259e+01	 12	 999000	 120	 999000	 999	 5.543164e+01	 766.67	 716.67	 22.00	 46	 0.57	 
MRI_faces_130	 2	 15	 2125.jpg	 5.841266e+01	 12	 999000	 120	 999000	 999	 5.942929e+01	 766.67	 716.67	 20.00	 47	 0.59	 
MRI_faces_130	 2	 15	 2248.jpg	 6.141281e+01	 12	 999000	 120	 999000	 999	 6.242939e+01	 766.67	 716.67	 19.00	 60	 0.60	 
MRI_faces_130	 2	 15	 2039.jpg	 6.541285e+01	 24	 999000	 240	 999000	 999	 6.642947e+01	 766.67	 716.67	 58.00	 35	 0.22	 
MRI_faces_130	 2	 15	 1060.jpg	 7.041285e+01	 24	 999000	 240	 999000	 999	 7.142950e+01	 766.67	 716.67	 44.00	 10	 0.36	 
MRI_faces_130	 2	 15	 1019.jpg	 7.441297e+01	 12	 999000	 120	 999000	 999	 7.542956e+01	 766.67	 716.67	 18.00	 4	 0.61	 
MRI_faces_130	 2	 15	 2112.jpg	 7.741296e+01	 12	 999000	 120	 999000	 999	 7.842959e+01	 766.67	 716.67	 21.00	 45	 0.59	 
MRI_faces_130	 2	 15	 2015.jpg	 7.941300e+01	 11	 1.037611e+03	 1100	 7.669630e+02	 98	 8.042965e+01	 716.67	 716.67	 16.00	 33	 0.64	 
MRI_faces_130	 2	 15	 1262.jpg	 8.141300e+01	 24	 999000	 240	 999000	 999	 8.242973e+01	 716.67	 716.67	 52.00	 30	 0.27	 
MRI_faces_130	 2	 15	 1173.jpg	 8.841311e+01	 24	 999000	 240	 999000	 999	 8.942976e+01	 716.67	 716.67	 55.00	 19	 0.25	 
MRI_faces_130	 2	 15	 1127.jpg	 9.141314e+01	 24	 999000	 240	 999000	 999	 9.242979e+01	 716.67	 716.67	 41.00	 14	 0.38	 
MRI_faces_130	 2	 15	 2149.jpg	 9.341324e+01	 24	 999000	 240	 999000	 999	 9.442991e+01	 716.67	 716.67	 40.00	 49	 0.40	 
MRI_faces_130	 2	 15	 1073.jpg	 9.741333e+01	 24	 999000	 240	 999000	 999	 9.842993e+01	 716.67	 716.67	 57.00	 11	 0.24	 
MRI_faces_130	 2	 15	 2041.jpg	 9.941332e+01	 22	 9.712893e+02	 220	 7.169523e+02	 98	 1.004300e+02	 716.67	 733.34	 49.00	 36	 0.31	 
MRI_faces_130	 2	 15	 1210.jpg	 1.024134e+02	 12	 999000	 120	 999000	 999	 1.034300e+02	 716.67	 733.34	 10.00	 25	 0.72	 
MRI_faces_130	 2	 15	 1080.jpg	 1.044133e+02	 22	 1.059287e+03	 2200	 7.336055e+02	 98	 1.054300e+02	 716.67	 683.34	 43.00	 12	 0.36	 
MRI_faces_130	 2	 15	 1150.jpg	 1.084135e+02	 22	 9.071592e+02	 220	 6.835901e+02	 98	 1.094301e+02	 716.67	 700.01	 51.00	 18	 0.29	 
MRI_faces_130	 2	 15	 2164.jpg	 1.104135e+02	 24	 999000	 240	 999000	 999	 1.114302e+02	 716.67	 700.01	 47.00	 52	 0.33	 
MRI_faces_130	 2	 15	 2110.jpg	 1.144087e+02	 22	 1.022906e+03	 2200	 7.002956e+02	 98	 1.154255e+02	 716.67	 650.01	 54.00	 44	 0.25	 
MRI_faces_130	 2	 15	 2045.jpg	 1.174137e+02	 24	 999000	 240	 999000	 999	 1.184303e+02	 716.67	 650.01	 45.00	 38	 0.33	 
MRI_faces_130	 2	 15	 1035.jpg	 1.194136e+02	 12	 999000	 120	 999000	 999	 1.204303e+02	 716.67	 650.01	 3.00	 7	 0.84	 
MRI_faces_130	 2	 15	 1192.jpg	 1.224137e+02	 24	 999000	 240	 999000	 999	 1.234303e+02	 716.67	 650.01	 53.00	 22	 0.27	 
