subjectID	 order	 runNum	 itemName	 onsetTime	 shuff_trialType	 RT	 respInTime	 AudioTime	 response	 fixationTime	 ladder1	 ladder2	 bidIndex	 itemNameIndex	 bidValue	 
MRI_faces_134	 2	 4	 1060.jpg	 1.242146e+02	 24	 1.096854e+03	 24	 999000	 98	 1.252313e+02	 716.67	 716.67	 40.00	 10	 0.42	 
MRI_faces_134	 2	 4	 1035.jpg	 1.282146e+02	 11	 9.268352e+02	 110	 7.169743e+02	 98	 1.292313e+02	 733.34	 716.67	 14.00	 7	 0.68	 
MRI_faces_134	 2	 4	 1255.jpg	 1.302148e+02	 22	 9.006622e+02	 220	 7.169385e+02	 98	 1.312313e+02	 733.34	 733.34	 49.00	 29	 0.29	 
MRI_faces_134	 2	 4	 1146.jpg	 1.352147e+02	 22	 9.317410e+02	 220	 7.336502e+02	 98	 1.362314e+02	 733.34	 750.00	 46.00	 17	 0.31	 
MRI_faces_134	 2	 4	 1031.jpg	 1.372148e+02	 11	 9.226284e+02	 110	 7.336100e+02	 98	 1.382315e+02	 750.00	 750.00	 11.00	 6	 0.74	 
MRI_faces_134	 2	 4	 2006.jpg	 1.392148e+02	 24	 999000	 240	 999000	 999	 1.402315e+02	 750.00	 750.00	 52.00	 31	 0.22	 
MRI_faces_134	 2	 4	 2043.jpg	 1.432149e+02	 24	 999000	 240	 999000	 999	 1.442315e+02	 750.00	 750.00	 39.00	 37	 0.43	 
MRI_faces_134	 2	 4	 2181.jpg	 1.452149e+02	 12	 999000	 120	 999000	 999	 1.462316e+02	 750.00	 750.00	 19.00	 53	 0.62	 
MRI_faces_134	 2	 4	 1246.jpg	 1.472150e+02	 12	 999000	 120	 999000	 999	 1.482317e+02	 750.00	 750.00	 21.00	 28	 0.59	 
MRI_faces_134	 2	 4	 2194.jpg	 1.502149e+02	 24	 999000	 240	 999000	 999	 1.512316e+02	 750.00	 750.00	 57.00	 54	 0.13	 
MRI_faces_134	 2	 4	 2045.jpg	 1.522150e+02	 24	 999000	 240	 999000	 999	 1.532317e+02	 750.00	 750.00	 50.00	 38	 0.27	 
MRI_faces_134	 2	 4	 2125.jpg	 1.562151e+02	 12	 999000	 120	 999000	 999	 1.572321e+02	 750.00	 750.00	 22.00	 47	 0.59	 
MRI_faces_134	 2	 4	 1017.jpg	 1.622163e+02	 12	 999000	 120	 999000	 999	 1.632330e+02	 750.00	 750.00	 7.00	 3	 0.81	 
MRI_faces_134	 2	 4	 2212.jpg	 1.652168e+02	 12	 999000	 120	 999000	 999	 1.662335e+02	 750.00	 750.00	 20.00	 56	 0.61	 
MRI_faces_134	 2	 4	 2164.jpg	 1.672172e+02	 22	 1.232261e+03	 2200	 7.503378e+02	 98	 1.682340e+02	 750.00	 700.00	 48.00	 52	 0.31	 
MRI_faces_134	 2	 4	 1127.jpg	 1.692175e+02	 24	 999000	 240	 999000	 999	 1.702344e+02	 750.00	 700.00	 42.00	 14	 0.39	 
MRI_faces_134	 2	 4	 2118.jpg	 1.712178e+02	 12	 999000	 120	 999000	 999	 1.722347e+02	 750.00	 700.00	 4.00	 46	 0.87	 
MRI_faces_134	 2	 4	 2128.jpg	 1.732182e+02	 24	 999000	 240	 999000	 999	 1.742352e+02	 750.00	 700.00	 44.00	 48	 0.39	 
MRI_faces_134	 2	 4	 1150.jpg	 1.762187e+02	 22	 9.307755e+02	 220	 7.003049e+02	 98	 1.772356e+02	 750.00	 716.67	 51.00	 18	 0.23	 
MRI_faces_134	 2	 4	 2248.jpg	 1.802154e+02	 12	 999000	 120	 999000	 999	 1.812321e+02	 750.00	 716.67	 18.00	 60	 0.63	 
MRI_faces_134	 2	 4	 2041.jpg	 1.832154e+02	 12	 999000	 120	 999000	 999	 1.842321e+02	 750.00	 716.67	 6.00	 36	 0.82	 
MRI_faces_134	 2	 4	 1226.jpg	 1.872157e+02	 11	 9.257312e+02	 110	 7.502749e+02	 98	 1.882321e+02	 766.67	 716.67	 16.00	 27	 0.66	 
MRI_faces_134	 2	 4	 2039.jpg	 1.922156e+02	 12	 999000	 120	 999000	 999	 1.932323e+02	 766.67	 716.67	 5.00	 35	 0.84	 
MRI_faces_134	 2	 4	 2010.jpg	 1.962157e+02	 12	 999000	 120	 999000	 999	 1.972324e+02	 766.67	 716.67	 10.00	 32	 0.76	 
MRI_faces_134	 2	 4	 2089.jpg	 1.992157e+02	 11	 1.053723e+03	 1100	 7.669275e+02	 98	 2.002323e+02	 716.67	 716.67	 9.00	 42	 0.77	 
MRI_faces_134	 2	 4	 2015.jpg	 2.012158e+02	 22	 9.076665e+02	 220	 7.169799e+02	 98	 2.022324e+02	 716.67	 733.34	 43.00	 33	 0.39	 
MRI_faces_134	 2	 4	 1027.jpg	 2.032158e+02	 24	 999000	 240	 999000	 999	 2.042325e+02	 716.67	 733.34	 58.00	 5	 0.12	 
MRI_faces_134	 2	 4	 2153.jpg	 2.102158e+02	 11	 1.082645e+03	 1100	 7.169424e+02	 98	 2.112325e+02	 666.67	 733.34	 17.00	 50	 0.66	 
MRI_faces_134	 2	 4	 1262.jpg	 2.132160e+02	 24	 999000	 240	 999000	 999	 2.142326e+02	 666.67	 733.34	 53.00	 30	 0.19	 
MRI_faces_134	 2	 4	 1191.jpg	 2.152161e+02	 12	 999000	 120	 999000	 999	 2.162326e+02	 666.67	 733.34	 3.00	 21	 0.88	 
MRI_faces_134	 2	 4	 1073.jpg	 2.192161e+02	 12	 999000	 120	 999000	 999	 2.202327e+02	 666.67	 733.34	 15.00	 11	 0.68	 
MRI_faces_134	 2	 4	 2110.jpg	 2.212160e+02	 24	 999000	 240	 999000	 999	 2.222327e+02	 666.67	 733.34	 55.00	 44	 0.17	 
MRI_faces_134	 2	 4	 1204.jpg	 2.242160e+02	 22	 1.122416e+03	 2200	 7.336047e+02	 98	 2.252328e+02	 666.67	 683.34	 54.00	 24	 0.18	 
MRI_faces_134	 2	 4	 1052.jpg	 2.262162e+02	 24	 999000	 240	 999000	 999	 2.272328e+02	 666.67	 683.34	 45.00	 9	 0.32	 
MRI_faces_134	 2	 4	 2240.jpg	 2.302162e+02	 24	 999000	 240	 999000	 999	 2.312328e+02	 666.67	 683.34	 47.00	 59	 0.31	 
MRI_faces_134	 2	 4	 1007.jpg	 2.322162e+02	 11	 8.692243e+02	 110	 6.670279e+02	 98	 2.332329e+02	 683.34	 683.34	 8.00	 1	 0.77	 
MRI_faces_134	 2	 4	 1173.jpg	 2.362163e+02	 12	 999000	 120	 999000	 999	 2.372329e+02	 683.34	 683.34	 13.00	 19	 0.69	 
MRI_faces_134	 2	 4	 2218.jpg	 2.392163e+02	 12	 999000	 120	 999000	 999	 2.402330e+02	 683.34	 683.34	 12.00	 57	 0.70	 
MRI_faces_134	 2	 4	 1013.jpg	 2.412164e+02	 24	 999000	 240	 999000	 999	 2.422332e+02	 683.34	 683.34	 41.00	 2	 0.42	 
MRI_faces_134	 2	 4	 1080.jpg	 2.442164e+02	 24	 999000	 240	 999000	 999	 2.452330e+02	 683.34	 683.34	 56.00	 12	 0.14	 
