subjectID	 order	 runNum	 itemName	 onsetTime	 shuff_trialType	 RT	 respInTime	 AudioTime	 response	 fixationTime	 ladder1	 ladder2	 bidIndex	 itemNameIndex	 bidValue	 
MRI_faces_148	 2	 16	 1035.jpg	 1.242673e+02	 12	 999000	 120	 999000	 999	 1.252841e+02	 783.33	 716.66	 7.00	 7	 0.82	 
MRI_faces_148	 2	 16	 1073.jpg	 1.282595e+02	 12	 999000	 120	 999000	 999	 1.292761e+02	 783.33	 716.66	 21.00	 11	 0.59	 
MRI_faces_148	 2	 16	 1226.jpg	 1.302595e+02	 24	 999000	 240	 999000	 999	 1.312764e+02	 783.33	 716.66	 58.00	 27	 0.06	 
MRI_faces_148	 2	 16	 1050.jpg	 1.352596e+02	 11	 1.017730e+03	 1100	 7.836329e+02	 98	 1.362762e+02	 733.33	 716.66	 17.00	 8	 0.71	 
MRI_faces_148	 2	 16	 1146.jpg	 1.372598e+02	 24	 999000	 240	 999000	 999	 1.382763e+02	 733.33	 716.66	 40.00	 17	 0.35	 
MRI_faces_148	 2	 16	 2181.jpg	 1.392595e+02	 12	 999000	 120	 999000	 999	 1.402763e+02	 733.33	 716.66	 6.00	 53	 0.84	 
MRI_faces_148	 2	 16	 2164.jpg	 1.432597e+02	 24	 999000	 240	 999000	 999	 1.442763e+02	 733.33	 716.66	 44.00	 52	 0.30	 
MRI_faces_148	 2	 16	 2212.jpg	 1.452597e+02	 11	 8.886205e+02	 110	 7.335926e+02	 98	 1.462763e+02	 750.00	 716.66	 14.00	 56	 0.74	 
MRI_faces_148	 2	 16	 2041.jpg	 1.472598e+02	 24	 999000	 240	 999000	 999	 1.482764e+02	 750.00	 716.66	 50.00	 36	 0.24	 
MRI_faces_148	 2	 16	 2240.jpg	 1.502598e+02	 22	 9.135595e+02	 220	 7.169659e+02	 98	 1.512764e+02	 750.00	 733.33	 49.00	 59	 0.25	 
MRI_faces_148	 2	 16	 2112.jpg	 1.522597e+02	 11	 9.546265e+02	 110	 7.503061e+02	 98	 1.532764e+02	 766.66	 733.33	 8.00	 45	 0.82	 
MRI_faces_148	 2	 16	 1246.jpg	 1.562599e+02	 24	 999000	 240	 999000	 999	 1.572765e+02	 766.66	 733.33	 42.00	 28	 0.33	 
MRI_faces_148	 2	 16	 2089.jpg	 1.622600e+02	 12	 999000	 120	 999000	 999	 1.632765e+02	 766.66	 733.33	 19.00	 42	 0.68	 
MRI_faces_148	 2	 16	 1031.jpg	 1.652600e+02	 12	 999000	 120	 999000	 999	 1.662767e+02	 766.66	 733.33	 13.00	 6	 0.76	 
MRI_faces_148	 2	 16	 2024.jpg	 1.672600e+02	 22	 9.363649e+02	 220	 7.336071e+02	 98	 1.682767e+02	 766.66	 749.99	 43.00	 34	 0.32	 
MRI_faces_148	 2	 16	 1150.jpg	 1.692600e+02	 22	 9.383436e+02	 220	 7.502452e+02	 98	 1.702766e+02	 766.66	 766.66	 48.00	 18	 0.27	 
MRI_faces_148	 2	 16	 2045.jpg	 1.712601e+02	 12	 999000	 120	 999000	 999	 1.722768e+02	 766.66	 766.66	 5.00	 38	 0.84	 
MRI_faces_148	 2	 16	 1204.jpg	 1.732601e+02	 24	 999000	 240	 999000	 999	 1.742767e+02	 766.66	 766.66	 52.00	 24	 0.24	 
MRI_faces_148	 2	 16	 1183.jpg	 1.762601e+02	 24	 999000	 240	 999000	 999	 1.772768e+02	 766.66	 766.66	 53.00	 20	 0.24	 
MRI_faces_148	 2	 16	 2149.jpg	 1.802605e+02	 24	 999000	 240	 999000	 999	 1.812774e+02	 766.66	 766.66	 41.00	 49	 0.34	 
MRI_faces_148	 2	 16	 2194.jpg	 1.832610e+02	 24	 999000	 240	 999000	 999	 1.842778e+02	 766.66	 766.66	 56.00	 54	 0.18	 
MRI_faces_148	 2	 16	 2043.jpg	 1.872617e+02	 12	 999000	 120	 999000	 999	 1.882785e+02	 766.66	 766.66	 22.00	 37	 0.58	 
MRI_faces_148	 2	 16	 2218.jpg	 1.922625e+02	 24	 999000	 240	 999000	 999	 1.932794e+02	 766.66	 766.66	 55.00	 57	 0.19	 
MRI_faces_148	 2	 16	 2153.jpg	 1.962633e+02	 11	 9.550548e+02	 110	 7.669523e+02	 98	 1.972801e+02	 783.33	 766.66	 11.00	 50	 0.79	 
MRI_faces_148	 2	 16	 2118.jpg	 1.992638e+02	 11	 1.006611e+03	 1100	 7.836028e+02	 98	 2.002825e+02	 733.33	 766.66	 16.00	 46	 0.72	 
MRI_faces_148	 2	 16	 2128.jpg	 2.012642e+02	 24	 999000	 240	 999000	 999	 2.022810e+02	 733.33	 766.66	 47.00	 48	 0.27	 
MRI_faces_148	 2	 16	 1027.jpg	 2.032645e+02	 12	 999000	 120	 999000	 999	 2.042813e+02	 733.33	 766.66	 18.00	 5	 0.69	 
MRI_faces_148	 2	 16	 2006.jpg	 2.102607e+02	 12	 999000	 120	 999000	 999	 2.112773e+02	 733.33	 766.66	 10.00	 31	 0.81	 
MRI_faces_148	 2	 16	 2058.jpg	 2.132608e+02	 22	 1.018552e+03	 2200	 7.669818e+02	 98	 2.142774e+02	 733.33	 716.66	 54.00	 40	 0.22	 
MRI_faces_148	 2	 16	 2125.jpg	 2.152607e+02	 12	 999000	 120	 999000	 999	 2.162773e+02	 733.33	 716.66	 4.00	 47	 0.87	 
MRI_faces_148	 2	 16	 1080.jpg	 2.192608e+02	 12	 999000	 120	 999000	 999	 2.202774e+02	 733.33	 716.66	 15.00	 12	 0.73	 
MRI_faces_148	 2	 16	 2155.jpg	 2.212609e+02	 22	 9.184297e+02	 220	 7.169213e+02	 98	 2.222775e+02	 733.33	 733.33	 46.00	 51	 0.28	 
MRI_faces_148	 2	 16	 2063.jpg	 2.242609e+02	 12	 999000	 120	 999000	 999	 2.252776e+02	 733.33	 733.33	 20.00	 41	 0.63	 
MRI_faces_148	 2	 16	 1173.jpg	 2.262609e+02	 22	 9.423802e+02	 220	 7.336315e+02	 98	 2.272776e+02	 733.33	 749.99	 51.00	 19	 0.24	 
MRI_faces_148	 2	 16	 1262.jpg	 2.302610e+02	 11	 9.413443e+02	 110	 7.336176e+02	 98	 2.312776e+02	 750.00	 749.99	 9.00	 30	 0.81	 
MRI_faces_148	 2	 16	 2010.jpg	 2.322610e+02	 24	 999000	 240	 999000	 999	 2.332776e+02	 750.00	 749.99	 39.00	 32	 0.40	 
MRI_faces_148	 2	 16	 1127.jpg	 2.362612e+02	 24	 999000	 240	 999000	 999	 2.372777e+02	 750.00	 749.99	 57.00	 14	 0.15	 
MRI_faces_148	 2	 16	 2039.jpg	 2.392611e+02	 12	 999000	 120	 999000	 999	 2.402777e+02	 750.00	 749.99	 3.00	 35	 0.88	 
MRI_faces_148	 2	 16	 2229.jpg	 2.412611e+02	 12	 999000	 120	 999000	 999	 2.422777e+02	 750.00	 749.99	 12.00	 58	 0.76	 
MRI_faces_148	 2	 16	 1210.jpg	 2.442612e+02	 24	 999000	 240	 999000	 999	 2.452778e+02	 750.00	 749.99	 45.00	 25	 0.30	 
