subjectID	 order	 runNum	 itemName	 onsetTime	 shuff_trialType	 RT	 respInTime	 AudioTime	 response	 fixationTime	 ladder1	 ladder2	 bidIndex	 itemNameIndex	 bidValue	 
MRI_faces_110	 2	 11	 2041.jpg	 2.392477e+00	 22	 9.456637e+02	 220	 7.524598e+02	 98	 3.413993e+00	 683.33	 766.67	 51.00	 36	 0.31	 
MRI_faces_110	 2	 11	 1145.jpg	 6.379447e+00	 12	 999000	 120	 999000	 999	 7.396216e+00	 683.33	 766.67	 7.00	 16	 0.79	 
MRI_faces_110	 2	 11	 1146.jpg	 8.379503e+00	 22	 1.017632e+03	 2200	 7.683115e+02	 98	 9.396162e+00	 683.33	 716.67	 48.00	 17	 0.35	 
MRI_faces_110	 2	 11	 1060.jpg	 1.337958e+01	 12	 999000	 120	 999000	 999	 1.439621e+01	 683.33	 716.67	 13.00	 10	 0.73	 
MRI_faces_110	 2	 11	 1150.jpg	 1.537961e+01	 24	 999000	 240	 999000	 999	 1.639634e+01	 683.33	 716.67	 55.00	 18	 0.18	 
MRI_faces_110	 2	 11	 2181.jpg	 1.737988e+01	 12	 999000	 120	 999000	 999	 1.839633e+01	 683.33	 716.67	 15.00	 53	 0.72	 
MRI_faces_110	 2	 11	 2110.jpg	 2.137943e+01	 24	 999000	 240	 999000	 999	 2.239647e+01	 683.33	 716.67	 58.00	 44	 0.09	 
MRI_faces_110	 2	 11	 2024.jpg	 2.337973e+01	 24	 999000	 240	 999000	 999	 2.439650e+01	 683.33	 716.67	 40.00	 34	 0.39	 
MRI_faces_110	 2	 11	 2229.jpg	 2.537978e+01	 12	 999000	 120	 999000	 999	 2.639642e+01	 683.33	 716.67	 22.00	 58	 0.57	 
MRI_faces_110	 2	 11	 2149.jpg	 2.837995e+01	 24	 999000	 240	 999000	 999	 2.939676e+01	 683.33	 716.67	 53.00	 49	 0.25	 
MRI_faces_110	 2	 11	 2045.jpg	 3.038028e+01	 22	 9.048566e+02	 220	 7.169218e+02	 98	 3.139716e+01	 683.33	 733.33	 46.00	 38	 0.36	 
MRI_faces_110	 2	 11	 2209.jpg	 3.438106e+01	 11	 9.150763e+02	 110	 6.856180e+02	 98	 3.539776e+01	 700.00	 733.33	 8.00	 55	 0.77	 
MRI_faces_110	 2	 11	 1031.jpg	 4.038207e+01	 11	 9.190639e+02	 110	 7.003175e+02	 98	 4.139886e+01	 716.66	 733.33	 9.00	 6	 0.75	 
MRI_faces_110	 2	 11	 2063.jpg	 4.338235e+01	 11	 9.067940e+02	 110	 7.170152e+02	 98	 4.439937e+01	 733.33	 733.33	 17.00	 41	 0.61	 
MRI_faces_110	 2	 11	 1035.jpg	 4.538293e+01	 12	 999000	 120	 999000	 999	 4.639971e+01	 733.33	 733.33	 10.00	 7	 0.74	 
MRI_faces_110	 2	 11	 2248.jpg	 4.738328e+01	 12	 999000	 120	 999000	 999	 4.840012e+01	 733.33	 733.33	 4.00	 60	 0.82	 
MRI_faces_110	 2	 11	 1019.jpg	 4.938357e+01	 24	 999000	 240	 999000	 999	 5.040046e+01	 733.33	 733.33	 45.00	 4	 0.36	 
MRI_faces_110	 2	 11	 1114.jpg	 5.138405e+01	 12	 999000	 120	 999000	 999	 5.240072e+01	 733.33	 733.33	 6.00	 13	 0.81	 
MRI_faces_110	 2	 11	 1130.jpg	 5.438456e+01	 24	 999000	 240	 999000	 999	 5.540124e+01	 733.33	 733.33	 39.00	 15	 0.40	 
MRI_faces_110	 2	 11	 1226.jpg	 5.838514e+01	 22	 9.380044e+02	 220	 7.336074e+02	 98	 5.940205e+01	 733.33	 750.00	 49.00	 27	 0.34	 
MRI_faces_110	 2	 11	 1073.jpg	 6.138571e+01	 24	 999000	 240	 999000	 999	 6.240249e+01	 733.33	 750.00	 56.00	 11	 0.18	 
MRI_faces_110	 2	 11	 1204.jpg	 6.538641e+01	 24	 999000	 240	 999000	 999	 6.640321e+01	 733.33	 750.00	 50.00	 24	 0.31	 
MRI_faces_110	 2	 11	 2039.jpg	 7.038729e+01	 24	 999000	 240	 999000	 999	 7.140408e+01	 733.33	 750.00	 42.00	 35	 0.38	 
MRI_faces_110	 2	 11	 2218.jpg	 7.438802e+01	 11	 9.001291e+02	 110	 7.336098e+02	 98	 7.540482e+01	 750.00	 750.00	 14.00	 57	 0.72	 
MRI_faces_110	 2	 11	 2118.jpg	 7.738852e+01	 12	 999000	 120	 999000	 999	 7.840529e+01	 750.00	 750.00	 19.00	 46	 0.58	 
MRI_faces_110	 2	 11	 2053.jpg	 7.938879e+01	 12	 999000	 120	 999000	 999	 8.040571e+01	 750.00	 750.00	 20.00	 39	 0.58	 
MRI_faces_110	 2	 11	 2006.jpg	 8.138921e+01	 24	 999000	 240	 999000	 999	 8.240599e+01	 750.00	 750.00	 41.00	 31	 0.39	 
MRI_faces_110	 2	 11	 1017.jpg	 8.838068e+01	 11	 1.017450e+03	 1100	 7.502654e+02	 98	 8.939736e+01	 700.00	 750.00	 11.00	 3	 0.74	 
MRI_faces_110	 2	 11	 2153.jpg	 9.138072e+01	 22	 9.514132e+02	 220	 7.502726e+02	 98	 9.239741e+01	 700.00	 766.67	 54.00	 50	 0.22	 
MRI_faces_110	 2	 11	 1050.jpg	 9.338083e+01	 12	 999000	 120	 999000	 999	 9.439742e+01	 700.00	 766.67	 12.00	 8	 0.74	 
MRI_faces_110	 2	 11	 1183.jpg	 9.738081e+01	 11	 8.873228e+02	 110	 7.003780e+02	 98	 9.839742e+01	 716.66	 766.67	 16.00	 20	 0.61	 
MRI_faces_110	 2	 11	 1173.jpg	 9.938085e+01	 24	 999000	 240	 999000	 999	 1.003976e+02	 716.66	 766.67	 47.00	 19	 0.36	 
MRI_faces_110	 2	 11	 2128.jpg	 1.023809e+02	 24	 999000	 240	 999000	 999	 1.033975e+02	 716.66	 766.67	 52.00	 48	 0.28	 
MRI_faces_110	 2	 11	 2010.jpg	 1.043810e+02	 12	 999000	 120	 999000	 999	 1.053976e+02	 716.66	 766.67	 5.00	 32	 0.81	 
MRI_faces_110	 2	 11	 1052.jpg	 1.083809e+02	 22	 9.272223e+02	 220	 7.669384e+02	 98	 1.093976e+02	 716.66	 783.33	 43.00	 9	 0.37	 
MRI_faces_110	 2	 11	 2015.jpg	 1.103810e+02	 12	 999000	 120	 999000	 999	 1.113977e+02	 716.66	 783.33	 21.00	 33	 0.58	 
MRI_faces_110	 2	 11	 2112.jpg	 1.143811e+02	 12	 999000	 120	 999000	 999	 1.153977e+02	 716.66	 783.33	 3.00	 45	 0.82	 
MRI_faces_110	 2	 11	 2125.jpg	 1.173811e+02	 12	 999000	 120	 999000	 999	 1.183978e+02	 716.66	 783.33	 18.00	 47	 0.61	 
MRI_faces_110	 2	 11	 2240.jpg	 1.193812e+02	 24	 999000	 240	 999000	 999	 1.203979e+02	 716.66	 783.33	 44.00	 59	 0.36	 
MRI_faces_110	 2	 11	 2155.jpg	 1.223812e+02	 24	 999000	 240	 999000	 999	 1.233978e+02	 716.66	 783.33	 57.00	 51	 0.16	 
