subjectID	 order	 runNum	 itemName	 onsetTime	 shuff_trialType	 RT	 respInTime	 AudioTime	 response	 fixationTime	 ladder1	 ladder2	 bidIndex	 itemNameIndex	 bidValue	 
MRI_faces_139	 1	 16	 2110.jpg	 1.242296e+02	 12	 999000	 120	 999000	 999	 1.252460e+02	 849.99	 716.67	 21.00	 44	 0.64	 
MRI_faces_139	 1	 16	 1060.jpg	 1.292192e+02	 24	 999000	 240	 999000	 999	 1.302360e+02	 849.99	 716.67	 41.00	 10	 0.32	 
MRI_faces_139	 1	 16	 2125.jpg	 1.312196e+02	 12	 999000	 120	 999000	 999	 1.322366e+02	 849.99	 716.67	 16.00	 47	 0.69	 
MRI_faces_139	 1	 16	 2164.jpg	 1.342202e+02	 22	 9.074564e+02	 220	 7.169727e+02	 98	 1.352369e+02	 849.99	 733.34	 52.00	 52	 0.24	 
MRI_faces_139	 1	 16	 2209.jpg	 1.372206e+02	 11	 1.022124e+03	 1100	 8.503174e+02	 98	 1.382631e+02	 799.99	 733.34	 7.00	 55	 0.82	 
MRI_faces_139	 1	 16	 2194.jpg	 1.442220e+02	 24	 999000	 240	 999000	 999	 1.452387e+02	 799.99	 733.34	 58.00	 54	 0.16	 
MRI_faces_139	 1	 16	 2043.jpg	 1.462222e+02	 24	 999000	 240	 999000	 999	 1.472390e+02	 799.99	 733.34	 56.00	 37	 0.17	 
MRI_faces_139	 1	 16	 2153.jpg	 1.502230e+02	 12	 999000	 120	 999000	 999	 1.512398e+02	 799.99	 733.34	 4.00	 50	 0.84	 
MRI_faces_139	 1	 16	 1262.jpg	 1.522234e+02	 12	 999000	 120	 999000	 999	 1.532402e+02	 799.99	 733.34	 19.00	 30	 0.67	 
MRI_faces_139	 1	 16	 2006.jpg	 1.572242e+02	 12	 999000	 120	 999000	 999	 1.582409e+02	 799.99	 733.34	 5.00	 31	 0.83	 
MRI_faces_139	 1	 16	 1173.jpg	 1.612249e+02	 24	 999000	 240	 999000	 999	 1.622417e+02	 799.99	 733.34	 48.00	 19	 0.28	 
MRI_faces_139	 1	 16	 2181.jpg	 1.632252e+02	 24	 999000	 240	 999000	 999	 1.642420e+02	 799.99	 733.34	 51.00	 53	 0.25	 
MRI_faces_139	 1	 16	 1130.jpg	 1.662257e+02	 22	 9.318770e+02	 220	 7.335983e+02	 98	 1.672426e+02	 799.99	 750.00	 53.00	 15	 0.21	 
MRI_faces_139	 1	 16	 2024.jpg	 1.692263e+02	 24	 999000	 240	 999000	 999	 1.702431e+02	 799.99	 750.00	 46.00	 34	 0.30	 
MRI_faces_139	 1	 16	 2240.jpg	 1.732270e+02	 12	 999000	 120	 999000	 999	 1.742438e+02	 799.99	 750.00	 8.00	 59	 0.80	 
MRI_faces_139	 1	 16	 1210.jpg	 1.772276e+02	 12	 999000	 120	 999000	 999	 1.782445e+02	 799.99	 750.00	 22.00	 25	 0.63	 
MRI_faces_139	 1	 16	 1073.jpg	 1.812284e+02	 11	 9.422130e+02	 110	 8.002874e+02	 98	 1.822470e+02	 816.66	 750.00	 13.00	 11	 0.70	 
MRI_faces_139	 1	 16	 2053.jpg	 1.842289e+02	 12	 999000	 120	 999000	 999	 1.852471e+02	 816.66	 750.00	 20.00	 39	 0.65	 
MRI_faces_139	 1	 16	 2229.jpg	 1.872139e+02	 24	 999000	 240	 999000	 999	 1.882305e+02	 816.66	 750.00	 40.00	 58	 0.34	 
MRI_faces_139	 1	 16	 1027.jpg	 1.902136e+02	 24	 999000	 240	 999000	 999	 1.912305e+02	 816.66	 750.00	 39.00	 5	 0.36	 
MRI_faces_139	 1	 16	 1146.jpg	 1.922139e+02	 11	 8.837037e+02	 110	 8.169474e+02	 98	 1.932306e+02	 833.32	 750.00	 15.00	 17	 0.69	 
MRI_faces_139	 1	 16	 2058.jpg	 1.952140e+02	 24	 999000	 240	 999000	 999	 1.962310e+02	 833.32	 750.00	 55.00	 40	 0.19	 
MRI_faces_139	 1	 16	 1226.jpg	 1.972146e+02	 12	 999000	 120	 999000	 999	 1.982313e+02	 833.32	 750.00	 17.00	 27	 0.68	 
MRI_faces_139	 1	 16	 2118.jpg	 1.992149e+02	 12	 999000	 120	 999000	 999	 2.002316e+02	 833.32	 750.00	 3.00	 46	 0.88	 
MRI_faces_139	 1	 16	 2039.jpg	 2.012153e+02	 22	 9.743555e+02	 220	 7.502853e+02	 98	 2.022323e+02	 833.32	 766.67	 47.00	 35	 0.29	 
MRI_faces_139	 1	 16	 1255.jpg	 2.042157e+02	 12	 999000	 120	 999000	 999	 2.052326e+02	 833.32	 766.67	 6.00	 29	 0.83	 
MRI_faces_139	 1	 16	 1050.jpg	 2.082165e+02	 24	 999000	 240	 999000	 999	 2.092332e+02	 833.32	 766.67	 42.00	 8	 0.32	 
MRI_faces_139	 1	 16	 1204.jpg	 2.102168e+02	 22	 8.938428e+02	 220	 7.669429e+02	 98	 2.112336e+02	 833.32	 783.34	 50.00	 24	 0.25	 
MRI_faces_139	 1	 16	 2128.jpg	 2.122172e+02	 12	 999000	 120	 999000	 999	 2.132340e+02	 833.32	 783.34	 9.00	 48	 0.79	 
MRI_faces_139	 1	 16	 1017.jpg	 2.162179e+02	 11	 9.796953e+02	 110	 8.335932e+02	 98	 2.172476e+02	 849.99	 783.34	 10.00	 3	 0.77	 
MRI_faces_139	 1	 16	 1007.jpg	 2.182182e+02	 22	 9.074202e+02	 220	 7.836265e+02	 98	 2.192351e+02	 849.99	 800.00	 45.00	 1	 0.31	 
MRI_faces_139	 1	 16	 2089.jpg	 2.202186e+02	 11	 8.089875e+02	 11	 8.502739e+02	 98	 2.212644e+02	 866.66	 800.00	 18.00	 42	 0.68	 
MRI_faces_139	 1	 16	 2063.jpg	 2.242193e+02	 12	 999000	 120	 999000	 999	 2.252361e+02	 866.66	 800.00	 14.00	 41	 0.69	 
MRI_faces_139	 1	 16	 2094.jpg	 2.282199e+02	 12	 999000	 120	 999000	 999	 2.292368e+02	 866.66	 800.00	 11.00	 43	 0.72	 
MRI_faces_139	 1	 16	 2045.jpg	 2.302203e+02	 11	 9.822967e+02	 110	 8.669581e+02	 98	 2.312871e+02	 883.32	 800.00	 12.00	 38	 0.72	 
MRI_faces_139	 1	 16	 1246.jpg	 2.322206e+02	 24	 999000	 240	 999000	 999	 2.332374e+02	 883.32	 800.00	 57.00	 28	 0.17	 
MRI_faces_139	 1	 16	 1191.jpg	 2.342210e+02	 22	 8.965994e+02	 220	 8.003826e+02	 98	 2.352379e+02	 883.32	 816.67	 44.00	 21	 0.31	 
MRI_faces_139	 1	 16	 2155.jpg	 2.362214e+02	 24	 999000	 240	 999000	 999	 2.372382e+02	 883.32	 816.67	 54.00	 51	 0.21	 
MRI_faces_139	 1	 16	 2149.jpg	 2.422225e+02	 24	 999000	 240	 999000	 999	 2.432393e+02	 883.32	 816.67	 49.00	 49	 0.26	 
MRI_faces_139	 1	 16	 1216.jpg	 2.442227e+02	 24	 999000	 240	 999000	 999	 2.452396e+02	 883.32	 816.67	 43.00	 26	 0.32	 
