subjectID	 order	 runNum	 itemName	 onsetTime	 shuff_trialType	 RT	 respInTime	 AudioTime	 response	 fixationTime	 ladder1	 ladder2	 bidIndex	 itemNameIndex	 bidValue	 
MRI_faces_143	 1	 8	 2089.jpg	 1.240962e+02	 12	 999000	 120	 999000	 999	 1.251130e+02	 783.34	 783.32	 22.00	 42	 0.56	 
MRI_faces_143	 1	 8	 1255.jpg	 1.270951e+02	 12	 999000	 120	 999000	 999	 1.281136e+02	 783.34	 783.32	 19.00	 29	 0.64	 
MRI_faces_143	 1	 8	 2125.jpg	 1.310952e+02	 11	 1.033648e+03	 1100	 7.836618e+02	 98	 1.321119e+02	 733.34	 783.32	 12.00	 47	 0.75	 
MRI_faces_143	 1	 8	 1073.jpg	 1.340953e+02	 11	 9.695860e+02	 110	 7.336358e+02	 98	 1.351120e+02	 750.01	 783.32	 10.00	 11	 0.79	 
MRI_faces_143	 1	 8	 1035.jpg	 1.380953e+02	 12	 999000	 120	 999000	 999	 1.391120e+02	 750.01	 783.32	 3.00	 7	 0.88	 
MRI_faces_143	 1	 8	 1226.jpg	 1.410954e+02	 22	 9.574259e+02	 220	 7.836121e+02	 98	 1.421121e+02	 750.01	 799.99	 53.00	 27	 0.27	 
MRI_faces_143	 1	 8	 1127.jpg	 1.430954e+02	 24	 999000	 240	 999000	 999	 1.441121e+02	 750.01	 799.99	 49.00	 14	 0.30	 
MRI_faces_143	 1	 8	 1050.jpg	 1.461001e+02	 12	 999000	 120	 999000	 999	 1.471169e+02	 750.01	 799.99	 17.00	 8	 0.66	 
MRI_faces_143	 1	 8	 2058.jpg	 1.490954e+02	 24	 999000	 240	 999000	 999	 1.501122e+02	 750.01	 799.99	 57.00	 40	 0.14	 
MRI_faces_143	 1	 8	 2118.jpg	 1.540955e+02	 11	 9.632926e+02	 110	 7.503103e+02	 98	 1.551122e+02	 766.67	 799.99	 13.00	 46	 0.73	 
MRI_faces_143	 1	 8	 1210.jpg	 1.560957e+02	 24	 999000	 240	 999000	 999	 1.571123e+02	 766.67	 799.99	 46.00	 25	 0.33	 
MRI_faces_143	 1	 8	 2218.jpg	 1.580956e+02	 24	 999000	 240	 999000	 999	 1.591123e+02	 766.67	 799.99	 39.00	 57	 0.39	 
MRI_faces_143	 1	 8	 2063.jpg	 1.620957e+02	 11	 1.031112e+03	 1100	 7.669867e+02	 98	 1.631123e+02	 716.67	 799.99	 18.00	 41	 0.64	 
MRI_faces_143	 1	 8	 1031.jpg	 1.690957e+02	 11	 1.050103e+03	 1100	 7.169726e+02	 98	 1.701124e+02	 666.67	 799.99	 7.00	 6	 0.82	 
MRI_faces_143	 1	 8	 1191.jpg	 1.710958e+02	 12	 999000	 120	 999000	 999	 1.721124e+02	 666.67	 799.99	 6.00	 21	 0.83	 
MRI_faces_143	 1	 8	 2181.jpg	 1.730959e+02	 24	 999000	 240	 999000	 999	 1.741125e+02	 666.67	 799.99	 41.00	 53	 0.38	 
MRI_faces_143	 1	 8	 2153.jpg	 1.750885e+02	 12	 999000	 120	 999000	 999	 1.761053e+02	 666.67	 799.99	 20.00	 50	 0.62	 
MRI_faces_143	 1	 8	 1246.jpg	 1.770959e+02	 24	 999000	 240	 999000	 999	 1.781126e+02	 666.67	 799.99	 51.00	 28	 0.28	 
MRI_faces_143	 1	 8	 2155.jpg	 1.790959e+02	 24	 999000	 240	 999000	 999	 1.801125e+02	 666.67	 799.99	 55.00	 51	 0.18	 
MRI_faces_143	 1	 8	 1204.jpg	 1.820960e+02	 24	 999000	 240	 999000	 999	 1.831127e+02	 666.67	 799.99	 54.00	 24	 0.25	 
MRI_faces_143	 1	 8	 1146.jpg	 1.840960e+02	 24	 999000	 240	 999000	 999	 1.851126e+02	 666.67	 799.99	 43.00	 17	 0.36	 
MRI_faces_143	 1	 8	 1262.jpg	 1.860960e+02	 24	 999000	 240	 999000	 999	 1.871127e+02	 666.67	 799.99	 48.00	 30	 0.31	 
MRI_faces_143	 1	 8	 2015.jpg	 1.900912e+02	 11	 9.156814e+02	 110	 6.669638e+02	 98	 1.911079e+02	 683.34	 799.99	 15.00	 33	 0.69	 
MRI_faces_143	 1	 8	 2164.jpg	 1.940961e+02	 22	 9.737501e+02	 220	 8.002619e+02	 98	 1.951128e+02	 683.34	 816.65	 50.00	 52	 0.29	 
MRI_faces_143	 1	 8	 1150.jpg	 2.000962e+02	 24	 999000	 240	 999000	 999	 2.011129e+02	 683.34	 816.65	 40.00	 18	 0.39	 
MRI_faces_143	 1	 8	 2110.jpg	 2.020935e+02	 24	 999000	 240	 999000	 999	 2.031102e+02	 683.34	 816.65	 56.00	 44	 0.16	 
MRI_faces_143	 1	 8	 1080.jpg	 2.040936e+02	 24	 999000	 240	 999000	 999	 2.051105e+02	 683.34	 816.65	 58.00	 12	 0.13	 
MRI_faces_143	 1	 8	 1052.jpg	 2.060940e+02	 22	 1.105813e+03	 2200	 8.169643e+02	 98	 2.071110e+02	 683.34	 766.65	 45.00	 9	 0.34	 
MRI_faces_143	 1	 8	 1173.jpg	 2.100963e+02	 22	 9.445248e+02	 220	 7.669220e+02	 98	 2.111130e+02	 683.34	 783.32	 44.00	 19	 0.34	 
MRI_faces_143	 1	 8	 1027.jpg	 2.120964e+02	 12	 999000	 120	 999000	 999	 2.131131e+02	 683.34	 783.32	 14.00	 5	 0.73	 
MRI_faces_143	 1	 8	 1013.jpg	 2.140964e+02	 24	 999000	 240	 999000	 999	 2.151131e+02	 683.34	 783.32	 42.00	 2	 0.38	 
MRI_faces_143	 1	 8	 1202.jpg	 2.160965e+02	 12	 999000	 120	 999000	 999	 2.171131e+02	 683.34	 783.32	 8.00	 23	 0.80	 
MRI_faces_143	 1	 8	 1017.jpg	 2.200797e+02	 12	 999000	 120	 999000	 999	 2.210966e+02	 683.34	 783.32	 16.00	 3	 0.67	 
MRI_faces_143	 1	 8	 2006.jpg	 2.240966e+02	 12	 999000	 120	 999000	 999	 2.251140e+02	 683.34	 783.32	 4.00	 31	 0.86	 
MRI_faces_143	 1	 8	 2094.jpg	 2.270807e+02	 12	 999000	 120	 999000	 999	 2.280978e+02	 683.34	 783.32	 11.00	 43	 0.78	 
MRI_faces_143	 1	 8	 2248.jpg	 2.320819e+02	 22	 1.000988e+03	 2200	 7.835994e+02	 98	 2.331002e+02	 683.34	 733.32	 47.00	 60	 0.31	 
MRI_faces_143	 1	 8	 2112.jpg	 2.340824e+02	 12	 999000	 120	 999000	 999	 2.350991e+02	 683.34	 733.32	 9.00	 45	 0.80	 
MRI_faces_143	 1	 8	 1192.jpg	 2.370829e+02	 22	 9.169831e+02	 220	 7.336137e+02	 98	 2.380996e+02	 683.34	 749.99	 52.00	 22	 0.28	 
MRI_faces_143	 1	 8	 2010.jpg	 2.410836e+02	 12	 999000	 120	 999000	 999	 2.421003e+02	 683.34	 749.99	 5.00	 32	 0.84	 
MRI_faces_143	 1	 8	 2043.jpg	 2.440839e+02	 12	 999000	 120	 999000	 999	 2.451008e+02	 683.34	 749.99	 21.00	 37	 0.60	 
