subjectID	 order	 runNum	 itemName	 onsetTime	 shuff_trialType	 RT	 respInTime	 AudioTime	 response	 fixationTime	 ladder1	 ladder2	 bidIndex	 itemNameIndex	 bidValue	 
MRI_faces_105	 1	 9	 2039.jpg	 2.407838e+00	 22	 9.778713e+02	 220	 7.523967e+02	 98	 3.425241e+00	 750.01	 766.67	 52.00	 35	 0.23	 
MRI_faces_105	 1	 9	 2194.jpg	 4.396509e+00	 24	 999000	 240	 999000	 999	 5.413322e+00	 750.01	 766.67	 40.00	 54	 0.41	 
MRI_faces_105	 1	 9	 2218.jpg	 7.397011e+00	 11	 1.010677e+03	 1100	 7.522079e+02	 98	 8.416536e+00	 700.01	 766.67	 15.00	 57	 0.70	 
MRI_faces_105	 1	 9	 2110.jpg	 1.039756e+01	 24	 999000	 240	 999000	 999	 1.141435e+01	 700.01	 766.67	 58.00	 44	 0.13	 
MRI_faces_105	 1	 9	 2058.jpg	 1.239790e+01	 24	 999000	 240	 999000	 999	 1.341475e+01	 700.01	 766.67	 55.00	 40	 0.19	 
MRI_faces_105	 1	 9	 1031.jpg	 1.639863e+01	 12	 999000	 120	 999000	 999	 1.741541e+01	 700.01	 766.67	 22.00	 6	 0.61	 
MRI_faces_105	 1	 9	 1114.jpg	 2.139945e+01	 12	 999000	 120	 999000	 999	 2.241640e+01	 700.01	 766.67	 11.00	 13	 0.73	 
MRI_faces_105	 1	 9	 1019.jpg	 2.339986e+01	 22	 1.011886e+03	 2200	 7.682719e+02	 98	 2.441748e+01	 700.01	 716.67	 47.00	 4	 0.28	 
MRI_faces_105	 1	 9	 2010.jpg	 2.640043e+01	 24	 999000	 240	 999000	 999	 2.741723e+01	 700.01	 716.67	 41.00	 32	 0.40	 
MRI_faces_105	 1	 9	 2229.jpg	 2.840075e+01	 24	 999000	 240	 999000	 999	 2.941759e+01	 700.01	 716.67	 51.00	 58	 0.23	 
MRI_faces_105	 1	 9	 2128.jpg	 3.440175e+01	 24	 999000	 240	 999000	 999	 3.541874e+01	 700.01	 716.67	 48.00	 48	 0.28	 
MRI_faces_105	 1	 9	 1255.jpg	 3.740228e+01	 12	 999000	 120	 999000	 999	 3.841921e+01	 700.01	 716.67	 20.00	 29	 0.65	 
MRI_faces_105	 1	 9	 2181.jpg	 4.240321e+01	 12	 999000	 120	 999000	 999	 4.342000e+01	 700.01	 716.67	 6.00	 53	 0.82	 
MRI_faces_105	 1	 9	 1013.jpg	 4.440358e+01	 12	 999000	 120	 999000	 999	 4.542047e+01	 700.01	 716.67	 14.00	 2	 0.70	 
MRI_faces_105	 1	 9	 2118.jpg	 4.640413e+01	 12	 999000	 120	 999000	 999	 4.742076e+01	 700.01	 716.67	 8.00	 46	 0.76	 
MRI_faces_105	 1	 9	 1035.jpg	 5.040465e+01	 12	 999000	 120	 999000	 999	 5.142146e+01	 700.01	 716.67	 3.00	 7	 0.85	 
MRI_faces_105	 1	 9	 2240.jpg	 5.240493e+01	 11	 9.177987e+02	 110	 7.003264e+02	 98	 5.342175e+01	 716.68	 716.67	 18.00	 59	 0.67	 
MRI_faces_105	 1	 9	 1204.jpg	 5.540551e+01	 24	 999000	 240	 999000	 999	 5.642235e+01	 716.68	 716.67	 54.00	 24	 0.20	 
MRI_faces_105	 1	 9	 2112.jpg	 5.840603e+01	 22	 9.467423e+02	 220	 7.169286e+02	 98	 5.942515e+01	 716.68	 733.33	 53.00	 45	 0.23	 
MRI_faces_105	 1	 9	 2053.jpg	 6.140665e+01	 11	 9.400902e+02	 110	 7.169514e+02	 98	 6.242520e+01	 733.34	 733.33	 7.00	 39	 0.78	 
MRI_faces_105	 1	 9	 1210.jpg	 6.340689e+01	 12	 999000	 120	 999000	 999	 6.442525e+01	 733.34	 733.33	 21.00	 25	 0.63	 
MRI_faces_105	 1	 9	 1262.jpg	 6.739202e+01	 12	 999000	 120	 999000	 999	 6.840864e+01	 733.34	 733.33	 9.00	 30	 0.75	 
MRI_faces_105	 1	 9	 1202.jpg	 6.939204e+01	 24	 999000	 240	 999000	 999	 7.040870e+01	 733.34	 733.33	 39.00	 23	 0.41	 
MRI_faces_105	 1	 9	 1146.jpg	 7.139209e+01	 24	 999000	 240	 999000	 999	 7.240873e+01	 733.34	 733.33	 43.00	 17	 0.39	 
MRI_faces_105	 1	 9	 1192.jpg	 7.339203e+01	 12	 999000	 120	 999000	 999	 7.440876e+01	 733.34	 733.33	 5.00	 22	 0.82	 
MRI_faces_105	 1	 9	 2089.jpg	 7.539238e+01	 22	 9.933490e+02	 220	 7.336201e+02	 98	 7.640913e+01	 733.34	 750.00	 50.00	 42	 0.27	 
MRI_faces_105	 1	 9	 2094.jpg	 7.939313e+01	 11	 9.576037e+02	 110	 7.336007e+02	 98	 8.040981e+01	 750.01	 750.00	 13.00	 43	 0.71	 
MRI_faces_105	 1	 9	 1216.jpg	 8.339384e+01	 11	 1.026898e+03	 1100	 7.502724e+02	 98	 8.441055e+01	 700.01	 750.00	 12.00	 26	 0.71	 
MRI_faces_105	 1	 9	 1145.jpg	 8.739446e+01	 24	 999000	 240	 999000	 999	 8.841133e+01	 700.01	 750.00	 42.00	 16	 0.40	 
MRI_faces_105	 1	 9	 2024.jpg	 9.039508e+01	 22	 9.476592e+02	 220	 7.502744e+02	 98	 9.141173e+01	 700.01	 766.67	 44.00	 34	 0.38	 
MRI_faces_105	 1	 9	 1073.jpg	 9.239538e+01	 12	 999000	 120	 999000	 999	 9.341215e+01	 700.01	 766.67	 4.00	 11	 0.83	 
MRI_faces_105	 1	 9	 1226.jpg	 9.439571e+01	 12	 999000	 120	 999000	 999	 9.541250e+01	 700.01	 766.67	 17.00	 27	 0.68	 
MRI_faces_105	 1	 9	 1060.jpg	 9.639614e+01	 24	 999000	 240	 999000	 999	 9.741287e+01	 700.01	 766.67	 49.00	 10	 0.28	 
MRI_faces_105	 1	 9	 2045.jpg	 9.839643e+01	 24	 999000	 240	 999000	 999	 9.941322e+01	 700.01	 766.67	 56.00	 38	 0.18	 
MRI_faces_105	 1	 9	 1017.jpg	 1.023971e+02	 22	 9.735616e+02	 220	 7.669441e+02	 98	 1.034139e+02	 700.01	 783.33	 45.00	 3	 0.36	 
MRI_faces_105	 1	 9	 2164.jpg	 1.043974e+02	 12	 999000	 120	 999000	 999	 1.054143e+02	 700.01	 783.33	 19.00	 52	 0.66	 
MRI_faces_105	 1	 9	 2153.jpg	 1.113983e+02	 24	 999000	 240	 999000	 999	 1.124155e+02	 700.01	 783.33	 46.00	 50	 0.30	 
MRI_faces_105	 1	 9	 1127.jpg	 1.153991e+02	 11	 9.205872e+02	 110	 7.003081e+02	 98	 1.164160e+02	 716.68	 783.33	 10.00	 14	 0.75	 
MRI_faces_105	 1	 9	 1183.jpg	 1.183999e+02	 24	 999000	 240	 999000	 999	 1.194168e+02	 716.68	 783.33	 57.00	 20	 0.17	 
MRI_faces_105	 1	 9	 2063.jpg	 1.224006e+02	 12	 999000	 120	 999000	 999	 1.234174e+02	 716.68	 783.33	 16.00	 41	 0.69	 
