subjectID	order	itemIndABC	stimName	bidInd	runtrial	isOld?	subjectAnswerIsOld	onsettime_isOld	resp_isOld	RT_isOld	isGo?	subjectAnswerIsGo	onsettime_isGo	resp_isGo	RT_isGo
MRI_faces_126	2	5	1035.jpg	9	1	1	1	2.886605e-02	1	1.481490e+00	1	1	2.047854e+00	1	8.225082e-01	
MRI_faces_126	2	25	2125.jpg	6	2	1	1	4.433837e+00	1	1.732519e+00	0	5	6.703086e+00	5	7.592926e-01	
MRI_faces_126	2	40	5220.jpg	0	3	0	5	9.022275e+00	5	1.256082e+00	0	5	1.080770e+01	5	4.226681e-01	
MRI_faces_126	2	33	5081.jpg	0	4	0	5	1.279325e+01	5	8.851141e-01	0	5	1.421144e+01	5	3.629343e-01	
MRI_faces_126	2	48	6111.jpg	0	5	0	5	1.613024e+01	5	6.201183e-01	0	5	1.728163e+01	5	2.287394e-01	
MRI_faces_126	2	44	6016.jpg	0	6	0	5	1.906696e+01	5	7.473983e-01	0	5	2.035169e+01	5	2.386680e-01	
MRI_faces_126	2	3	1027.jpg	16	7	1	1	2.213709e+01	1	1.373283e+00	1	3	2.403917e+01	3	9.351904e-01	
MRI_faces_126	2	37	5152.jpg	0	8	0	5	2.652533e+01	5	7.370275e-01	0	5	2.779342e+01	5	3.009423e-01	
MRI_faces_126	2	34	5115.jpg	0	9	0	5	2.964540e+01	5	6.969658e-01	0	5	3.088021e+01	5	2.941574e-01	
MRI_faces_126	2	55	6221.jpg	0	10	0	5	3.273228e+01	5	5.460843e-01	0	5	3.381675e+01	5	2.456448e-01	
MRI_faces_126	2	30	5028.jpg	0	11	0	5	3.561881e+01	5	6.675518e-01	0	5	3.682018e+01	5	2.181818e-01	
MRI_faces_126	2	54	6217.jpg	0	12	0	5	3.858883e+01	5	6.335281e-01	0	5	3.975682e+01	5	2.175361e-01	
MRI_faces_126	2	46	6042.jpg	0	13	0	5	4.152538e+01	5	1.048980e+00	0	5	4.311051e+01	5	2.718482e-01	
MRI_faces_126	2	8	1150.jpg	51	14	1	1	4.492931e+01	1	2.501049e+00	1	1	4.796595e+01	1	2.724074e-01	
MRI_faces_126	2	2	1019.jpg	55	15	1	1	4.978464e+01	1	6.937195e-01	0	5	5.101938e+01	5	9.099143e-02	
MRI_faces_126	2	17	1255.jpg	47	16	1	1	5.267121e+01	1	2.063146e+00	0	5	5.527423e+01	5	-1.186012e-02	
MRI_faces_126	2	35	5129.jpg	0	17	0	5	5.682586e+01	5	6.764935e-01	0	5	5.804392e+01	5	1.864356e-01	
MRI_faces_126	2	45	6036.jpg	0	18	0	5	5.977924e+01	5	6.591248e-01	0	5	6.098052e+01	5	2.098659e-01	
MRI_faces_126	2	16	1246.jpg	44	19	1	1	6.274919e+01	1	8.491675e-01	0	5	6.413411e+01	5	8.025569e-02	
MRI_faces_126	2	12	1204.jpg	49	20	1	1	6.576929e+01	1	1.501066e+00	1	1	6.780498e+01	1	1.933812e-01	
MRI_faces_126	2	20	2058.jpg	53	21	1	3	6.955691e+01	3	2.865441e+00	0	5	7.296069e+01	5	2.296659e-01	
MRI_faces_126	2	52	6201.jpg	0	22	0	5	7.474601e+01	5	9.963497e-01	0	5	7.628104e+01	5	1.253196e-01	
MRI_faces_126	2	14	1216.jpg	13	23	1	1	7.796635e+01	1	1.400011e+00	0	5	7.990182e+01	5	1.448541e+00	
MRI_faces_126	2	32	5057.jpg	0	24	0	5	8.290523e+01	5	6.291329e-01	0	5	8.407312e+01	5	2.373099e-01	
MRI_faces_126	2	13	1210.jpg	17	25	1	5	8.585854e+01	5	7.478240e-01	1	5	8.714323e+01	5	9.751347e-01	
MRI_faces_126	2	41	5228.jpg	0	26	0	5	8.967947e+01	5	2.446883e+00	0	5	9.266615e+01	5	2.682048e-01	
MRI_faces_126	2	56	6249.jpg	0	27	0	5	9.448485e+01	5	7.535154e-01	0	5	9.576960e+01	5	6.076766e-02	
MRI_faces_126	2	50	6154.jpg	0	28	0	5	9.738824e+01	5	7.381239e-01	0	5	9.865618e+01	5	2.301736e-01	
MRI_faces_126	2	31	5049.jpg	0	29	0	5	1.004416e+02	5	6.767949e-01	0	5	1.016596e+02	5	2.027540e-01	
MRI_faces_126	2	19	2053.jpg	11	30	1	1	1.034116e+02	1	7.788088e-01	1	1	1.047296e+02	1	4.754778e-03	
MRI_faces_126	2	42	5254.jpg	0	31	0	5	1.062814e+02	5	7.569083e-01	0	5	1.075829e+02	5	3.994979e-01	
MRI_faces_126	2	4	1031.jpg	14	32	1	1	1.095350e+02	1	8.793312e-01	1	3	1.109533e+02	3	9.730882e-01	
MRI_faces_126	2	1	1007.jpg	18	33	1	3	1.134894e+02	3	2.036914e+00	0	3	1.160591e+02	3	1.712790e-01	
MRI_faces_126	2	36	5144.jpg	0	34	0	3	1.177776e+02	3	1.076718e+00	0	3	1.193962e+02	3	6.618310e-02	
MRI_faces_126	2	26	2153.jpg	7	35	1	1	1.210147e+02	1	1.231667e+00	0	5	1.227833e+02	5	1.750717e-01	
MRI_faces_126	2	21	2063.jpg	5	36	1	1	1.245187e+02	1	1.279692e+00	0	5	1.263388e+02	5	-4.490171e-03	
MRI_faces_126	2	27	2164.jpg	45	37	1	1	1.278890e+02	1	7.733797e-01	0	5	1.292071e+02	5	3.925831e-02	
MRI_faces_126	2	38	5182.jpg	0	38	0	5	1.307923e+02	5	7.741100e-01	0	5	1.321101e+02	5	8.251399e-03	
MRI_faces_126	2	43	6008.jpg	0	39	0	5	1.336787e+02	5	7.516235e-01	0	5	1.349636e+02	5	7.473527e-02	
MRI_faces_126	2	29	5009.jpg	0	40	0	5	1.365988e+02	5	7.595783e-01	0	5	1.379003e+02	5	3.060815e-01	
MRI_faces_126	2	9	1173.jpg	43	41	1	5	1.397689e+02	5	7.894549e-01	1	1	1.411039e+02	1	2.742504e+00	
MRI_faces_126	2	39	5207.jpg	0	42	0	5	1.454087e+02	5	1.117672e+00	0	5	1.470604e+02	5	2.659443e-01	
MRI_faces_126	2	49	6124.jpg	0	43	0	1	1.488792e+02	1	1.255157e+00	0	5	1.506645e+02	5	2.538487e-01	
MRI_faces_126	2	28	2209.jpg	10	44	1	1	1.524833e+02	1	1.051102e+00	0	5	1.540689e+02	5	-6.551582e-03	
MRI_faces_126	2	11	1191.jpg	50	45	1	1	1.556201e+02	1	7.222697e-01	0	5	1.568881e+02	5	1.182472e-01	
MRI_faces_126	2	22	2094.jpg	12	46	1	1	1.585567e+02	1	7.936412e-01	0	5	1.598916e+02	5	1.708175e-01	
MRI_faces_126	2	24	2112.jpg	8	47	1	1	1.616268e+02	1	1.171574e+00	1	1	1.633453e+02	1	5.304035e-02	
MRI_faces_126	2	15	1226.jpg	56	48	1	1	1.649472e+02	1	8.991618e-01	0	5	1.663822e+02	5	4.020295e-02	
MRI_faces_126	2	10	1183.jpg	48	49	1	2	1.679841e+02	2	1.734261e+00	1	4	1.702533e+02	4	4.891003e-01	
MRI_faces_126	2	23	2110.jpg	54	50	1	1	1.723055e+02	1	8.288451e-01	1	1	1.736737e+02	1	1.166761e-01	
MRI_faces_126	2	18	2039.jpg	46	51	1	1	1.753422e+02	1	7.761488e-01	1	1	1.766603e+02	1	2.500247e-01	
MRI_faces_126	2	6	1073.jpg	15	52	1	1	1.784624e+02	1	1.687949e+00	0	5	1.806815e+02	5	7.888633e-01	
MRI_faces_126	2	47	6054.jpg	0	53	0	5	1.830342e+02	5	5.140190e+00	0	5	1.887072e+02	5	2.751709e-01	
MRI_faces_126	2	7	1127.jpg	52	54	1	1	1.905426e+02	1	1.055790e+00	0	5	1.921445e+02	5	1.578927e-01	
MRI_faces_126	2	51	6190.jpg	0	55	0	5	1.938630e+02	5	1.111353e+00	0	5	1.955155e+02	5	-1.313258e-02	
MRI_faces_126	2	53	6213.jpg	0	56	0	5	1.970666e+02	5	7.878027e-01	0	5	1.983847e+02	5	1.016899e-01	
