subjectID	 order	 runNum	 itemName	 onsetTime	 shuff_trialType	 RT	 respInTime	 AudioTime	 response	 fixationTime	 ladder1	 ladder2	 bidIndex	 itemNameIndex	 bidValue	 
MRI_faces_101	 1	 9	 2212.jpg	 2.362705e+00	 11	 9.015735e+02	 110	 7.535293e+02	 98	 3.413481e+00	 766.67	 750.00	 15.00	 56	 0.73	 
MRI_faces_101	 1	 9	 1127.jpg	 5.346073e+00	 22	 5.482060e+02	 22	 7.533461e+02	 98	 6.379458e+00	 766.67	 766.67	 44.00	 14	 0.30	 
MRI_faces_101	 1	 9	 2164.jpg	 9.346495e+00	 12	 999000	 120	 999000	 999	 1.036318e+01	 766.67	 766.67	 19.00	 52	 0.67	 
MRI_faces_101	 1	 9	 2248.jpg	 1.234701e+01	 12	 999000	 120	 999000	 999	 1.336740e+01	 766.67	 766.67	 20.00	 60	 0.66	 
MRI_faces_101	 1	 9	 2155.jpg	 1.634777e+01	 22	 6.105089e+02	 22	 7.669793e+02	 98	 1.738262e+01	 766.67	 783.33	 53.00	 51	 0.22	 
MRI_faces_101	 1	 9	 1035.jpg	 1.934829e+01	 12	 999000	 120	 999000	 999	 2.036679e+01	 766.67	 783.33	 9.00	 7	 0.76	 
MRI_faces_101	 1	 9	 1052.jpg	 2.134862e+01	 24	 999000	 240	 999000	 999	 2.236694e+01	 766.67	 783.33	 43.00	 9	 0.31	 
MRI_faces_101	 1	 9	 2094.jpg	 2.434920e+01	 11	 6.091105e+02	 11	 7.679277e+02	 98	 2.539633e+01	 783.33	 783.33	 18.00	 43	 0.68	 
MRI_faces_101	 1	 9	 2128.jpg	 2.734978e+01	 24	 999000	 240	 999000	 999	 2.836882e+01	 783.33	 783.33	 40.00	 48	 0.37	 
MRI_faces_101	 1	 9	 1050.jpg	 3.235058e+01	 12	 999000	 120	 999000	 999	 3.336787e+01	 783.33	 783.33	 17.00	 8	 0.70	 
MRI_faces_101	 1	 9	 2053.jpg	 3.435114e+01	 12	 999000	 120	 999000	 999	 3.537176e+01	 783.33	 783.33	 8.00	 39	 0.78	 
MRI_faces_101	 1	 9	 2006.jpg	 3.635137e+01	 12	 999000	 120	 999000	 999	 3.737048e+01	 783.33	 783.33	 14.00	 31	 0.73	 
MRI_faces_101	 1	 9	 1183.jpg	 4.035196e+01	 24	 999000	 240	 999000	 999	 4.136893e+01	 783.33	 783.33	 55.00	 20	 0.18	 
MRI_faces_101	 1	 9	 1007.jpg	 4.735324e+01	 24	 999000	 240	 999000	 999	 4.837174e+01	 783.33	 783.33	 42.00	 1	 0.31	 
MRI_faces_101	 1	 9	 2118.jpg	 4.935361e+01	 12	 999000	 120	 999000	 999	 5.037127e+01	 783.33	 783.33	 5.00	 46	 0.83	 
MRI_faces_101	 1	 9	 1192.jpg	 5.135398e+01	 22	 9.542959e+02	 220	 7.837544e+02	 98	 5.239660e+01	 783.33	 800.00	 47.00	 22	 0.28	 
MRI_faces_101	 1	 9	 2194.jpg	 5.335437e+01	 24	 999000	 240	 999000	 999	 5.437216e+01	 783.33	 800.00	 54.00	 54	 0.19	 
MRI_faces_101	 1	 9	 1060.jpg	 5.535462e+01	 24	 999000	 240	 999000	 999	 5.637414e+01	 783.33	 800.00	 57.00	 10	 0.17	 
MRI_faces_101	 1	 9	 1255.jpg	 5.735496e+01	 24	 999000	 240	 999000	 999	 5.837341e+01	 783.33	 800.00	 48.00	 29	 0.28	 
MRI_faces_101	 1	 9	 2110.jpg	 6.035551e+01	 22	 9.567965e+02	 220	 8.003570e+02	 98	 6.139842e+01	 783.33	 816.67	 52.00	 44	 0.25	 
MRI_faces_101	 1	 9	 1204.jpg	 6.235589e+01	 24	 999000	 240	 999000	 999	 6.337502e+01	 783.33	 816.67	 51.00	 24	 0.26	 
MRI_faces_101	 1	 9	 1216.jpg	 6.435622e+01	 11	 8.900533e+02	 110	 7.836610e+02	 98	 6.540634e+01	 800.00	 816.67	 13.00	 26	 0.74	 
MRI_faces_101	 1	 9	 2041.jpg	 6.835696e+01	 11	 6.133175e+02	 11	 8.002853e+02	 98	 6.939805e+01	 816.67	 816.67	 12.00	 36	 0.74	 
MRI_faces_101	 1	 9	 2045.jpg	 7.235763e+01	 12	 999000	 120	 999000	 999	 7.338038e+01	 816.67	 816.67	 6.00	 38	 0.83	 
MRI_faces_101	 1	 9	 2024.jpg	 7.835893e+01	 24	 999000	 240	 999000	 999	 7.938056e+01	 816.67	 816.67	 41.00	 34	 0.32	 
MRI_faces_101	 1	 9	 2149.jpg	 8.035907e+01	 24	 999000	 240	 999000	 999	 8.138267e+01	 816.67	 816.67	 58.00	 49	 0.11	 
MRI_faces_101	 1	 9	 2015.jpg	 8.235941e+01	 12	 999000	 120	 999000	 999	 8.338381e+01	 816.67	 816.67	 16.00	 33	 0.72	 
MRI_faces_101	 1	 9	 1262.jpg	 8.435973e+01	 22	 9.795581e+02	 220	 8.169769e+02	 98	 8.539760e+01	 816.67	 833.33	 50.00	 30	 0.26	 
MRI_faces_101	 1	 9	 1226.jpg	 8.834736e+01	 24	 999000	 240	 999000	 999	 8.936434e+01	 816.67	 833.33	 46.00	 27	 0.28	 
MRI_faces_101	 1	 9	 2043.jpg	 9.034739e+01	 12	 999000	 120	 999000	 999	 9.136478e+01	 816.67	 833.33	 11.00	 37	 0.74	 
MRI_faces_101	 1	 9	 2089.jpg	 9.234733e+01	 12	 999000	 120	 999000	 999	 9.336517e+01	 816.67	 833.33	 3.00	 42	 0.85	 
MRI_faces_101	 1	 9	 2153.jpg	 9.434746e+01	 11	 8.178158e+02	 110	 8.169593e+02	 98	 9.539506e+01	 833.33	 833.33	 7.00	 50	 0.80	 
MRI_faces_101	 1	 9	 2063.jpg	 9.834751e+01	 12	 999000	 120	 999000	 999	 9.936473e+01	 833.33	 833.33	 21.00	 41	 0.65	 
MRI_faces_101	 1	 9	 2010.jpg	 1.023475e+02	 12	 1.039747e+03	 12	 999000	 98	 1.033640e+02	 833.33	 833.33	 4.00	 32	 0.83	 
MRI_faces_101	 1	 9	 1073.jpg	 1.053476e+02	 24	 999000	 240	 999000	 999	 1.063665e+02	 833.33	 833.33	 39.00	 11	 0.40	 
MRI_faces_101	 1	 9	 1210.jpg	 1.103477e+02	 22	 1.068580e+03	 2200	 8.336366e+02	 98	 1.113842e+02	 833.33	 783.33	 45.00	 25	 0.30	 
MRI_faces_101	 1	 9	 1031.jpg	 1.123480e+02	 11	 9.602450e+02	 110	 8.336776e+02	 98	 1.133817e+02	 850.00	 783.33	 10.00	 6	 0.76	 
MRI_faces_101	 1	 9	 1150.jpg	 1.153485e+02	 24	 999000	 240	 999000	 999	 1.163658e+02	 850.00	 783.33	 56.00	 18	 0.17	 
MRI_faces_101	 1	 9	 2218.jpg	 1.193492e+02	 12	 999000	 120	 999000	 999	 1.203662e+02	 850.00	 783.33	 22.00	 57	 0.64	 
MRI_faces_101	 1	 9	 1146.jpg	 1.223497e+02	 24	 999000	 240	 999000	 999	 1.233679e+02	 850.00	 783.33	 49.00	 17	 0.28	 
