subjectID	 order	 runNum	 itemName	 onsetTime	 shuff_trialType	 RT	 respInTime	 AudioTime	 response	 fixationTime	 ladder1	 ladder2	 bidIndex	 itemNameIndex	 bidValue	 
MRI_faces_102	 2	 14	 1013.jpg	 1.241146e+02	 24	 999000	 240	 999000	 999	 1.251323e+02	 783.33	 716.66	 45.00	 2	 0.29	 
MRI_faces_102	 2	 14	 1226.jpg	 1.261145e+02	 24	 999000	 240	 999000	 999	 1.271323e+02	 783.33	 716.66	 58.00	 27	 0.12	 
MRI_faces_102	 2	 14	 2015.jpg	 1.291147e+02	 11	 9.911919e+02	 110	 7.836993e+02	 98	 1.301623e+02	 800.00	 716.66	 14.00	 33	 0.70	 
MRI_faces_102	 2	 14	 1080.jpg	 1.321147e+02	 12	 999000	 120	 999000	 999	 1.331348e+02	 800.00	 716.66	 3.00	 12	 0.88	 
MRI_faces_102	 2	 14	 1031.jpg	 1.341128e+02	 11	 9.750882e+02	 110	 8.003017e+02	 98	 1.351489e+02	 816.66	 716.66	 17.00	 6	 0.67	 
MRI_faces_102	 2	 14	 1050.jpg	 1.381147e+02	 24	 999000	 240	 999000	 999	 1.391313e+02	 816.66	 716.66	 41.00	 8	 0.39	 
MRI_faces_102	 2	 14	 1204.jpg	 1.431149e+02	 24	 999000	 240	 999000	 999	 1.441315e+02	 816.66	 716.66	 57.00	 24	 0.13	 
MRI_faces_102	 2	 14	 2212.jpg	 1.451147e+02	 12	 999000	 120	 999000	 999	 1.461321e+02	 816.66	 716.66	 10.00	 56	 0.75	 
MRI_faces_102	 2	 14	 2089.jpg	 1.480982e+02	 12	 999000	 120	 999000	 999	 1.491163e+02	 816.66	 716.66	 15.00	 42	 0.68	 
MRI_faces_102	 2	 14	 2010.jpg	 1.500988e+02	 11	 1.045053e+03	 1100	 8.169571e+02	 98	 1.511327e+02	 766.66	 716.66	 8.00	 32	 0.77	 
MRI_faces_102	 2	 14	 1019.jpg	 1.561000e+02	 22	 9.479335e+02	 220	 7.169628e+02	 98	 1.571338e+02	 766.66	 733.33	 43.00	 4	 0.35	 
MRI_faces_102	 2	 14	 2043.jpg	 1.591005e+02	 24	 999000	 240	 999000	 999	 1.601175e+02	 766.66	 733.33	 39.00	 37	 0.41	 
MRI_faces_102	 2	 14	 2112.jpg	 1.641014e+02	 12	 999000	 120	 999000	 999	 1.651184e+02	 766.66	 733.33	 19.00	 45	 0.65	 
MRI_faces_102	 2	 14	 2248.jpg	 1.661017e+02	 12	 999000	 120	 999000	 999	 1.671196e+02	 766.66	 733.33	 13.00	 60	 0.72	 
MRI_faces_102	 2	 14	 1173.jpg	 1.681152e+02	 22	 9.236465e+02	 220	 7.336142e+02	 98	 1.691541e+02	 766.66	 749.99	 54.00	 19	 0.21	 
MRI_faces_102	 2	 14	 1127.jpg	 1.721153e+02	 22	 9.486194e+02	 220	 7.503322e+02	 98	 1.731532e+02	 766.66	 766.66	 51.00	 14	 0.24	 
MRI_faces_102	 2	 14	 2194.jpg	 1.741031e+02	 24	 999000	 240	 999000	 999	 1.751233e+02	 766.66	 766.66	 42.00	 54	 0.37	 
MRI_faces_102	 2	 14	 1262.jpg	 1.771036e+02	 11	 9.502766e+02	 110	 7.669836e+02	 98	 1.781487e+02	 783.33	 766.66	 11.00	 30	 0.73	 
MRI_faces_102	 2	 14	 2209.jpg	 1.801042e+02	 12	 999000	 120	 999000	 999	 1.811242e+02	 783.33	 766.66	 20.00	 55	 0.62	 
MRI_faces_102	 2	 14	 1246.jpg	 1.831046e+02	 24	 999000	 240	 999000	 999	 1.841221e+02	 783.33	 766.66	 55.00	 28	 0.21	 
MRI_faces_102	 2	 14	 2125.jpg	 1.851050e+02	 12	 999000	 120	 999000	 999	 1.861236e+02	 783.33	 766.66	 4.00	 47	 0.88	 
MRI_faces_102	 2	 14	 2063.jpg	 1.891057e+02	 12	 999000	 120	 999000	 999	 1.901238e+02	 783.33	 766.66	 21.00	 41	 0.61	 
MRI_faces_102	 2	 14	 1027.jpg	 1.911060e+02	 22	 9.788597e+02	 220	 7.669605e+02	 98	 1.921488e+02	 783.33	 783.33	 48.00	 5	 0.28	 
MRI_faces_102	 2	 14	 2181.jpg	 1.931065e+02	 11	 1.002383e+03	 1100	 7.836185e+02	 98	 1.941489e+02	 733.33	 783.33	 9.00	 53	 0.76	 
MRI_faces_102	 2	 14	 2149.jpg	 1.951067e+02	 22	 1.006228e+03	 2200	 7.836390e+02	 98	 1.961489e+02	 733.33	 733.33	 46.00	 49	 0.29	 
MRI_faces_102	 2	 14	 1130.jpg	 1.971071e+02	 24	 999000	 240	 999000	 999	 1.981266e+02	 733.33	 733.33	 44.00	 15	 0.35	 
MRI_faces_102	 2	 14	 2128.jpg	 2.011078e+02	 24	 999000	 240	 999000	 999	 2.021248e+02	 733.33	 733.33	 40.00	 48	 0.40	 
MRI_faces_102	 2	 14	 1052.jpg	 2.051086e+02	 22	 8.992701e+02	 220	 7.336370e+02	 98	 2.061515e+02	 733.33	 749.99	 49.00	 9	 0.28	 
MRI_faces_102	 2	 14	 2118.jpg	 2.091092e+02	 12	 999000	 120	 999000	 999	 2.101286e+02	 733.33	 749.99	 5.00	 46	 0.85	 
MRI_faces_102	 2	 14	 1114.jpg	 2.121098e+02	 12	 999000	 120	 999000	 999	 2.131293e+02	 733.33	 749.99	 6.00	 13	 0.82	 
MRI_faces_102	 2	 14	 1035.jpg	 2.141101e+02	 12	 999000	 120	 999000	 999	 2.151268e+02	 733.33	 749.99	 7.00	 7	 0.79	 
MRI_faces_102	 2	 14	 2110.jpg	 2.161105e+02	 24	 999000	 240	 999000	 999	 2.171343e+02	 733.33	 749.99	 56.00	 44	 0.16	 
MRI_faces_102	 2	 14	 1191.jpg	 2.181108e+02	 12	 999000	 120	 999000	 999	 2.191347e+02	 733.33	 749.99	 18.00	 21	 0.66	 
MRI_faces_102	 2	 14	 2045.jpg	 2.201112e+02	 24	 999000	 240	 999000	 999	 2.211351e+02	 733.33	 749.99	 50.00	 38	 0.24	 
MRI_faces_102	 2	 14	 1216.jpg	 2.241118e+02	 11	 9.350246e+02	 110	 7.336343e+02	 98	 2.251496e+02	 750.00	 749.99	 16.00	 26	 0.68	 
MRI_faces_102	 2	 14	 1192.jpg	 2.261123e+02	 24	 999000	 240	 999000	 999	 2.271328e+02	 750.00	 749.99	 47.00	 22	 0.29	 
MRI_faces_102	 2	 14	 1150.jpg	 2.331134e+02	 24	 999000	 240	 999000	 999	 2.341329e+02	 750.00	 749.99	 53.00	 18	 0.22	 
MRI_faces_102	 2	 14	 2153.jpg	 2.371142e+02	 12	 999000	 120	 999000	 999	 2.381356e+02	 750.00	 749.99	 12.00	 50	 0.72	 
MRI_faces_102	 2	 14	 1202.jpg	 2.401147e+02	 12	 999000	 120	 999000	 999	 2.411350e+02	 750.00	 749.99	 22.00	 23	 0.60	 
MRI_faces_102	 2	 14	 1060.jpg	 2.440998e+02	 24	 999000	 240	 999000	 999	 2.451171e+02	 750.00	 749.99	 52.00	 10	 0.24	 
