subjectID	 order	 runNum	 itemName	 onsetTime	 shuff_trialType	 RT	 respInTime	 AudioTime	 response	 fixationTime	 ladder1	 ladder2	 bidIndex	 itemNameIndex	 bidValue	 
MRI_faces_144	 2	 6	 2015.jpg	 1.242345e+02	 12	 999000	 120	 999000	 999	 1.252513e+02	 716.66	 650.00	 5.00	 33	 0.86	 
MRI_faces_144	 2	 6	 1035.jpg	 1.282353e+02	 22	 8.816967e+02	 220	 6.503416e+02	 98	 1.292521e+02	 716.66	 666.67	 46.00	 7	 0.31	 
MRI_faces_144	 2	 6	 1246.jpg	 1.302356e+02	 24	 999000	 240	 999000	 999	 1.312524e+02	 716.66	 666.67	 42.00	 28	 0.35	 
MRI_faces_144	 2	 6	 2024.jpg	 1.352365e+02	 11	 9.095470e+02	 110	 7.169665e+02	 98	 1.362533e+02	 733.33	 666.67	 14.00	 34	 0.73	 
MRI_faces_144	 2	 6	 2043.jpg	 1.372369e+02	 12	 999000	 120	 999000	 999	 1.382536e+02	 733.33	 666.67	 22.00	 37	 0.60	 
MRI_faces_144	 2	 6	 2039.jpg	 1.392372e+02	 12	 999000	 120	 999000	 999	 1.402540e+02	 733.33	 666.67	 4.00	 35	 0.86	 
MRI_faces_144	 2	 6	 1127.jpg	 1.432379e+02	 22	 9.360805e+02	 220	 6.669754e+02	 98	 1.442546e+02	 733.33	 683.33	 54.00	 14	 0.17	 
MRI_faces_144	 2	 6	 1204.jpg	 1.452320e+02	 24	 999000	 240	 999000	 999	 1.462489e+02	 733.33	 683.33	 44.00	 24	 0.34	 
MRI_faces_144	 2	 6	 2164.jpg	 1.472320e+02	 24	 999000	 240	 999000	 999	 1.482486e+02	 733.33	 683.33	 41.00	 52	 0.35	 
MRI_faces_144	 2	 6	 1060.jpg	 1.502321e+02	 22	 9.689395e+02	 220	 6.836116e+02	 98	 1.512487e+02	 733.33	 700.00	 49.00	 10	 0.27	 
MRI_faces_144	 2	 6	 2089.jpg	 1.522321e+02	 12	 999000	 120	 999000	 999	 1.532488e+02	 733.33	 700.00	 21.00	 42	 0.63	 
MRI_faces_144	 2	 6	 1073.jpg	 1.562322e+02	 24	 999000	 240	 999000	 999	 1.572489e+02	 733.33	 700.00	 56.00	 11	 0.15	 
MRI_faces_144	 2	 6	 2125.jpg	 1.622323e+02	 11	 9.297301e+02	 110	 7.336587e+02	 98	 1.632489e+02	 749.99	 700.00	 11.00	 47	 0.77	 
MRI_faces_144	 2	 6	 2063.jpg	 1.652323e+02	 12	 999000	 120	 999000	 999	 1.662489e+02	 749.99	 700.00	 12.00	 41	 0.77	 
MRI_faces_144	 2	 6	 2041.jpg	 1.672324e+02	 11	 9.576340e+02	 110	 7.502678e+02	 98	 1.682491e+02	 766.66	 700.00	 17.00	 36	 0.67	 
MRI_faces_144	 2	 6	 2128.jpg	 1.692323e+02	 12	 999000	 120	 999000	 999	 1.702491e+02	 766.66	 700.00	 18.00	 48	 0.65	 
MRI_faces_144	 2	 6	 1191.jpg	 1.712324e+02	 24	 999000	 240	 999000	 999	 1.722491e+02	 766.66	 700.00	 50.00	 21	 0.25	 
MRI_faces_144	 2	 6	 2218.jpg	 1.732324e+02	 12	 999000	 120	 999000	 999	 1.742491e+02	 766.66	 700.00	 19.00	 57	 0.64	 
MRI_faces_144	 2	 6	 2006.jpg	 1.762325e+02	 11	 9.864852e+02	 110	 7.669339e+02	 98	 1.772491e+02	 783.33	 700.00	 8.00	 31	 0.80	 
MRI_faces_144	 2	 6	 2194.jpg	 1.802325e+02	 12	 999000	 120	 999000	 999	 1.812492e+02	 783.33	 700.00	 7.00	 54	 0.81	 
MRI_faces_144	 2	 6	 2212.jpg	 1.832326e+02	 12	 999000	 120	 999000	 999	 1.842493e+02	 783.33	 700.00	 6.00	 56	 0.81	 
MRI_faces_144	 2	 6	 1183.jpg	 1.872326e+02	 24	 999000	 240	 999000	 999	 1.882495e+02	 783.33	 700.00	 52.00	 20	 0.23	 
MRI_faces_144	 2	 6	 1146.jpg	 1.922328e+02	 24	 999000	 240	 999000	 999	 1.932495e+02	 783.33	 700.00	 53.00	 17	 0.19	 
MRI_faces_144	 2	 6	 1114.jpg	 1.962327e+02	 22	 9.202741e+02	 220	 7.002975e+02	 98	 1.972494e+02	 783.33	 716.67	 51.00	 13	 0.23	 
MRI_faces_144	 2	 6	 2153.jpg	 1.992331e+02	 12	 999000	 120	 999000	 999	 2.002495e+02	 783.33	 716.67	 10.00	 50	 0.79	 
MRI_faces_144	 2	 6	 1255.jpg	 2.012328e+02	 24	 999000	 240	 999000	 999	 2.022495e+02	 783.33	 716.67	 39.00	 29	 0.39	 
MRI_faces_144	 2	 6	 1007.jpg	 2.032329e+02	 24	 999000	 240	 999000	 999	 2.042496e+02	 783.33	 716.67	 40.00	 1	 0.38	 
MRI_faces_144	 2	 6	 2045.jpg	 2.102330e+02	 12	 999000	 120	 999000	 999	 2.112498e+02	 783.33	 716.67	 13.00	 38	 0.73	 
MRI_faces_144	 2	 6	 2010.jpg	 2.132335e+02	 12	 999000	 120	 999000	 999	 2.142503e+02	 783.33	 716.67	 20.00	 32	 0.64	 
MRI_faces_144	 2	 6	 2058.jpg	 2.152339e+02	 12	 999000	 120	 999000	 999	 2.162508e+02	 783.33	 716.67	 15.00	 40	 0.70	 
MRI_faces_144	 2	 6	 1150.jpg	 2.192346e+02	 22	 9.853835e+02	 220	 7.169500e+02	 98	 2.202513e+02	 783.33	 733.33	 48.00	 18	 0.28	 
MRI_faces_144	 2	 6	 1019.jpg	 2.212349e+02	 22	 9.560820e+02	 220	 7.336349e+02	 98	 2.222684e+02	 783.33	 750.00	 43.00	 4	 0.35	 
MRI_faces_144	 2	 6	 2229.jpg	 2.242354e+02	 11	 1.010592e+03	 1100	 7.836268e+02	 98	 2.252556e+02	 733.33	 750.00	 9.00	 58	 0.80	 
MRI_faces_144	 2	 6	 1216.jpg	 2.262358e+02	 24	 999000	 240	 999000	 999	 2.272526e+02	 733.33	 750.00	 47.00	 26	 0.30	 
MRI_faces_144	 2	 6	 1080.jpg	 2.302365e+02	 24	 999000	 240	 999000	 999	 2.312534e+02	 733.33	 750.00	 58.00	 12	 0.13	 
MRI_faces_144	 2	 6	 1192.jpg	 2.322370e+02	 24	 999000	 240	 999000	 999	 2.332537e+02	 733.33	 750.00	 57.00	 22	 0.14	 
MRI_faces_144	 2	 6	 2112.jpg	 2.362375e+02	 12	 999000	 120	 999000	 999	 2.372543e+02	 733.33	 750.00	 3.00	 45	 0.88	 
MRI_faces_144	 2	 6	 1013.jpg	 2.392334e+02	 24	 999000	 240	 999000	 999	 2.402501e+02	 733.33	 750.00	 55.00	 2	 0.16	 
MRI_faces_144	 2	 6	 1145.jpg	 2.412334e+02	 24	 999000	 240	 999000	 999	 2.422501e+02	 733.33	 750.00	 45.00	 16	 0.32	 
MRI_faces_144	 2	 6	 2053.jpg	 2.442334e+02	 11	 1.027567e+03	 1100	 7.335971e+02	 98	 2.452501e+02	 683.33	 750.00	 16.00	 39	 0.69	 
