subjectID	 order	 runNum	 itemName	 onsetTime	 shuff_trialType	 RT	 respInTime	 AudioTime	 response	 fixationTime	 ladder1	 ladder2	 bidIndex	 itemNameIndex	 bidValue	 
MRI_faces_135	 1	 3	 2229.jpg	 2.426219e+00	 22	 999000	 2	 8.190987e+02	 999	 3.446645e+00	 750.00	 766.66	 47.00	 58	 0.34	 
MRI_faces_135	 1	 3	 1017.jpg	 7.412413e+00	 12	 999000	 120	 999000	 999	 8.429138e+00	 750.00	 766.66	 3.00	 3	 0.85	 
MRI_faces_135	 1	 3	 1052.jpg	 9.412490e+00	 12	 999000	 120	 999000	 999	 1.042919e+01	 750.00	 766.66	 17.00	 9	 0.66	 
MRI_faces_135	 1	 3	 1255.jpg	 1.241257e+01	 12	 999000	 120	 999000	 999	 1.342916e+01	 750.00	 766.66	 5.00	 29	 0.80	 
MRI_faces_135	 1	 3	 1035.jpg	 1.541262e+01	 12	 999000	 120	 999000	 999	 1.642919e+01	 750.00	 766.66	 9.00	 7	 0.76	 
MRI_faces_135	 1	 3	 2063.jpg	 2.241288e+01	 24	 999000	 240	 999000	 999	 2.342977e+01	 750.00	 766.66	 42.00	 41	 0.39	 
MRI_faces_135	 1	 3	 2058.jpg	 2.441322e+01	 22	 1.046080e+03	 2200	 7.683614e+02	 98	 2.543002e+01	 750.00	 716.66	 50.00	 40	 0.26	 
MRI_faces_135	 1	 3	 2089.jpg	 2.841407e+01	 24	 999000	 240	 999000	 999	 2.943085e+01	 750.00	 716.66	 49.00	 42	 0.30	 
MRI_faces_135	 1	 3	 2112.jpg	 3.041426e+01	 12	 999000	 120	 999000	 999	 3.143111e+01	 750.00	 716.66	 21.00	 45	 0.58	 
MRI_faces_135	 1	 3	 1210.jpg	 3.541525e+01	 12	 999000	 120	 999000	 999	 3.643195e+01	 750.00	 716.66	 14.00	 25	 0.69	 
MRI_faces_135	 1	 3	 1226.jpg	 3.941586e+01	 11	 9.164380e+02	 110	 7.522538e+02	 98	 4.043280e+01	 766.67	 716.66	 13.00	 27	 0.69	 
MRI_faces_135	 1	 3	 2015.jpg	 4.141623e+01	 24	 999000	 240	 999000	 999	 4.243308e+01	 766.67	 716.66	 55.00	 33	 0.19	 
MRI_faces_135	 1	 3	 2194.jpg	 4.441698e+01	 22	 8.813457e+02	 220	 7.169425e+02	 98	 4.543378e+01	 766.67	 733.33	 44.00	 54	 0.37	 
MRI_faces_135	 1	 3	 1060.jpg	 4.741733e+01	 24	 999000	 240	 999000	 999	 4.843413e+01	 766.67	 733.33	 57.00	 10	 0.14	 
MRI_faces_135	 1	 3	 2149.jpg	 5.141801e+01	 24	 999000	 240	 999000	 999	 5.243481e+01	 766.67	 733.33	 48.00	 49	 0.31	 
MRI_faces_135	 1	 3	 2153.jpg	 5.541867e+01	 11	 9.106341e+02	 110	 7.669549e+02	 98	 5.643548e+01	 783.33	 733.33	 15.00	 50	 0.67	 
MRI_faces_135	 1	 3	 2010.jpg	 5.941938e+01	 22	 9.059272e+02	 220	 7.336031e+02	 98	 6.043628e+01	 783.33	 749.99	 52.00	 32	 0.25	 
MRI_faces_135	 1	 3	 2006.jpg	 6.241998e+01	 22	 9.193260e+02	 220	 7.502773e+02	 98	 6.343671e+01	 783.33	 766.66	 45.00	 31	 0.36	 
MRI_faces_135	 1	 3	 1007.jpg	 6.542051e+01	 12	 999000	 120	 999000	 999	 6.643726e+01	 783.33	 766.66	 20.00	 1	 0.59	 
MRI_faces_135	 1	 3	 1216.jpg	 6.842101e+01	 12	 999000	 120	 999000	 999	 6.943779e+01	 783.33	 766.66	 19.00	 26	 0.65	 
MRI_faces_135	 1	 3	 2118.jpg	 7.042139e+01	 11	 9.589260e+02	 110	 7.836666e+02	 98	 7.143811e+01	 800.00	 766.66	 12.00	 46	 0.69	 
MRI_faces_135	 1	 3	 2248.jpg	 7.342189e+01	 24	 7.224055e+02	 24	 999000	 98	 7.443875e+01	 800.00	 766.66	 43.00	 60	 0.37	 
MRI_faces_135	 1	 3	 2041.jpg	 7.542222e+01	 24	 999000	 240	 999000	 999	 7.643907e+01	 800.00	 766.66	 41.00	 36	 0.39	 
MRI_faces_135	 1	 3	 2240.jpg	 7.741347e+01	 24	 999000	 240	 999000	 999	 7.843023e+01	 800.00	 766.66	 56.00	 59	 0.19	 
MRI_faces_135	 1	 3	 1027.jpg	 7.941360e+01	 12	 999000	 120	 999000	 999	 8.043027e+01	 800.00	 766.66	 6.00	 5	 0.80	 
MRI_faces_135	 1	 3	 2212.jpg	 8.241360e+01	 24	 999000	 240	 999000	 999	 8.343019e+01	 800.00	 766.66	 39.00	 56	 0.40	 
MRI_faces_135	 1	 3	 1019.jpg	 8.641363e+01	 11	 9.916782e+02	 110	 8.002576e+02	 98	 8.743029e+01	 816.67	 766.66	 10.00	 4	 0.72	 
MRI_faces_135	 1	 3	 2024.jpg	 8.841376e+01	 24	 999000	 240	 999000	 999	 8.943032e+01	 816.67	 766.66	 54.00	 34	 0.24	 
MRI_faces_135	 1	 3	 2110.jpg	 9.041379e+01	 24	 999000	 240	 999000	 999	 9.143045e+01	 816.67	 766.66	 58.00	 44	 0.13	 
MRI_faces_135	 1	 3	 1127.jpg	 9.441375e+01	 24	 999000	 240	 999000	 999	 9.543040e+01	 816.67	 766.66	 46.00	 14	 0.35	 
MRI_faces_135	 1	 3	 2128.jpg	 9.641381e+01	 24	 999000	 240	 999000	 999	 9.743050e+01	 816.67	 766.66	 51.00	 48	 0.26	 
MRI_faces_135	 1	 3	 1202.jpg	 9.841380e+01	 12	 999000	 120	 999000	 999	 9.943052e+01	 816.67	 766.66	 11.00	 23	 0.70	 
MRI_faces_135	 1	 3	 2094.jpg	 1.024139e+02	 12	 999000	 120	 999000	 999	 1.034305e+02	 816.67	 766.66	 8.00	 43	 0.78	 
MRI_faces_135	 1	 3	 2045.jpg	 1.064140e+02	 22	 1.032341e+03	 2200	 7.669176e+02	 98	 1.074306e+02	 816.67	 716.66	 53.00	 38	 0.24	 
MRI_faces_135	 1	 3	 1050.jpg	 1.084140e+02	 11	 1.032320e+03	 1100	 8.169277e+02	 98	 1.094307e+02	 766.67	 716.66	 18.00	 8	 0.66	 
MRI_faces_135	 1	 3	 1073.jpg	 1.104140e+02	 11	 9.683288e+02	 110	 7.669200e+02	 98	 1.114306e+02	 783.33	 716.66	 7.00	 11	 0.78	 
MRI_faces_135	 1	 3	 2053.jpg	 1.124140e+02	 12	 999000	 120	 999000	 999	 1.134307e+02	 783.33	 716.66	 4.00	 39	 0.83	 
MRI_faces_135	 1	 3	 1246.jpg	 1.144140e+02	 24	 999000	 240	 999000	 999	 1.154308e+02	 783.33	 716.66	 40.00	 28	 0.39	 
MRI_faces_135	 1	 3	 1114.jpg	 1.204142e+02	 12	 999000	 120	 999000	 999	 1.214309e+02	 783.33	 716.66	 16.00	 13	 0.66	 
MRI_faces_135	 1	 3	 1146.jpg	 1.224142e+02	 12	 999000	 120	 999000	 999	 1.234309e+02	 783.33	 716.66	 22.00	 17	 0.57	 
