subjectID	 order	 runNum	 itemName	 onsetTime	 shuff_trialType	 RT	 respInTime	 AudioTime	 response	 fixationTime	 ladder1	 ladder2	 bidIndex	 itemNameIndex	 bidValue	 
MRI_faces_106	 2	 1	 2149.jpg	 2.363258e+00	 24	 999000	 240	 999000	 999	 3.394866e+00	 750.00	 750.00	 58.00	 49	 0.14	 
MRI_faces_106	 2	 1	 2006.jpg	 7.363310e+00	 12	 999000	 120	 999000	 999	 8.380152e+00	 750.00	 750.00	 6.00	 31	 0.86	 
MRI_faces_106	 2	 1	 1031.jpg	 9.363986e+00	 24	 999000	 240	 999000	 999	 1.038054e+01	 750.00	 750.00	 39.00	 6	 0.40	 
MRI_faces_106	 2	 1	 1127.jpg	 1.235880e+01	 12	 999000	 120	 999000	 999	 1.337535e+01	 750.00	 750.00	 19.00	 14	 0.68	 
MRI_faces_106	 2	 1	 1183.jpg	 1.535870e+01	 24	 999000	 240	 999000	 999	 1.637542e+01	 750.00	 750.00	 50.00	 20	 0.26	 
MRI_faces_106	 2	 1	 2181.jpg	 2.235883e+01	 11	 1.075841e+03	 1100	 7.537828e+02	 98	 2.337556e+01	 700.00	 750.00	 14.00	 53	 0.74	 
MRI_faces_106	 2	 1	 2024.jpg	 2.435897e+01	 22	 9.876943e+02	 220	 7.526501e+02	 98	 2.537561e+01	 700.00	 766.67	 48.00	 34	 0.30	 
MRI_faces_106	 2	 1	 2240.jpg	 2.835893e+01	 12	 999000	 120	 999000	 999	 2.937558e+01	 700.00	 766.67	 7.00	 59	 0.80	 
MRI_faces_106	 2	 1	 2058.jpg	 3.035909e+01	 22	 1.060574e+03	 2200	 7.669710e+02	 98	 3.137573e+01	 700.00	 716.67	 51.00	 40	 0.21	 
MRI_faces_106	 2	 1	 2194.jpg	 3.535914e+01	 12	 999000	 120	 999000	 999	 3.637569e+01	 700.00	 716.67	 21.00	 54	 0.58	 
MRI_faces_106	 2	 1	 2209.jpg	 3.935912e+01	 12	 999000	 120	 999000	 999	 4.037583e+01	 700.00	 716.67	 15.00	 55	 0.73	 
MRI_faces_106	 2	 1	 2053.jpg	 4.135923e+01	 12	 999000	 120	 999000	 999	 4.237589e+01	 700.00	 716.67	 3.00	 39	 0.87	 
MRI_faces_106	 2	 1	 2039.jpg	 4.435921e+01	 24	 999000	 240	 999000	 999	 4.537584e+01	 700.00	 716.67	 53.00	 35	 0.18	 
MRI_faces_106	 2	 1	 2128.jpg	 4.735932e+01	 24	 999000	 240	 999000	 999	 4.837589e+01	 700.00	 716.67	 47.00	 48	 0.32	 
MRI_faces_106	 2	 1	 1226.jpg	 5.135933e+01	 11	 9.613201e+02	 110	 7.002725e+02	 98	 5.237593e+01	 716.67	 716.67	 9.00	 27	 0.78	 
MRI_faces_106	 2	 1	 2229.jpg	 5.535956e+01	 24	 999000	 240	 999000	 999	 5.637599e+01	 716.67	 716.67	 40.00	 58	 0.37	 
MRI_faces_106	 2	 1	 2218.jpg	 5.935941e+01	 22	 1.033257e+03	 2200	 7.169317e+02	 98	 6.037610e+01	 716.67	 666.67	 43.00	 57	 0.36	 
MRI_faces_106	 2	 1	 1017.jpg	 6.235944e+01	 11	 9.072122e+02	 110	 7.169284e+02	 98	 6.337625e+01	 733.33	 666.67	 17.00	 3	 0.70	 
MRI_faces_106	 2	 1	 1246.jpg	 6.535957e+01	 24	 999000	 240	 999000	 999	 6.637622e+01	 733.33	 666.67	 41.00	 28	 0.36	 
MRI_faces_106	 2	 1	 1080.jpg	 6.835963e+01	 24	 999000	 240	 999000	 999	 6.937620e+01	 733.33	 666.67	 52.00	 12	 0.20	 
MRI_faces_106	 2	 1	 2112.jpg	 7.035968e+01	 24	 999000	 240	 999000	 999	 7.137626e+01	 733.33	 666.67	 57.00	 45	 0.14	 
MRI_faces_106	 2	 1	 1007.jpg	 7.335968e+01	 24	 999000	 240	 999000	 999	 7.437639e+01	 733.33	 666.67	 44.00	 1	 0.36	 
MRI_faces_106	 2	 1	 1145.jpg	 7.535971e+01	 12	 999000	 120	 999000	 999	 7.637641e+01	 733.33	 666.67	 13.00	 16	 0.76	 
MRI_faces_106	 2	 1	 1204.jpg	 7.735971e+01	 22	 8.689487e+02	 220	 6.669383e+02	 98	 7.837634e+01	 733.33	 683.33	 46.00	 24	 0.34	 
MRI_faces_106	 2	 1	 1191.jpg	 7.935974e+01	 11	 9.859248e+02	 110	 7.335995e+02	 98	 8.037664e+01	 750.00	 683.33	 11.00	 21	 0.77	 
MRI_faces_106	 2	 1	 1192.jpg	 8.235996e+01	 12	 999000	 120	 999000	 999	 8.337679e+01	 750.00	 683.33	 18.00	 22	 0.69	 
MRI_faces_106	 2	 1	 2010.jpg	 8.636060e+01	 12	 999000	 120	 999000	 999	 8.737745e+01	 750.00	 683.33	 4.00	 32	 0.87	 
MRI_faces_106	 2	 1	 1130.jpg	 8.836095e+01	 24	 999000	 240	 999000	 999	 8.937780e+01	 750.00	 683.33	 42.00	 15	 0.36	 
MRI_faces_106	 2	 1	 2041.jpg	 9.036125e+01	 11	 1.042424e+03	 1100	 7.502826e+02	 98	 9.137816e+01	 700.00	 683.33	 8.00	 36	 0.79	 
MRI_faces_106	 2	 1	 1060.jpg	 9.436197e+01	 22	 9.617276e+02	 220	 6.836297e+02	 98	 9.537876e+01	 700.00	 700.00	 54.00	 10	 0.18	 
MRI_faces_106	 2	 1	 1210.jpg	 9.636238e+01	 12	 999000	 120	 999000	 999	 9.737922e+01	 700.00	 700.00	 22.00	 25	 0.57	 
MRI_faces_106	 2	 1	 2043.jpg	 9.836265e+01	 24	 999000	 240	 999000	 999	 9.937948e+01	 700.00	 700.00	 55.00	 37	 0.18	 
MRI_faces_106	 2	 1	 2125.jpg	 1.023634e+02	 12	 999000	 120	 999000	 999	 1.033802e+02	 700.00	 700.00	 10.00	 47	 0.78	 
MRI_faces_106	 2	 1	 2164.jpg	 1.063601e+02	 12	 999000	 120	 999000	 999	 1.073768e+02	 700.00	 700.00	 12.00	 52	 0.76	 
MRI_faces_106	 2	 1	 1019.jpg	 1.083603e+02	 12	 999000	 120	 999000	 999	 1.093769e+02	 700.00	 700.00	 20.00	 4	 0.59	 
MRI_faces_106	 2	 1	 2153.jpg	 1.103603e+02	 22	 9.573894e+02	 220	 7.002662e+02	 98	 1.113769e+02	 700.00	 716.67	 49.00	 50	 0.28	 
MRI_faces_106	 2	 1	 2110.jpg	 1.123604e+02	 24	 999000	 240	 999000	 999	 1.133769e+02	 700.00	 716.67	 45.00	 44	 0.35	 
MRI_faces_106	 2	 1	 1035.jpg	 1.143603e+02	 11	 1.014368e+03	 1100	 7.003556e+02	 98	 1.153770e+02	 650.00	 716.67	 16.00	 7	 0.72	 
MRI_faces_106	 2	 1	 2155.jpg	 1.203603e+02	 24	 999000	 240	 999000	 999	 1.213771e+02	 650.00	 716.67	 56.00	 51	 0.17	 
MRI_faces_106	 2	 1	 1073.jpg	 1.223604e+02	 12	 999000	 120	 999000	 999	 1.233771e+02	 650.00	 716.67	 5.00	 11	 0.86	 
