subjectID	 order	 runNum	 itemName	 onsetTime	 shuff_trialType	 RT	 respInTime	 AudioTime	 response	 fixationTime	 ladder1	 ladder2	 bidIndex	 itemNameIndex	 bidValue	 
MRI_faces_116	 2	 8	 1204.jpg	 1.241656e+02	 24	 999000	 240	 999000	 999	 1.251825e+02	 716.67	 783.33	 53.00	 24	 0.20	 
MRI_faces_116	 2	 8	 1146.jpg	 1.271662e+02	 24	 999000	 240	 999000	 999	 1.281830e+02	 716.67	 783.33	 58.00	 17	 0.16	 
MRI_faces_116	 2	 8	 2153.jpg	 1.311668e+02	 12	 999000	 120	 999000	 999	 1.321837e+02	 716.67	 783.33	 19.00	 50	 0.66	 
MRI_faces_116	 2	 8	 1080.jpg	 1.341675e+02	 24	 999000	 240	 999000	 999	 1.351842e+02	 716.67	 783.33	 42.00	 12	 0.35	 
MRI_faces_116	 2	 8	 1192.jpg	 1.381681e+02	 24	 999000	 240	 999000	 999	 1.391850e+02	 716.67	 783.33	 52.00	 22	 0.23	 
MRI_faces_116	 2	 8	 2112.jpg	 1.411687e+02	 12	 999000	 120	 999000	 999	 1.421855e+02	 716.67	 783.33	 10.00	 45	 0.72	 
MRI_faces_116	 2	 8	 2006.jpg	 1.431689e+02	 12	 999000	 120	 999000	 999	 1.441858e+02	 716.67	 783.33	 3.00	 31	 0.87	 
MRI_faces_116	 2	 8	 1007.jpg	 1.461647e+02	 24	 999000	 240	 999000	 999	 1.471814e+02	 716.67	 783.33	 40.00	 1	 0.39	 
MRI_faces_116	 2	 8	 2024.jpg	 1.491648e+02	 11	 9.795651e+02	 110	 7.169642e+02	 98	 1.501814e+02	 733.34	 783.33	 17.00	 34	 0.66	 
MRI_faces_116	 2	 8	 2218.jpg	 1.541648e+02	 12	 999000	 120	 999000	 999	 1.551815e+02	 733.34	 783.33	 22.00	 57	 0.59	 
MRI_faces_116	 2	 8	 2229.jpg	 1.561649e+02	 11	 9.374784e+02	 110	 7.335994e+02	 98	 1.571815e+02	 750.00	 783.33	 8.00	 58	 0.80	 
MRI_faces_116	 2	 8	 2155.jpg	 1.581650e+02	 24	 999000	 240	 999000	 999	 1.591815e+02	 750.00	 783.33	 39.00	 51	 0.40	 
MRI_faces_116	 2	 8	 2015.jpg	 1.621649e+02	 11	 1.008423e+03	 1100	 7.502764e+02	 98	 1.631820e+02	 700.00	 783.33	 14.00	 33	 0.70	 
MRI_faces_116	 2	 8	 1173.jpg	 1.691650e+02	 22	 9.893147e+02	 220	 7.836074e+02	 98	 1.701817e+02	 700.00	 800.00	 54.00	 19	 0.20	 
MRI_faces_116	 2	 8	 1052.jpg	 1.711653e+02	 24	 999000	 240	 999000	 999	 1.721817e+02	 700.00	 800.00	 55.00	 9	 0.20	 
MRI_faces_116	 2	 8	 1255.jpg	 1.731651e+02	 11	 9.252318e+02	 110	 7.002636e+02	 98	 1.741818e+02	 716.67	 800.00	 16.00	 29	 0.70	 
MRI_faces_116	 2	 8	 1145.jpg	 1.751653e+02	 24	 999000	 240	 999000	 999	 1.761818e+02	 716.67	 800.00	 41.00	 16	 0.36	 
MRI_faces_116	 2	 8	 2058.jpg	 1.771652e+02	 24	 999000	 240	 999000	 999	 1.781819e+02	 716.67	 800.00	 47.00	 40	 0.24	 
MRI_faces_116	 2	 8	 2209.jpg	 1.791652e+02	 11	 9.341689e+02	 110	 7.169689e+02	 98	 1.801819e+02	 733.34	 800.00	 9.00	 55	 0.78	 
MRI_faces_116	 2	 8	 2010.jpg	 1.821653e+02	 12	 999000	 120	 999000	 999	 1.831820e+02	 733.34	 800.00	 21.00	 32	 0.61	 
MRI_faces_116	 2	 8	 1013.jpg	 1.841653e+02	 24	 999000	 240	 999000	 999	 1.851819e+02	 733.34	 800.00	 44.00	 2	 0.33	 
MRI_faces_116	 2	 8	 2043.jpg	 1.861653e+02	 12	 999000	 120	 999000	 999	 1.871820e+02	 733.34	 800.00	 12.00	 37	 0.72	 
MRI_faces_116	 2	 8	 2194.jpg	 1.901654e+02	 12	 999000	 120	 999000	 999	 1.911821e+02	 733.34	 800.00	 20.00	 54	 0.65	 
MRI_faces_116	 2	 8	 2063.jpg	 1.941654e+02	 12	 999000	 120	 999000	 999	 1.951821e+02	 733.34	 800.00	 7.00	 41	 0.81	 
MRI_faces_116	 2	 8	 2039.jpg	 2.001655e+02	 12	 999000	 120	 999000	 999	 2.011822e+02	 733.34	 800.00	 5.00	 35	 0.81	 
MRI_faces_116	 2	 8	 2149.jpg	 2.021656e+02	 24	 999000	 240	 999000	 999	 2.031822e+02	 733.34	 800.00	 56.00	 49	 0.20	 
MRI_faces_116	 2	 8	 1050.jpg	 2.041655e+02	 12	 999000	 120	 999000	 999	 2.051823e+02	 733.34	 800.00	 18.00	 8	 0.66	 
MRI_faces_116	 2	 8	 1226.jpg	 2.061656e+02	 22	 1.077760e+03	 2200	 8.003040e+02	 98	 2.071822e+02	 733.34	 750.00	 43.00	 27	 0.35	 
MRI_faces_116	 2	 8	 1060.jpg	 2.101658e+02	 24	 999000	 240	 999000	 999	 2.111823e+02	 733.34	 750.00	 45.00	 10	 0.29	 
MRI_faces_116	 2	 8	 1130.jpg	 2.121657e+02	 22	 9.736662e+02	 220	 7.502657e+02	 98	 2.131823e+02	 733.34	 766.66	 46.00	 15	 0.28	 
MRI_faces_116	 2	 8	 1183.jpg	 2.141657e+02	 24	 999000	 240	 999000	 999	 2.151823e+02	 733.34	 766.66	 57.00	 20	 0.17	 
MRI_faces_116	 2	 8	 2248.jpg	 2.161658e+02	 12	 999000	 120	 999000	 999	 2.171824e+02	 733.34	 766.66	 6.00	 60	 0.81	 
MRI_faces_116	 2	 8	 2164.jpg	 2.201660e+02	 11	 9.793592e+02	 110	 7.336032e+02	 98	 2.211827e+02	 750.00	 766.66	 11.00	 52	 0.72	 
MRI_faces_116	 2	 8	 2045.jpg	 2.241666e+02	 12	 999000	 120	 999000	 999	 2.251833e+02	 750.00	 766.66	 15.00	 38	 0.70	 
MRI_faces_116	 2	 8	 1073.jpg	 2.271671e+02	 24	 999000	 240	 999000	 999	 2.281839e+02	 750.00	 766.66	 50.00	 11	 0.23	 
MRI_faces_116	 2	 8	 1127.jpg	 2.321679e+02	 22	 9.824100e+02	 220	 7.669391e+02	 98	 2.331848e+02	 750.00	 783.33	 48.00	 14	 0.24	 
MRI_faces_116	 2	 8	 2094.jpg	 2.341684e+02	 22	 9.729853e+02	 220	 7.836266e+02	 98	 2.351851e+02	 750.00	 800.00	 51.00	 43	 0.23	 
MRI_faces_116	 2	 8	 1246.jpg	 2.371688e+02	 22	 1.017528e+03	 2200	 8.002826e+02	 98	 2.381856e+02	 750.00	 750.00	 49.00	 28	 0.24	 
MRI_faces_116	 2	 8	 2053.jpg	 2.411662e+02	 12	 999000	 120	 999000	 999	 2.421827e+02	 750.00	 750.00	 4.00	 39	 0.86	 
MRI_faces_116	 2	 8	 1035.jpg	 2.441662e+02	 12	 999000	 120	 999000	 999	 2.451828e+02	 750.00	 750.00	 13.00	 7	 0.71	 
