subjectID	 order	 runNum	 itemName	 onsetTime	 shuff_trialType	 RT	 respInTime	 AudioTime	 response	 fixationTime	 ladder1	 ladder2	 bidIndex	 itemNameIndex	 bidValue	 
MRI_faces_129	 1	 1	 2149.jpg	 2.380094e+00	 24	 999000	 240	 999000	 999	 3.410164e+00	 750.00	 750.00	 56.00	 49	 0.18	 
MRI_faces_129	 1	 1	 1031.jpg	 6.380043e+00	 12	 999000	 120	 999000	 999	 7.396835e+00	 750.00	 750.00	 5.00	 6	 0.82	 
MRI_faces_129	 1	 1	 1226.jpg	 8.374081e+00	 24	 999000	 240	 999000	 999	 9.390426e+00	 750.00	 750.00	 43.00	 27	 0.35	 
MRI_faces_129	 1	 1	 1007.jpg	 1.337380e+01	 22	 9.481092e+02	 220	 7.536314e+02	 98	 1.439052e+01	 750.00	 766.67	 50.00	 1	 0.28	 
MRI_faces_129	 1	 1	 1017.jpg	 1.537385e+01	 12	 999000	 120	 999000	 999	 1.639061e+01	 750.00	 766.67	 20.00	 3	 0.63	 
MRI_faces_129	 1	 1	 2006.jpg	 1.737390e+01	 11	 9.519886e+02	 110	 7.530142e+02	 98	 1.839052e+01	 766.67	 766.67	 10.00	 31	 0.75	 
MRI_faces_129	 1	 1	 1183.jpg	 2.137393e+01	 24	 999000	 240	 999000	 999	 2.239063e+01	 766.67	 766.67	 51.00	 20	 0.25	 
MRI_faces_129	 1	 1	 2024.jpg	 2.337398e+01	 22	 9.719246e+02	 220	 7.670216e+02	 98	 2.439069e+01	 766.67	 783.33	 47.00	 34	 0.30	 
MRI_faces_129	 1	 1	 2043.jpg	 2.537408e+01	 22	 1.076813e+03	 2200	 7.836160e+02	 98	 2.639068e+01	 766.67	 733.33	 44.00	 37	 0.35	 
MRI_faces_129	 1	 1	 1216.jpg	 2.837405e+01	 11	 9.688407e+02	 110	 7.669733e+02	 98	 2.939075e+01	 783.33	 733.33	 7.00	 26	 0.81	 
MRI_faces_129	 1	 1	 1130.jpg	 3.037412e+01	 24	 999000	 240	 999000	 999	 3.139078e+01	 783.33	 733.33	 54.00	 15	 0.19	 
MRI_faces_129	 1	 1	 1146.jpg	 3.437421e+01	 12	 999000	 120	 999000	 999	 3.539092e+01	 783.33	 733.33	 22.00	 17	 0.60	 
MRI_faces_129	 1	 1	 1202.jpg	 4.037428e+01	 12	 999000	 120	 999000	 999	 4.139096e+01	 783.33	 733.33	 21.00	 23	 0.61	 
MRI_faces_129	 1	 1	 1255.jpg	 4.337429e+01	 12	 999000	 120	 999000	 999	 4.439101e+01	 783.33	 733.33	 14.00	 29	 0.68	 
MRI_faces_129	 1	 1	 1127.jpg	 4.537431e+01	 24	 999000	 240	 999000	 999	 4.639106e+01	 783.33	 733.33	 55.00	 14	 0.19	 
MRI_faces_129	 1	 1	 2112.jpg	 4.737444e+01	 12	 999000	 120	 999000	 999	 4.839105e+01	 783.33	 733.33	 16.00	 45	 0.66	 
MRI_faces_129	 1	 1	 1060.jpg	 4.937447e+01	 24	 999000	 240	 999000	 999	 5.039110e+01	 783.33	 733.33	 58.00	 10	 0.14	 
MRI_faces_129	 1	 1	 1210.jpg	 5.137444e+01	 12	 999000	 120	 999000	 999	 5.239106e+01	 783.33	 733.33	 3.00	 25	 0.87	 
MRI_faces_129	 1	 1	 2058.jpg	 5.437455e+01	 24	 999000	 240	 999000	 999	 5.539120e+01	 783.33	 733.33	 49.00	 40	 0.29	 
MRI_faces_129	 1	 1	 2010.jpg	 5.837467e+01	 12	 999000	 120	 999000	 999	 5.939129e+01	 783.33	 733.33	 8.00	 32	 0.80	 
MRI_faces_129	 1	 1	 2089.jpg	 6.137467e+01	 11	 9.662257e+02	 110	 7.836488e+02	 98	 6.239128e+01	 800.00	 733.33	 15.00	 42	 0.67	 
MRI_faces_129	 1	 1	 2248.jpg	 6.537466e+01	 12	 999000	 120	 999000	 999	 6.639137e+01	 800.00	 733.33	 19.00	 60	 0.64	 
MRI_faces_129	 1	 1	 2118.jpg	 7.037472e+01	 12	 999000	 120	 999000	 999	 7.139145e+01	 800.00	 733.33	 11.00	 46	 0.75	 
MRI_faces_129	 1	 1	 2164.jpg	 7.437530e+01	 24	 999000	 240	 999000	 999	 7.539216e+01	 800.00	 733.33	 39.00	 52	 0.38	 
MRI_faces_129	 1	 1	 2181.jpg	 7.737583e+01	 11	 1.034069e+03	 1100	 8.002790e+02	 98	 7.839282e+01	 750.00	 733.33	 13.00	 53	 0.71	 
MRI_faces_129	 1	 1	 2063.jpg	 7.937625e+01	 12	 999000	 120	 999000	 999	 8.039307e+01	 750.00	 733.33	 4.00	 41	 0.83	 
MRI_faces_129	 1	 1	 1173.jpg	 8.137662e+01	 24	 999000	 240	 999000	 999	 8.239337e+01	 750.00	 733.33	 40.00	 19	 0.38	 
MRI_faces_129	 1	 1	 2015.jpg	 8.837773e+01	 12	 999000	 120	 999000	 999	 8.939461e+01	 750.00	 733.33	 17.00	 33	 0.66	 
MRI_faces_129	 1	 1	 1035.jpg	 9.137828e+01	 11	 9.666130e+02	 110	 7.503320e+02	 98	 9.239521e+01	 766.67	 733.33	 12.00	 7	 0.73	 
MRI_faces_129	 1	 1	 1114.jpg	 9.337866e+01	 12	 999000	 120	 999000	 999	 9.439560e+01	 766.67	 733.33	 6.00	 13	 0.81	 
MRI_faces_129	 1	 1	 2155.jpg	 9.737517e+01	 24	 999000	 240	 999000	 999	 9.839184e+01	 766.67	 733.33	 42.00	 51	 0.38	 
MRI_faces_129	 1	 1	 2094.jpg	 9.937525e+01	 11	 9.566510e+02	 110	 7.669260e+02	 98	 1.003919e+02	 783.33	 733.33	 18.00	 43	 0.65	 
MRI_faces_129	 1	 1	 2110.jpg	 1.023753e+02	 22	 1.149638e+03	 2200	 7.335902e+02	 98	 1.033919e+02	 783.33	 683.33	 52.00	 44	 0.21	 
MRI_faces_129	 1	 1	 1204.jpg	 1.043752e+02	 22	 9.546707e+02	 220	 6.913586e+02	 98	 1.053920e+02	 783.33	 700.00	 45.00	 24	 0.33	 
MRI_faces_129	 1	 1	 1192.jpg	 1.083753e+02	 24	 999000	 240	 999000	 999	 1.093920e+02	 783.33	 700.00	 48.00	 22	 0.29	 
MRI_faces_129	 1	 1	 1052.jpg	 1.103754e+02	 24	 999000	 240	 999000	 999	 1.113920e+02	 783.33	 700.00	 41.00	 9	 0.38	 
MRI_faces_129	 1	 1	 1150.jpg	 1.143754e+02	 24	 999000	 240	 999000	 999	 1.153921e+02	 783.33	 700.00	 57.00	 18	 0.18	 
MRI_faces_129	 1	 1	 1262.jpg	 1.173755e+02	 12	 999000	 120	 999000	 999	 1.183922e+02	 783.33	 700.00	 9.00	 30	 0.76	 
MRI_faces_129	 1	 1	 2045.jpg	 1.193755e+02	 24	 999000	 240	 999000	 999	 1.203921e+02	 783.33	 700.00	 46.00	 38	 0.32	 
MRI_faces_129	 1	 1	 2218.jpg	 1.223756e+02	 22	 8.873490e+02	 220	 7.002746e+02	 98	 1.233922e+02	 783.33	 716.67	 53.00	 57	 0.20	 
