subjectID	 order	 runNum	 itemName	 onsetTime	 shuff_trialType	 RT	 respInTime	 AudioTime	 response	 fixationTime	 ladder1	 ladder2	 bidIndex	 itemNameIndex	 bidValue	 
MRI_faces_143	 1	 14	 2164.jpg	 1.240823e+02	 22	 1.146074e+03	 2200	 7.836318e+02	 98	 1.250988e+02	 716.67	 733.32	 50.00	 52	 0.29	 
MRI_faces_143	 1	 14	 2110.jpg	 1.280823e+02	 24	 999000	 240	 999000	 999	 1.290992e+02	 716.67	 733.32	 56.00	 44	 0.16	 
MRI_faces_143	 1	 14	 2015.jpg	 1.300827e+02	 11	 9.446583e+02	 110	 7.169421e+02	 98	 1.310995e+02	 733.34	 733.32	 15.00	 33	 0.69	 
MRI_faces_143	 1	 14	 2125.jpg	 1.350835e+02	 11	 9.208806e+02	 110	 7.335859e+02	 98	 1.361003e+02	 750.00	 733.32	 12.00	 47	 0.75	 
MRI_faces_143	 1	 14	 1210.jpg	 1.370839e+02	 24	 999000	 240	 999000	 999	 1.381008e+02	 750.00	 733.32	 46.00	 25	 0.33	 
MRI_faces_143	 1	 14	 2094.jpg	 1.390842e+02	 12	 999000	 120	 999000	 999	 1.401010e+02	 750.00	 733.32	 11.00	 43	 0.78	 
MRI_faces_143	 1	 14	 1013.jpg	 1.430849e+02	 24	 999000	 240	 999000	 999	 1.441017e+02	 750.00	 733.32	 42.00	 2	 0.38	 
MRI_faces_143	 1	 14	 1052.jpg	 1.450853e+02	 22	 1.108100e+03	 2200	 7.335953e+02	 98	 1.461021e+02	 750.00	 683.32	 45.00	 9	 0.34	 
MRI_faces_143	 1	 14	 1035.jpg	 1.470856e+02	 12	 999000	 120	 999000	 999	 1.481024e+02	 750.00	 683.32	 3.00	 7	 0.88	 
MRI_faces_143	 1	 14	 2058.jpg	 1.500861e+02	 24	 999000	 240	 999000	 999	 1.511030e+02	 750.00	 683.32	 57.00	 40	 0.14	 
MRI_faces_143	 1	 14	 2153.jpg	 1.520866e+02	 12	 999000	 120	 999000	 999	 1.531033e+02	 750.00	 683.32	 20.00	 50	 0.62	 
MRI_faces_143	 1	 14	 2248.jpg	 1.560873e+02	 22	 8.351234e+02	 220	 6.836070e+02	 98	 1.571040e+02	 750.00	 699.99	 47.00	 60	 0.31	 
MRI_faces_143	 1	 14	 1246.jpg	 1.620883e+02	 24	 999000	 240	 999000	 999	 1.631050e+02	 750.00	 699.99	 51.00	 28	 0.28	 
MRI_faces_143	 1	 14	 1031.jpg	 1.650888e+02	 11	 9.346151e+02	 110	 7.502691e+02	 98	 1.661056e+02	 766.67	 699.99	 7.00	 6	 0.82	 
MRI_faces_143	 1	 14	 1050.jpg	 1.670893e+02	 12	 999000	 120	 999000	 999	 1.681060e+02	 766.67	 699.99	 17.00	 8	 0.66	 
MRI_faces_143	 1	 14	 1146.jpg	 1.690895e+02	 24	 999000	 240	 999000	 999	 1.701063e+02	 766.67	 699.99	 43.00	 17	 0.36	 
MRI_faces_143	 1	 14	 1255.jpg	 1.710898e+02	 12	 999000	 120	 999000	 999	 1.721067e+02	 766.67	 699.99	 19.00	 29	 0.64	 
MRI_faces_143	 1	 14	 1080.jpg	 1.730903e+02	 24	 999000	 240	 999000	 999	 1.741070e+02	 766.67	 699.99	 58.00	 12	 0.13	 
MRI_faces_143	 1	 14	 1150.jpg	 1.760908e+02	 24	 999000	 240	 999000	 999	 1.771078e+02	 766.67	 699.99	 40.00	 18	 0.39	 
MRI_faces_143	 1	 14	 2218.jpg	 1.800831e+02	 24	 999000	 240	 999000	 999	 1.810997e+02	 766.67	 699.99	 39.00	 57	 0.39	 
MRI_faces_143	 1	 14	 2112.jpg	 1.830831e+02	 12	 999000	 120	 999000	 999	 1.840998e+02	 766.67	 699.99	 9.00	 45	 0.80	 
MRI_faces_143	 1	 14	 1027.jpg	 1.870832e+02	 12	 999000	 120	 999000	 999	 1.880998e+02	 766.67	 699.99	 14.00	 5	 0.73	 
MRI_faces_143	 1	 14	 1127.jpg	 1.920832e+02	 24	 999000	 240	 999000	 999	 1.930998e+02	 766.67	 699.99	 49.00	 14	 0.30	 
MRI_faces_143	 1	 14	 1173.jpg	 1.960832e+02	 22	 8.691315e+02	 220	 7.002784e+02	 98	 1.971000e+02	 766.67	 716.65	 44.00	 19	 0.34	 
MRI_faces_143	 1	 14	 1073.jpg	 1.990833e+02	 11	 9.400667e+02	 110	 7.669547e+02	 98	 2.001000e+02	 783.34	 716.65	 10.00	 11	 0.79	 
MRI_faces_143	 1	 14	 1204.jpg	 2.010833e+02	 24	 999000	 240	 999000	 999	 2.021000e+02	 783.34	 716.65	 54.00	 24	 0.25	 
MRI_faces_143	 1	 14	 1191.jpg	 2.030833e+02	 12	 999000	 120	 999000	 999	 2.041000e+02	 783.34	 716.65	 6.00	 21	 0.83	 
MRI_faces_143	 1	 14	 1226.jpg	 2.100835e+02	 22	 8.949027e+02	 220	 7.169248e+02	 98	 2.111001e+02	 783.34	 733.32	 53.00	 27	 0.27	 
MRI_faces_143	 1	 14	 1262.jpg	 2.130835e+02	 24	 999000	 240	 999000	 999	 2.141004e+02	 783.34	 733.32	 48.00	 30	 0.31	 
MRI_faces_143	 1	 14	 2118.jpg	 2.150836e+02	 11	 9.838084e+02	 110	 7.836391e+02	 98	 2.161002e+02	 800.00	 733.32	 13.00	 46	 0.73	 
MRI_faces_143	 1	 14	 2006.jpg	 2.190836e+02	 12	 999000	 120	 999000	 999	 2.201002e+02	 800.00	 733.32	 4.00	 31	 0.86	 
MRI_faces_143	 1	 14	 2155.jpg	 2.210837e+02	 24	 999000	 240	 999000	 999	 2.221003e+02	 800.00	 733.32	 55.00	 51	 0.18	 
MRI_faces_143	 1	 14	 2181.jpg	 2.240836e+02	 24	 999000	 240	 999000	 999	 2.251004e+02	 800.00	 733.32	 41.00	 53	 0.38	 
MRI_faces_143	 1	 14	 2010.jpg	 2.260836e+02	 12	 999000	 120	 999000	 999	 2.271004e+02	 800.00	 733.32	 5.00	 32	 0.84	 
MRI_faces_143	 1	 14	 1192.jpg	 2.300838e+02	 22	 8.995499e+02	 220	 7.335917e+02	 98	 2.311005e+02	 800.00	 749.99	 52.00	 22	 0.28	 
MRI_faces_143	 1	 14	 1017.jpg	 2.320840e+02	 12	 999000	 120	 999000	 999	 2.331007e+02	 800.00	 749.99	 16.00	 3	 0.67	 
MRI_faces_143	 1	 14	 2043.jpg	 2.360846e+02	 12	 999000	 120	 999000	 999	 2.371016e+02	 800.00	 749.99	 21.00	 37	 0.60	 
MRI_faces_143	 1	 14	 2063.jpg	 2.390853e+02	 11	 1.150026e+03	 1100	 8.002601e+02	 98	 2.401019e+02	 750.00	 749.99	 18.00	 41	 0.64	 
MRI_faces_143	 1	 14	 2089.jpg	 2.410855e+02	 12	 999000	 120	 999000	 999	 2.421023e+02	 750.00	 749.99	 22.00	 42	 0.56	 
MRI_faces_143	 1	 14	 1202.jpg	 2.440860e+02	 12	 999000	 120	 999000	 999	 2.451029e+02	 750.00	 749.99	 8.00	 23	 0.80	 
