subjectID	 order	 runNum	 itemName	 onsetTime	 shuff_trialType	 RT	 respInTime	 AudioTime	 response	 fixationTime	 ladder1	 ladder2	 bidIndex	 itemNameIndex	 bidValue	 
MRI_faces_148	 2	 9	 1031.jpg	 2.436543e+00	 12	 999000	 120	 999000	 999	 3.454051e+00	 750.00	 683.33	 13.00	 6	 0.76	 
MRI_faces_148	 2	 9	 2212.jpg	 7.428130e+00	 11	 9.535832e+02	 110	 7.519195e+02	 98	 8.444925e+00	 766.67	 683.33	 14.00	 56	 0.74	 
MRI_faces_148	 2	 9	 2125.jpg	 9.428139e+00	 12	 999000	 120	 999000	 999	 1.044571e+01	 766.67	 683.33	 4.00	 47	 0.87	 
MRI_faces_148	 2	 9	 2240.jpg	 1.242832e+01	 22	 9.063697e+02	 220	 6.851702e+02	 98	 1.344493e+01	 766.67	 700.00	 49.00	 59	 0.25	 
MRI_faces_148	 2	 9	 1150.jpg	 1.542832e+01	 22	 8.983666e+02	 220	 7.002892e+02	 98	 1.644498e+01	 766.67	 716.66	 48.00	 18	 0.27	 
MRI_faces_148	 2	 9	 2153.jpg	 2.242836e+01	 11	 9.833293e+02	 110	 7.669426e+02	 98	 2.344517e+01	 783.33	 716.66	 11.00	 50	 0.79	 
MRI_faces_148	 2	 9	 2058.jpg	 2.442840e+01	 22	 9.282951e+02	 220	 7.169456e+02	 98	 2.544512e+01	 783.33	 733.33	 54.00	 40	 0.22	 
MRI_faces_148	 2	 9	 2063.jpg	 2.842851e+01	 12	 999000	 120	 999000	 999	 2.944515e+01	 783.33	 733.33	 20.00	 41	 0.63	 
MRI_faces_148	 2	 9	 2194.jpg	 3.042849e+01	 24	 999000	 240	 999000	 999	 3.144514e+01	 783.33	 733.33	 56.00	 54	 0.18	 
MRI_faces_148	 2	 9	 2155.jpg	 3.542862e+01	 22	 9.400708e+02	 220	 7.335881e+02	 98	 3.644550e+01	 783.33	 750.00	 46.00	 51	 0.28	 
MRI_faces_148	 2	 9	 2229.jpg	 3.942867e+01	 12	 999000	 120	 999000	 999	 4.044545e+01	 783.33	 750.00	 12.00	 58	 0.76	 
MRI_faces_148	 2	 9	 2118.jpg	 4.142877e+01	 11	 9.919260e+02	 110	 7.836257e+02	 98	 4.244540e+01	 800.00	 750.00	 16.00	 46	 0.72	 
MRI_faces_148	 2	 9	 2039.jpg	 4.442878e+01	 12	 999000	 120	 999000	 999	 4.544538e+01	 800.00	 750.00	 3.00	 35	 0.88	 
MRI_faces_148	 2	 9	 2024.jpg	 4.742883e+01	 22	 9.628614e+02	 220	 7.502717e+02	 98	 4.844548e+01	 800.00	 766.66	 43.00	 34	 0.32	 
MRI_faces_148	 2	 9	 1027.jpg	 5.142880e+01	 12	 999000	 120	 999000	 999	 5.244563e+01	 800.00	 766.66	 18.00	 5	 0.69	 
MRI_faces_148	 2	 9	 1204.jpg	 5.542889e+01	 24	 999000	 240	 999000	 999	 5.644572e+01	 800.00	 766.66	 52.00	 24	 0.24	 
MRI_faces_148	 2	 9	 2041.jpg	 5.942962e+01	 24	 999000	 240	 999000	 999	 6.044647e+01	 800.00	 766.66	 50.00	 36	 0.24	 
MRI_faces_148	 2	 9	 2128.jpg	 6.243009e+01	 24	 999000	 240	 999000	 999	 6.344689e+01	 800.00	 766.66	 47.00	 48	 0.27	 
MRI_faces_148	 2	 9	 2149.jpg	 6.543068e+01	 24	 999000	 240	 999000	 999	 6.644742e+01	 800.00	 766.66	 41.00	 49	 0.34	 
MRI_faces_148	 2	 9	 1173.jpg	 6.843119e+01	 22	 1.011491e+03	 2200	 7.669334e+02	 98	 6.944920e+01	 800.00	 716.66	 51.00	 19	 0.24	 
MRI_faces_148	 2	 9	 2006.jpg	 7.043164e+01	 12	 999000	 120	 999000	 999	 7.144838e+01	 800.00	 716.66	 10.00	 31	 0.81	 
MRI_faces_148	 2	 9	 2043.jpg	 7.343206e+01	 12	 999000	 120	 999000	 999	 7.444896e+01	 800.00	 716.66	 22.00	 37	 0.58	 
MRI_faces_148	 2	 9	 1080.jpg	 7.543247e+01	 12	 999000	 120	 999000	 999	 7.644926e+01	 800.00	 716.66	 15.00	 12	 0.73	 
MRI_faces_148	 2	 9	 2181.jpg	 7.743298e+01	 12	 999000	 120	 999000	 999	 7.844956e+01	 800.00	 716.66	 6.00	 53	 0.84	 
MRI_faces_148	 2	 9	 1127.jpg	 7.943309e+01	 24	 999000	 240	 999000	 999	 8.044997e+01	 800.00	 716.66	 57.00	 14	 0.15	 
MRI_faces_148	 2	 9	 1035.jpg	 8.243369e+01	 12	 999000	 120	 999000	 999	 8.345051e+01	 800.00	 716.66	 7.00	 7	 0.82	 
MRI_faces_148	 2	 9	 1183.jpg	 8.643441e+01	 24	 999000	 240	 999000	 999	 8.745115e+01	 800.00	 716.66	 53.00	 20	 0.24	 
MRI_faces_148	 2	 9	 1050.jpg	 8.842943e+01	 11	 1.001285e+03	 1100	 8.002815e+02	 98	 8.944606e+01	 750.00	 716.66	 17.00	 8	 0.71	 
MRI_faces_148	 2	 9	 1073.jpg	 9.042948e+01	 12	 999000	 120	 999000	 999	 9.144611e+01	 750.00	 716.66	 21.00	 11	 0.59	 
MRI_faces_148	 2	 9	 2164.jpg	 9.442951e+01	 24	 999000	 240	 999000	 999	 9.544612e+01	 750.00	 716.66	 44.00	 52	 0.30	 
MRI_faces_148	 2	 9	 1210.jpg	 9.642963e+01	 24	 999000	 240	 999000	 999	 9.744616e+01	 750.00	 716.66	 45.00	 25	 0.30	 
MRI_faces_148	 2	 9	 1262.jpg	 9.842957e+01	 11	 1.141104e+03	 1100	 7.502817e+02	 98	 9.944621e+01	 700.00	 716.66	 9.00	 30	 0.81	 
MRI_faces_148	 2	 9	 1226.jpg	 1.024296e+02	 24	 999000	 240	 999000	 999	 1.034463e+02	 700.00	 716.66	 58.00	 27	 0.06	 
MRI_faces_148	 2	 9	 1246.jpg	 1.064297e+02	 24	 999000	 240	 999000	 999	 1.074463e+02	 700.00	 716.66	 42.00	 28	 0.33	 
MRI_faces_148	 2	 9	 2218.jpg	 1.084297e+02	 24	 999000	 240	 999000	 999	 1.094464e+02	 700.00	 716.66	 55.00	 57	 0.19	 
MRI_faces_148	 2	 9	 2010.jpg	 1.104298e+02	 24	 999000	 240	 999000	 999	 1.114464e+02	 700.00	 716.66	 39.00	 32	 0.40	 
MRI_faces_148	 2	 9	 1146.jpg	 1.124298e+02	 24	 999000	 240	 999000	 999	 1.134465e+02	 700.00	 716.66	 40.00	 17	 0.35	 
MRI_faces_148	 2	 9	 2089.jpg	 1.144298e+02	 12	 999000	 120	 999000	 999	 1.154465e+02	 700.00	 716.66	 19.00	 42	 0.68	 
MRI_faces_148	 2	 9	 2112.jpg	 1.204299e+02	 11	 4.567689e+02	 11	 7.002841e+02	 98	 1.214466e+02	 716.67	 716.66	 8.00	 45	 0.82	 
MRI_faces_148	 2	 9	 2045.jpg	 1.224299e+02	 12	 999000	 120	 999000	 999	 1.234466e+02	 716.67	 716.66	 5.00	 38	 0.84	 
