subjectID	 order	 runNum	 itemName	 onsetTime	 shuff_trialType	 RT	 respInTime	 AudioTime	 response	 fixationTime	 ladder1	 ladder2	 bidIndex	 itemNameIndex	 bidValue	 
MRI_faces_144	 2	 3	 2194.jpg	 2.421380e+00	 12	 999000	 120	 999000	 999	 3.438553e+00	 816.66	 683.33	 7.00	 54	 0.81	 
MRI_faces_144	 2	 3	 1080.jpg	 5.413476e+00	 24	 999000	 240	 999000	 999	 6.430274e+00	 816.66	 683.33	 58.00	 12	 0.13	 
MRI_faces_144	 2	 3	 1035.jpg	 9.414300e+00	 22	 8.975794e+02	 220	 6.850960e+02	 98	 1.043197e+01	 816.66	 700.00	 46.00	 7	 0.31	 
MRI_faces_144	 2	 3	 2006.jpg	 1.241469e+01	 11	 1.004240e+03	 1100	 8.184722e+02	 98	 1.343155e+01	 766.66	 700.00	 8.00	 31	 0.80	 
MRI_faces_144	 2	 3	 2039.jpg	 1.641545e+01	 12	 999000	 120	 999000	 999	 1.743228e+01	 766.66	 700.00	 4.00	 35	 0.86	 
MRI_faces_144	 2	 3	 1060.jpg	 1.941603e+01	 22	 9.008444e+02	 220	 7.002501e+02	 98	 2.043280e+01	 766.66	 716.66	 49.00	 10	 0.27	 
MRI_faces_144	 2	 3	 2015.jpg	 2.141631e+01	 12	 999000	 120	 999000	 999	 2.243312e+01	 766.66	 716.66	 5.00	 33	 0.86	 
MRI_faces_144	 2	 3	 2089.jpg	 2.441689e+01	 12	 999000	 120	 999000	 999	 2.543369e+01	 766.66	 716.66	 21.00	 42	 0.63	 
MRI_faces_144	 2	 3	 1255.jpg	 2.741738e+01	 24	 999000	 240	 999000	 999	 2.843421e+01	 766.66	 716.66	 39.00	 29	 0.39	 
MRI_faces_144	 2	 3	 2128.jpg	 3.241832e+01	 12	 999000	 120	 999000	 999	 3.343518e+01	 766.66	 716.66	 18.00	 48	 0.65	 
MRI_faces_144	 2	 3	 1150.jpg	 3.441867e+01	 22	 9.612212e+02	 220	 7.169232e+02	 98	 3.543549e+01	 766.66	 733.33	 48.00	 18	 0.28	 
MRI_faces_144	 2	 3	 2058.jpg	 3.641896e+01	 12	 999000	 120	 999000	 999	 3.743583e+01	 766.66	 733.33	 15.00	 40	 0.70	 
MRI_faces_144	 2	 3	 2229.jpg	 4.041967e+01	 11	 9.802106e+02	 110	 7.669790e+02	 98	 4.143840e+01	 783.33	 733.33	 9.00	 58	 0.80	 
MRI_faces_144	 2	 3	 2053.jpg	 4.740513e+01	 11	 9.707475e+02	 110	 7.836441e+02	 98	 4.842181e+01	 799.99	 733.33	 16.00	 39	 0.69	 
MRI_faces_144	 2	 3	 2112.jpg	 4.940521e+01	 12	 999000	 120	 999000	 999	 5.042181e+01	 799.99	 733.33	 3.00	 45	 0.88	 
MRI_faces_144	 2	 3	 1192.jpg	 5.140520e+01	 24	 999000	 240	 999000	 999	 5.242187e+01	 799.99	 733.33	 57.00	 22	 0.14	 
MRI_faces_144	 2	 3	 2218.jpg	 5.340508e+01	 12	 999000	 120	 999000	 999	 5.442208e+01	 799.99	 733.33	 19.00	 57	 0.64	 
MRI_faces_144	 2	 3	 1246.jpg	 5.540565e+01	 24	 999000	 240	 999000	 999	 5.642248e+01	 799.99	 733.33	 42.00	 28	 0.35	 
MRI_faces_144	 2	 3	 2063.jpg	 5.740601e+01	 12	 999000	 120	 999000	 999	 5.842284e+01	 799.99	 733.33	 12.00	 41	 0.77	 
MRI_faces_144	 2	 3	 1019.jpg	 6.040652e+01	 22	 9.613531e+02	 220	 7.336101e+02	 98	 6.142342e+01	 799.99	 750.00	 43.00	 4	 0.35	 
MRI_faces_144	 2	 3	 2153.jpg	 6.240688e+01	 12	 999000	 120	 999000	 999	 6.342376e+01	 799.99	 750.00	 10.00	 50	 0.79	 
MRI_faces_144	 2	 3	 1204.jpg	 6.440725e+01	 24	 999000	 240	 999000	 999	 6.542411e+01	 799.99	 750.00	 44.00	 24	 0.34	 
MRI_faces_144	 2	 3	 2125.jpg	 6.840800e+01	 11	 1.000922e+03	 1100	 8.002767e+02	 98	 6.942660e+01	 749.99	 750.00	 11.00	 47	 0.77	 
MRI_faces_144	 2	 3	 1073.jpg	 7.240864e+01	 24	 999000	 240	 999000	 999	 7.342548e+01	 749.99	 750.00	 56.00	 11	 0.15	 
MRI_faces_144	 2	 3	 2043.jpg	 7.840978e+01	 12	 999000	 120	 999000	 999	 7.942656e+01	 749.99	 750.00	 22.00	 37	 0.60	 
MRI_faces_144	 2	 3	 2212.jpg	 8.041014e+01	 12	 999000	 120	 999000	 999	 8.142690e+01	 749.99	 750.00	 6.00	 56	 0.81	 
MRI_faces_144	 2	 3	 1191.jpg	 8.241038e+01	 24	 999000	 240	 999000	 999	 8.342724e+01	 749.99	 750.00	 50.00	 21	 0.25	 
MRI_faces_144	 2	 3	 1127.jpg	 8.441079e+01	 22	 1.086090e+03	 2200	 7.503250e+02	 98	 8.542756e+01	 749.99	 700.00	 54.00	 14	 0.17	 
MRI_faces_144	 2	 3	 2024.jpg	 8.841158e+01	 11	 9.503097e+02	 110	 7.502712e+02	 98	 8.942831e+01	 766.66	 700.00	 14.00	 34	 0.73	 
MRI_faces_144	 2	 3	 1146.jpg	 9.041187e+01	 24	 999000	 240	 999000	 999	 9.142874e+01	 766.66	 700.00	 53.00	 17	 0.19	 
MRI_faces_144	 2	 3	 2010.jpg	 9.241224e+01	 12	 999000	 120	 999000	 999	 9.342899e+01	 766.66	 700.00	 20.00	 32	 0.64	 
MRI_faces_144	 2	 3	 1013.jpg	 9.441253e+01	 24	 999000	 240	 999000	 999	 9.542943e+01	 766.66	 700.00	 55.00	 2	 0.16	 
MRI_faces_144	 2	 3	 1145.jpg	 9.841320e+01	 24	 999000	 240	 999000	 999	 9.943006e+01	 766.66	 700.00	 45.00	 16	 0.32	 
MRI_faces_144	 2	 3	 2041.jpg	 1.024140e+02	 11	 1.000960e+03	 1100	 7.669573e+02	 98	 1.034311e+02	 716.66	 700.00	 17.00	 36	 0.67	 
MRI_faces_144	 2	 3	 2164.jpg	 1.054145e+02	 24	 999000	 240	 999000	 999	 1.064313e+02	 716.66	 700.00	 41.00	 52	 0.35	 
MRI_faces_144	 2	 3	 1114.jpg	 1.104154e+02	 22	 1.137425e+03	 2200	 7.002740e+02	 98	 1.114324e+02	 716.66	 650.00	 51.00	 13	 0.23	 
MRI_faces_144	 2	 3	 1007.jpg	 1.124157e+02	 24	 999000	 240	 999000	 999	 1.134325e+02	 716.66	 650.00	 40.00	 1	 0.38	 
MRI_faces_144	 2	 3	 1183.jpg	 1.154163e+02	 24	 999000	 240	 999000	 999	 1.164331e+02	 716.66	 650.00	 52.00	 20	 0.23	 
MRI_faces_144	 2	 3	 1216.jpg	 1.194169e+02	 24	 999000	 240	 999000	 999	 1.204337e+02	 716.66	 650.00	 47.00	 26	 0.30	 
MRI_faces_144	 2	 3	 2045.jpg	 1.224175e+02	 12	 999000	 120	 999000	 999	 1.234343e+02	 716.66	 650.00	 13.00	 38	 0.73	 
