subjectID	 order	 runNum	 itemName	 onsetTime	 shuff_trialType	 RT	 respInTime	 AudioTime	 response	 fixationTime	 ladder1	 ladder2	 bidIndex	 itemNameIndex	 bidValue	 
MRI_faces_143	 1	 3	 1052.jpg	 2.294673e+00	 22	 9.177730e+02	 220	 6.868146e+02	 98	 3.311489e+00	 683.34	 700.00	 45.00	 9	 0.34	 
MRI_faces_143	 1	 3	 2164.jpg	 4.294954e+00	 22	 8.744502e+02	 220	 7.025996e+02	 98	 5.311886e+00	 683.34	 716.66	 50.00	 52	 0.29	 
MRI_faces_143	 1	 3	 1035.jpg	 7.295631e+00	 12	 999000	 120	 999000	 999	 8.312352e+00	 683.34	 716.66	 3.00	 7	 0.88	 
MRI_faces_143	 1	 3	 2181.jpg	 1.029604e+01	 24	 999000	 240	 999000	 999	 1.131284e+01	 683.34	 716.66	 41.00	 53	 0.38	 
MRI_faces_143	 1	 3	 2058.jpg	 1.229635e+01	 24	 999000	 240	 999000	 999	 1.331330e+01	 683.34	 716.66	 57.00	 40	 0.14	 
MRI_faces_143	 1	 3	 1150.jpg	 1.629297e+01	 24	 999000	 240	 999000	 999	 1.730963e+01	 683.34	 716.66	 40.00	 18	 0.39	 
MRI_faces_143	 1	 3	 2063.jpg	 2.129307e+01	 11	 9.083146e+02	 110	 6.862059e+02	 98	 2.230970e+01	 700.01	 716.66	 18.00	 41	 0.64	 
MRI_faces_143	 1	 3	 2112.jpg	 2.329302e+01	 12	 999000	 120	 999000	 999	 2.430967e+01	 700.01	 716.66	 9.00	 45	 0.80	 
MRI_faces_143	 1	 3	 1202.jpg	 2.629310e+01	 12	 999000	 120	 999000	 999	 2.730981e+01	 700.01	 716.66	 8.00	 23	 0.80	 
MRI_faces_143	 1	 3	 1173.jpg	 2.829320e+01	 22	 1.000197e+03	 2200	 7.169611e+02	 98	 2.930983e+01	 700.01	 666.66	 44.00	 19	 0.34	 
MRI_faces_143	 1	 3	 1255.jpg	 3.429328e+01	 12	 999000	 120	 999000	 999	 3.530983e+01	 700.01	 666.66	 19.00	 29	 0.64	 
MRI_faces_143	 1	 3	 2010.jpg	 3.729325e+01	 12	 999000	 120	 999000	 999	 3.830997e+01	 700.01	 666.66	 5.00	 32	 0.84	 
MRI_faces_143	 1	 3	 1146.jpg	 4.229343e+01	 24	 999000	 240	 999000	 999	 4.331005e+01	 700.01	 666.66	 43.00	 17	 0.36	 
MRI_faces_143	 1	 3	 1210.jpg	 4.429342e+01	 24	 999000	 240	 999000	 999	 4.531001e+01	 700.01	 666.66	 46.00	 25	 0.33	 
MRI_faces_143	 1	 3	 1246.jpg	 4.629345e+01	 24	 999000	 240	 999000	 999	 4.731009e+01	 700.01	 666.66	 51.00	 28	 0.28	 
MRI_faces_143	 1	 3	 1031.jpg	 5.029352e+01	 11	 8.988847e+02	 110	 7.002974e+02	 98	 5.131017e+01	 716.67	 666.66	 7.00	 6	 0.82	 
MRI_faces_143	 1	 3	 1017.jpg	 5.229351e+01	 12	 999000	 120	 999000	 999	 5.331017e+01	 716.67	 666.66	 16.00	 3	 0.67	 
MRI_faces_143	 1	 3	 2125.jpg	 5.529358e+01	 11	 1.019821e+03	 1100	 7.169672e+02	 98	 5.631028e+01	 666.67	 666.66	 12.00	 47	 0.75	 
MRI_faces_143	 1	 3	 1226.jpg	 5.829357e+01	 22	 9.138343e+02	 220	 6.669375e+02	 98	 5.931035e+01	 666.67	 683.33	 53.00	 27	 0.27	 
MRI_faces_143	 1	 3	 1204.jpg	 6.129365e+01	 24	 999000	 240	 999000	 999	 6.231025e+01	 666.67	 683.33	 54.00	 24	 0.25	 
MRI_faces_143	 1	 3	 1191.jpg	 6.329368e+01	 12	 999000	 120	 999000	 999	 6.431037e+01	 666.67	 683.33	 6.00	 21	 0.83	 
MRI_faces_143	 1	 3	 2218.jpg	 6.729379e+01	 24	 999000	 240	 999000	 999	 6.831063e+01	 666.67	 683.33	 39.00	 57	 0.39	 
MRI_faces_143	 1	 3	 2006.jpg	 6.929378e+01	 12	 999000	 120	 999000	 999	 7.031043e+01	 666.67	 683.33	 4.00	 31	 0.86	 
MRI_faces_143	 1	 3	 2118.jpg	 7.129379e+01	 11	 9.636155e+02	 110	 6.670183e+02	 98	 7.231047e+01	 683.34	 683.33	 13.00	 46	 0.73	 
MRI_faces_143	 1	 3	 1262.jpg	 7.329386e+01	 24	 999000	 240	 999000	 999	 7.431046e+01	 683.34	 683.33	 48.00	 30	 0.31	 
MRI_faces_143	 1	 3	 2094.jpg	 7.529382e+01	 12	 999000	 120	 999000	 999	 7.631060e+01	 683.34	 683.33	 11.00	 43	 0.78	 
MRI_faces_143	 1	 3	 1192.jpg	 7.929393e+01	 22	 9.194630e+02	 220	 6.835984e+02	 98	 8.031055e+01	 683.34	 700.00	 52.00	 22	 0.28	 
MRI_faces_143	 1	 3	 1127.jpg	 8.329401e+01	 24	 999000	 240	 999000	 999	 8.431067e+01	 683.34	 700.00	 49.00	 14	 0.30	 
MRI_faces_143	 1	 3	 1027.jpg	 8.729406e+01	 12	 999000	 120	 999000	 999	 8.831083e+01	 683.34	 700.00	 14.00	 5	 0.73	 
MRI_faces_143	 1	 3	 1050.jpg	 9.029406e+01	 12	 999000	 120	 999000	 999	 9.131076e+01	 683.34	 700.00	 17.00	 8	 0.66	 
MRI_faces_143	 1	 3	 1080.jpg	 9.229411e+01	 24	 999000	 240	 999000	 999	 9.331078e+01	 683.34	 700.00	 58.00	 12	 0.13	 
MRI_faces_143	 1	 3	 2155.jpg	 9.429431e+01	 24	 999000	 240	 999000	 999	 9.531099e+01	 683.34	 700.00	 55.00	 51	 0.18	 
MRI_faces_143	 1	 3	 1073.jpg	 9.629443e+01	 11	 9.709718e+02	 110	 6.836314e+02	 98	 9.731122e+01	 700.01	 700.00	 10.00	 11	 0.79	 
MRI_faces_143	 1	 3	 2110.jpg	 9.829478e+01	 24	 999000	 240	 999000	 999	 9.931164e+01	 700.01	 700.00	 56.00	 44	 0.16	 
MRI_faces_143	 1	 3	 2248.jpg	 1.022955e+02	 22	 9.099179e+02	 220	 7.002866e+02	 98	 1.033123e+02	 700.01	 716.66	 47.00	 60	 0.31	 
MRI_faces_143	 1	 3	 2043.jpg	 1.042959e+02	 12	 999000	 120	 999000	 999	 1.053126e+02	 700.01	 716.66	 21.00	 37	 0.60	 
MRI_faces_143	 1	 3	 2015.jpg	 1.112944e+02	 11	 9.110134e+02	 110	 7.002868e+02	 98	 1.123111e+02	 716.67	 716.66	 15.00	 33	 0.69	 
MRI_faces_143	 1	 3	 2089.jpg	 1.152947e+02	 12	 999000	 120	 999000	 999	 1.163112e+02	 716.67	 716.66	 22.00	 42	 0.56	 
MRI_faces_143	 1	 3	 2153.jpg	 1.182945e+02	 12	 999000	 120	 999000	 999	 1.193112e+02	 716.67	 716.66	 20.00	 50	 0.62	 
MRI_faces_143	 1	 3	 1013.jpg	 1.222945e+02	 24	 999000	 240	 999000	 999	 1.233112e+02	 716.67	 716.66	 42.00	 2	 0.38	 
