subjectID	 order	 runNum	 itemName	 onsetTime	 shuff_trialType	 RT	 respInTime	 AudioTime	 response	 fixationTime	 ladder1	 ladder2	 bidIndex	 itemNameIndex	 bidValue	 
MRI_faces_138	 2	 5	 1007.jpg	 2.413442e+00	 24	 999000	 240	 999000	 999	 3.430710e+00	 750.00	 750.00	 50.00	 1	 0.28	 
MRI_faces_138	 2	 5	 1191.jpg	 4.413474e+00	 12	 999000	 120	 999000	 999	 5.430276e+00	 750.00	 750.00	 21.00	 21	 0.62	 
MRI_faces_138	 2	 5	 2015.jpg	 7.410961e+00	 12	 999000	 120	 999000	 999	 8.428473e+00	 750.00	 750.00	 18.00	 33	 0.64	 
MRI_faces_138	 2	 5	 2041.jpg	 1.041103e+01	 24	 999000	 240	 999000	 999	 1.142772e+01	 750.00	 750.00	 41.00	 36	 0.35	 
MRI_faces_138	 2	 5	 2155.jpg	 1.241100e+01	 12	 999000	 120	 999000	 999	 1.342777e+01	 750.00	 750.00	 19.00	 51	 0.64	 
MRI_faces_138	 2	 5	 1255.jpg	 1.641115e+01	 24	 999000	 240	 999000	 999	 1.742780e+01	 750.00	 750.00	 58.00	 29	 0.16	 
MRI_faces_138	 2	 5	 2110.jpg	 2.141124e+01	 24	 999000	 240	 999000	 999	 2.242786e+01	 750.00	 750.00	 39.00	 44	 0.39	 
MRI_faces_138	 2	 5	 1127.jpg	 2.341118e+01	 22	 9.446990e+02	 220	 7.518261e+02	 98	 2.442781e+01	 750.00	 766.67	 43.00	 14	 0.33	 
MRI_faces_138	 2	 5	 2053.jpg	 2.641132e+01	 12	 999000	 120	 999000	 999	 2.742791e+01	 750.00	 766.67	 12.00	 39	 0.71	 
MRI_faces_138	 2	 5	 2149.jpg	 2.841135e+01	 24	 999000	 240	 999000	 999	 2.942796e+01	 750.00	 766.67	 57.00	 49	 0.19	 
MRI_faces_138	 2	 5	 1027.jpg	 3.441136e+01	 24	 999000	 240	 999000	 999	 3.542808e+01	 750.00	 766.67	 52.00	 5	 0.25	 
MRI_faces_138	 2	 5	 2058.jpg	 3.741144e+01	 24	 999000	 240	 999000	 999	 3.842808e+01	 750.00	 766.67	 47.00	 40	 0.31	 
MRI_faces_138	 2	 5	 1173.jpg	 4.241150e+01	 24	 999000	 240	 999000	 999	 4.342819e+01	 750.00	 766.67	 55.00	 19	 0.20	 
MRI_faces_138	 2	 5	 1150.jpg	 4.441149e+01	 24	 999000	 240	 999000	 999	 4.542820e+01	 750.00	 766.67	 44.00	 18	 0.32	 
MRI_faces_138	 2	 5	 2164.jpg	 4.641152e+01	 12	 999000	 120	 999000	 999	 4.742825e+01	 750.00	 766.67	 20.00	 52	 0.64	 
MRI_faces_138	 2	 5	 1246.jpg	 5.041165e+01	 22	 1.036214e+03	 2200	 7.669294e+02	 98	 5.142830e+01	 750.00	 716.67	 54.00	 28	 0.22	 
MRI_faces_138	 2	 5	 2181.jpg	 5.241166e+01	 12	 999000	 120	 999000	 999	 5.342829e+01	 750.00	 716.67	 5.00	 53	 0.82	 
MRI_faces_138	 2	 5	 1114.jpg	 5.541173e+01	 11	 9.701370e+02	 110	 7.518375e+02	 98	 5.642842e+01	 766.67	 716.67	 17.00	 13	 0.65	 
MRI_faces_138	 2	 5	 2006.jpg	 5.841175e+01	 12	 999000	 120	 999000	 999	 5.942842e+01	 766.67	 716.67	 7.00	 31	 0.81	 
MRI_faces_138	 2	 5	 1183.jpg	 6.141176e+01	 24	 999000	 240	 999000	 999	 6.242846e+01	 766.67	 716.67	 42.00	 20	 0.35	 
MRI_faces_138	 2	 5	 1202.jpg	 6.341182e+01	 22	 9.350555e+02	 220	 7.169547e+02	 98	 6.442848e+01	 766.67	 733.33	 46.00	 23	 0.31	 
MRI_faces_138	 2	 5	 1035.jpg	 6.741188e+01	 12	 999000	 120	 999000	 999	 6.842847e+01	 766.67	 733.33	 13.00	 7	 0.71	 
MRI_faces_138	 2	 5	 1192.jpg	 6.941185e+01	 24	 999000	 240	 999000	 999	 7.042863e+01	 766.67	 733.33	 53.00	 22	 0.23	 
MRI_faces_138	 2	 5	 1262.jpg	 7.141188e+01	 22	 9.309933e+02	 220	 7.336027e+02	 98	 7.242854e+01	 766.67	 750.00	 51.00	 30	 0.25	 
MRI_faces_138	 2	 5	 1013.jpg	 7.341189e+01	 24	 999000	 240	 999000	 999	 7.442862e+01	 766.67	 750.00	 56.00	 2	 0.19	 
MRI_faces_138	 2	 5	 2212.jpg	 7.541191e+01	 12	 999000	 120	 999000	 999	 7.642863e+01	 766.67	 750.00	 6.00	 56	 0.82	 
MRI_faces_138	 2	 5	 2094.jpg	 7.941201e+01	 12	 999000	 120	 999000	 999	 8.042870e+01	 766.67	 750.00	 3.00	 43	 0.85	 
MRI_faces_138	 2	 5	 2112.jpg	 8.341204e+01	 11	 1.011808e+03	 1100	 7.669490e+02	 98	 8.442988e+01	 716.67	 750.00	 8.00	 45	 0.77	 
MRI_faces_138	 2	 5	 2153.jpg	 8.741213e+01	 12	 999000	 120	 999000	 999	 8.842883e+01	 716.67	 750.00	 4.00	 50	 0.83	 
MRI_faces_138	 2	 5	 1210.jpg	 9.041217e+01	 12	 999000	 120	 999000	 999	 9.142883e+01	 716.67	 750.00	 22.00	 25	 0.62	 
MRI_faces_138	 2	 5	 1146.jpg	 9.241223e+01	 22	 9.686378e+02	 220	 7.502834e+02	 98	 9.342904e+01	 716.67	 766.67	 48.00	 17	 0.30	 
MRI_faces_138	 2	 5	 2128.jpg	 9.441261e+01	 24	 999000	 240	 999000	 999	 9.542941e+01	 716.67	 766.67	 40.00	 48	 0.35	 
MRI_faces_138	 2	 5	 2039.jpg	 9.641299e+01	 12	 999000	 120	 999000	 999	 9.742981e+01	 716.67	 766.67	 15.00	 35	 0.70	 
MRI_faces_138	 2	 5	 1019.jpg	 9.841336e+01	 22	 1.010514e+03	 2200	 7.669509e+02	 98	 9.943329e+01	 716.67	 716.67	 49.00	 4	 0.29	 
MRI_faces_138	 2	 5	 2063.jpg	 1.024140e+02	 11	 9.388860e+02	 110	 7.169326e+02	 98	 1.034309e+02	 733.33	 716.67	 11.00	 41	 0.72	 
MRI_faces_138	 2	 5	 2218.jpg	 1.044124e+02	 11	 9.825193e+02	 110	 7.335934e+02	 98	 1.054312e+02	 750.00	 716.67	 16.00	 57	 0.67	 
MRI_faces_138	 2	 5	 2089.jpg	 1.114125e+02	 11	 1.002419e+03	 1100	 7.502508e+02	 98	 1.124292e+02	 700.00	 716.67	 14.00	 42	 0.71	 
MRI_faces_138	 2	 5	 2125.jpg	 1.154126e+02	 11	 9.042744e+02	 110	 7.003080e+02	 98	 1.164292e+02	 716.67	 716.67	 9.00	 47	 0.76	 
MRI_faces_138	 2	 5	 1216.jpg	 1.184126e+02	 24	 999000	 240	 999000	 999	 1.194293e+02	 716.67	 716.67	 45.00	 26	 0.32	 
MRI_faces_138	 2	 5	 1031.jpg	 1.224126e+02	 12	 999000	 120	 999000	 999	 1.234293e+02	 716.67	 716.67	 10.00	 6	 0.75	 
