subjectID	 order	 runNum	 itemName	 onsetTime	 shuff_trialType	 RT	 respInTime	 AudioTime	 response	 fixationTime	 ladder1	 ladder2	 bidIndex	 itemNameIndex	 bidValue	 
MRI_faces_102	 2	 3	 1027.jpg	 2.362476e+00	 22	 1.074488e+03	 2200	 7.532899e+02	 98	 3.413633e+00	 750.00	 700.00	 48.00	 5	 0.28	 
MRI_faces_102	 2	 3	 2118.jpg	 4.362312e+00	 12	 999000	 120	 999000	 999	 5.381454e+00	 750.00	 700.00	 5.00	 46	 0.85	 
MRI_faces_102	 2	 3	 1191.jpg	 7.362382e+00	 12	 999000	 120	 999000	 999	 8.379351e+00	 750.00	 700.00	 18.00	 21	 0.66	 
MRI_faces_102	 2	 3	 2194.jpg	 1.035706e+01	 24	 999000	 240	 999000	 999	 1.137463e+01	 750.00	 700.00	 42.00	 54	 0.37	 
MRI_faces_102	 2	 3	 1262.jpg	 1.235729e+01	 11	 9.756768e+02	 110	 7.532244e+02	 98	 1.339588e+01	 766.67	 700.00	 11.00	 30	 0.73	 
MRI_faces_102	 2	 3	 1130.jpg	 1.636255e+01	 24	 999000	 240	 999000	 999	 1.738215e+01	 766.67	 700.00	 44.00	 15	 0.35	 
MRI_faces_102	 2	 3	 2181.jpg	 2.136262e+01	 11	 9.623370e+02	 110	 7.669686e+02	 98	 2.240911e+01	 783.33	 700.00	 9.00	 53	 0.76	 
MRI_faces_102	 2	 3	 2089.jpg	 2.336265e+01	 12	 999000	 120	 999000	 999	 2.438035e+01	 783.33	 700.00	 15.00	 42	 0.68	 
MRI_faces_102	 2	 3	 2212.jpg	 2.635981e+01	 12	 999000	 120	 999000	 999	 2.737939e+01	 783.33	 700.00	 10.00	 56	 0.75	 
MRI_faces_102	 2	 3	 1060.jpg	 2.836019e+01	 24	 999000	 240	 999000	 999	 2.938082e+01	 783.33	 700.00	 52.00	 10	 0.24	 
MRI_faces_102	 2	 3	 1246.jpg	 3.436274e+01	 24	 999000	 240	 999000	 999	 3.538113e+01	 783.33	 700.00	 55.00	 28	 0.21	 
MRI_faces_102	 2	 3	 1204.jpg	 3.736176e+01	 24	 999000	 240	 999000	 999	 3.837970e+01	 783.33	 700.00	 57.00	 24	 0.13	 
MRI_faces_102	 2	 3	 1035.jpg	 4.234593e+01	 12	 999000	 120	 999000	 999	 4.336677e+01	 783.33	 700.00	 7.00	 7	 0.79	 
MRI_faces_102	 2	 3	 1019.jpg	 4.434634e+01	 22	 9.066166e+02	 220	 7.011791e+02	 98	 4.538074e+01	 783.33	 716.67	 43.00	 4	 0.35	 
MRI_faces_102	 2	 3	 1173.jpg	 4.636294e+01	 22	 9.020222e+02	 220	 7.170124e+02	 98	 4.739790e+01	 783.33	 733.33	 54.00	 19	 0.21	 
MRI_faces_102	 2	 3	 2010.jpg	 5.036303e+01	 11	 9.419366e+02	 110	 7.836911e+02	 98	 5.139959e+01	 800.00	 733.33	 8.00	 32	 0.77	 
MRI_faces_102	 2	 3	 2149.jpg	 5.234768e+01	 22	 9.212780e+02	 220	 7.336583e+02	 98	 5.338187e+01	 800.00	 750.00	 46.00	 49	 0.29	 
MRI_faces_102	 2	 3	 1202.jpg	 5.534829e+01	 12	 999000	 120	 999000	 999	 5.636645e+01	 800.00	 750.00	 22.00	 23	 0.60	 
MRI_faces_102	 2	 3	 1226.jpg	 5.834877e+01	 24	 999000	 240	 999000	 999	 5.936869e+01	 800.00	 750.00	 58.00	 27	 0.12	 
MRI_faces_102	 2	 3	 1080.jpg	 6.134930e+01	 12	 999000	 120	 999000	 999	 6.236842e+01	 800.00	 750.00	 3.00	 12	 0.88	 
MRI_faces_102	 2	 3	 2043.jpg	 6.334962e+01	 24	 999000	 240	 999000	 999	 6.436764e+01	 800.00	 750.00	 39.00	 37	 0.41	 
MRI_faces_102	 2	 3	 1150.jpg	 6.735033e+01	 24	 999000	 240	 999000	 999	 6.836903e+01	 800.00	 750.00	 53.00	 18	 0.22	 
MRI_faces_102	 2	 3	 1050.jpg	 6.935069e+01	 24	 999000	 240	 999000	 999	 7.036881e+01	 800.00	 750.00	 41.00	 8	 0.39	 
MRI_faces_102	 2	 3	 1216.jpg	 7.135105e+01	 11	 1.045903e+03	 1100	 8.002911e+02	 98	 7.239667e+01	 750.00	 750.00	 16.00	 26	 0.68	 
MRI_faces_102	 2	 3	 1013.jpg	 7.335143e+01	 24	 999000	 240	 999000	 999	 7.436869e+01	 750.00	 750.00	 45.00	 2	 0.29	 
MRI_faces_102	 2	 3	 2015.jpg	 7.535178e+01	 11	 9.561885e+02	 110	 7.503381e+02	 98	 7.639673e+01	 766.67	 750.00	 14.00	 33	 0.70	 
MRI_faces_102	 2	 3	 2209.jpg	 7.935243e+01	 12	 999000	 120	 999000	 999	 8.036931e+01	 766.67	 750.00	 20.00	 55	 0.62	 
MRI_faces_102	 2	 3	 2125.jpg	 8.335317e+01	 12	 999000	 120	 999000	 999	 8.437013e+01	 766.67	 750.00	 4.00	 47	 0.88	 
MRI_faces_102	 2	 3	 2128.jpg	 8.735389e+01	 24	 999000	 240	 999000	 999	 8.837239e+01	 766.67	 750.00	 40.00	 48	 0.40	 
MRI_faces_102	 2	 3	 1192.jpg	 9.035441e+01	 24	 999000	 240	 999000	 999	 9.137144e+01	 766.67	 750.00	 47.00	 22	 0.29	 
MRI_faces_102	 2	 3	 2112.jpg	 9.235473e+01	 12	 999000	 120	 999000	 999	 9.337178e+01	 766.67	 750.00	 19.00	 45	 0.65	 
MRI_faces_102	 2	 3	 1031.jpg	 9.435510e+01	 11	 9.788744e+02	 110	 7.669844e+02	 98	 9.540816e+01	 783.33	 750.00	 17.00	 6	 0.67	 
MRI_faces_102	 2	 3	 2153.jpg	 9.635548e+01	 12	 999000	 120	 999000	 999	 9.737500e+01	 783.33	 750.00	 12.00	 50	 0.72	 
MRI_faces_102	 2	 3	 1114.jpg	 9.835584e+01	 12	 999000	 120	 999000	 999	 9.937522e+01	 783.33	 750.00	 6.00	 13	 0.82	 
MRI_faces_102	 2	 3	 2063.jpg	 1.023566e+02	 12	 999000	 120	 999000	 999	 1.033734e+02	 783.33	 750.00	 21.00	 41	 0.61	 
MRI_faces_102	 2	 3	 2110.jpg	 1.043568e+02	 24	 999000	 240	 999000	 999	 1.053739e+02	 783.33	 750.00	 56.00	 44	 0.16	 
MRI_faces_102	 2	 3	 2045.jpg	 1.113581e+02	 24	 999000	 240	 999000	 999	 1.123757e+02	 783.33	 750.00	 50.00	 38	 0.24	 
MRI_faces_102	 2	 3	 1127.jpg	 1.153588e+02	 22	 9.991753e+02	 220	 7.503026e+02	 98	 1.164002e+02	 783.33	 766.67	 51.00	 14	 0.24	 
MRI_faces_102	 2	 3	 2248.jpg	 1.183594e+02	 12	 999000	 120	 999000	 999	 1.193808e+02	 783.33	 766.67	 13.00	 60	 0.72	 
MRI_faces_102	 2	 3	 1052.jpg	 1.223601e+02	 22	 1.027896e+03	 2200	 7.669887e+02	 98	 1.233974e+02	 783.33	 716.67	 49.00	 9	 0.28	 
