subjectID	 order	 runNum	 itemName	 onsetTime	 shuff_trialType	 RT	 respInTime	 AudioTime	 response	 fixationTime	 ladder1	 ladder2	 bidIndex	 itemNameIndex	 bidValue	 
MRI_faces_110	 2	 9	 2039.jpg	 2.414009e+00	 24	 999000	 240	 999000	 999	 3.431721e+00	 816.66	 750.00	 42.00	 35	 0.38	 
MRI_faces_110	 2	 9	 1052.jpg	 5.407779e+00	 22	 9.772554e+02	 220	 7.519645e+02	 98	 6.424509e+00	 816.66	 766.67	 43.00	 9	 0.37	 
MRI_faces_110	 2	 9	 2229.jpg	 9.407828e+00	 12	 999000	 120	 999000	 999	 1.042536e+01	 816.66	 766.67	 22.00	 58	 0.57	 
MRI_faces_110	 2	 9	 1204.jpg	 1.240788e+01	 24	 999000	 240	 999000	 999	 1.342449e+01	 816.66	 766.67	 50.00	 24	 0.31	 
MRI_faces_110	 2	 9	 2045.jpg	 1.640789e+01	 22	 9.871656e+02	 220	 7.669300e+02	 98	 1.742458e+01	 816.66	 783.33	 46.00	 38	 0.36	 
MRI_faces_110	 2	 9	 1150.jpg	 1.940806e+01	 24	 999000	 240	 999000	 999	 2.042464e+01	 816.66	 783.33	 55.00	 18	 0.18	 
MRI_faces_110	 2	 9	 1145.jpg	 2.140798e+01	 12	 999000	 120	 999000	 999	 2.242460e+01	 816.66	 783.33	 7.00	 16	 0.79	 
MRI_faces_110	 2	 9	 1019.jpg	 2.440820e+01	 24	 999000	 240	 999000	 999	 2.542468e+01	 816.66	 783.33	 45.00	 4	 0.36	 
MRI_faces_110	 2	 9	 2149.jpg	 2.740807e+01	 24	 999000	 240	 999000	 999	 2.842476e+01	 816.66	 783.33	 53.00	 49	 0.25	 
MRI_faces_110	 2	 9	 2248.jpg	 3.240823e+01	 12	 999000	 120	 999000	 999	 3.342477e+01	 816.66	 783.33	 4.00	 60	 0.82	 
MRI_faces_110	 2	 9	 2128.jpg	 3.440812e+01	 24	 999000	 240	 999000	 999	 3.542489e+01	 816.66	 783.33	 52.00	 48	 0.28	 
MRI_faces_110	 2	 9	 1035.jpg	 3.640838e+01	 12	 999000	 120	 999000	 999	 3.742483e+01	 816.66	 783.33	 10.00	 7	 0.74	 
MRI_faces_110	 2	 9	 2006.jpg	 4.040824e+01	 24	 999000	 240	 999000	 999	 4.142497e+01	 816.66	 783.33	 41.00	 31	 0.39	 
MRI_faces_110	 2	 9	 1226.jpg	 4.740840e+01	 22	 9.446646e+02	 220	 7.836227e+02	 98	 4.842499e+01	 816.66	 800.00	 49.00	 27	 0.34	 
MRI_faces_110	 2	 9	 1173.jpg	 4.940841e+01	 24	 999000	 240	 999000	 999	 5.042508e+01	 816.66	 800.00	 47.00	 19	 0.36	 
MRI_faces_110	 2	 9	 2181.jpg	 5.140853e+01	 12	 999000	 120	 999000	 999	 5.242525e+01	 816.66	 800.00	 15.00	 53	 0.72	 
MRI_faces_110	 2	 9	 2125.jpg	 5.340849e+01	 12	 999000	 120	 999000	 999	 5.442513e+01	 816.66	 800.00	 18.00	 47	 0.61	 
MRI_faces_110	 2	 9	 2110.jpg	 5.540850e+01	 24	 999000	 240	 999000	 999	 5.642514e+01	 816.66	 800.00	 58.00	 44	 0.09	 
MRI_faces_110	 2	 9	 2053.jpg	 5.740868e+01	 12	 999000	 120	 999000	 999	 5.842518e+01	 816.66	 800.00	 20.00	 39	 0.58	 
MRI_faces_110	 2	 9	 2024.jpg	 6.040851e+01	 24	 999000	 240	 999000	 999	 6.142522e+01	 816.66	 800.00	 40.00	 34	 0.39	 
MRI_faces_110	 2	 9	 1183.jpg	 6.240854e+01	 11	 9.894881e+02	 110	 8.184130e+02	 98	 6.342542e+01	 833.33	 800.00	 16.00	 20	 0.61	 
MRI_faces_110	 2	 9	 2112.jpg	 6.440880e+01	 12	 999000	 120	 999000	 999	 6.542529e+01	 833.33	 800.00	 3.00	 45	 0.82	 
MRI_faces_110	 2	 9	 1114.jpg	 6.840866e+01	 12	 999000	 120	 999000	 999	 6.942545e+01	 833.33	 800.00	 6.00	 13	 0.81	 
MRI_faces_110	 2	 9	 2063.jpg	 7.240925e+01	 11	 1.057784e+03	 1100	 8.335872e+02	 98	 7.342593e+01	 783.33	 800.00	 17.00	 41	 0.61	 
MRI_faces_110	 2	 9	 2209.jpg	 7.841032e+01	 11	 9.567132e+02	 110	 7.836015e+02	 98	 7.942713e+01	 799.99	 800.00	 8.00	 55	 0.77	 
MRI_faces_110	 2	 9	 1017.jpg	 8.041071e+01	 11	 1.028316e+03	 1100	 8.003100e+02	 98	 8.142752e+01	 749.99	 800.00	 11.00	 3	 0.74	 
MRI_faces_110	 2	 9	 2218.jpg	 8.241111e+01	 11	 9.579212e+02	 110	 7.503299e+02	 98	 8.342791e+01	 766.66	 800.00	 14.00	 57	 0.72	 
MRI_faces_110	 2	 9	 2155.jpg	 8.441148e+01	 24	 999000	 240	 999000	 999	 8.542826e+01	 766.66	 800.00	 57.00	 51	 0.16	 
MRI_faces_110	 2	 9	 2015.jpg	 8.841208e+01	 12	 999000	 120	 999000	 999	 8.942897e+01	 766.66	 800.00	 21.00	 33	 0.58	 
MRI_faces_110	 2	 9	 2240.jpg	 9.040900e+01	 24	 999000	 240	 999000	 999	 9.142573e+01	 766.66	 800.00	 44.00	 59	 0.36	 
MRI_faces_110	 2	 9	 1031.jpg	 9.240925e+01	 11	 9.527947e+02	 110	 7.669349e+02	 98	 9.342591e+01	 783.33	 800.00	 9.00	 6	 0.75	 
MRI_faces_110	 2	 9	 2153.jpg	 9.440909e+01	 22	 1.066940e+03	 2200	 8.002719e+02	 98	 9.542570e+01	 783.33	 750.00	 54.00	 50	 0.22	 
MRI_faces_110	 2	 9	 2010.jpg	 9.840913e+01	 12	 999000	 120	 999000	 999	 9.942578e+01	 783.33	 750.00	 5.00	 32	 0.81	 
MRI_faces_110	 2	 9	 1073.jpg	 1.024092e+02	 24	 999000	 240	 999000	 999	 1.034260e+02	 783.33	 750.00	 56.00	 11	 0.18	 
MRI_faces_110	 2	 9	 1060.jpg	 1.054092e+02	 12	 999000	 120	 999000	 999	 1.064258e+02	 783.33	 750.00	 13.00	 10	 0.73	 
MRI_faces_110	 2	 9	 2118.jpg	 1.104093e+02	 12	 999000	 120	 999000	 999	 1.114259e+02	 783.33	 750.00	 19.00	 46	 0.58	 
MRI_faces_110	 2	 9	 1146.jpg	 1.124093e+02	 22	 9.516851e+02	 220	 7.502617e+02	 98	 1.134260e+02	 783.33	 766.67	 48.00	 17	 0.35	 
MRI_faces_110	 2	 9	 1050.jpg	 1.154093e+02	 12	 999000	 120	 999000	 999	 1.164260e+02	 783.33	 766.67	 12.00	 8	 0.74	 
MRI_faces_110	 2	 9	 2041.jpg	 1.194095e+02	 22	 1.016551e+03	 2200	 7.669239e+02	 98	 1.204262e+02	 783.33	 716.67	 51.00	 36	 0.31	 
MRI_faces_110	 2	 9	 1130.jpg	 1.224096e+02	 24	 999000	 240	 999000	 999	 1.234262e+02	 783.33	 716.67	 39.00	 15	 0.40	 
