subjectID	 order	 runNum	 itemName	 onsetTime	 shuff_trialType	 RT	 respInTime	 AudioTime	 response	 fixationTime	 ladder1	 ladder2	 bidIndex	 itemNameIndex	 bidValue	 
MRI_faces_135	 1	 15	 2053.jpg	 2.420140e+00	 12	 999000	 120	 999000	 999	 3.437544e+00	 750.01	 750.01	 4.00	 39	 0.83	 
MRI_faces_135	 1	 15	 2094.jpg	 7.412644e+00	 12	 999000	 120	 999000	 999	 8.429278e+00	 750.01	 750.01	 8.00	 43	 0.78	 
MRI_faces_135	 1	 15	 2118.jpg	 9.412612e+00	 11	 9.318144e+02	 110	 7.517880e+02	 98	 1.042932e+01	 766.68	 750.01	 12.00	 46	 0.69	 
MRI_faces_135	 1	 15	 2041.jpg	 1.241274e+01	 24	 999000	 240	 999000	 999	 1.342933e+01	 766.68	 750.01	 41.00	 36	 0.39	 
MRI_faces_135	 1	 15	 1202.jpg	 1.541271e+01	 12	 999000	 120	 999000	 999	 1.642945e+01	 766.68	 750.01	 11.00	 23	 0.70	 
MRI_faces_135	 1	 15	 2024.jpg	 2.241285e+01	 24	 999000	 240	 999000	 999	 2.342970e+01	 766.68	 750.01	 54.00	 34	 0.24	 
MRI_faces_135	 1	 15	 1050.jpg	 2.441291e+01	 11	 9.515149e+02	 110	 7.669787e+02	 98	 2.542963e+01	 783.34	 750.01	 18.00	 8	 0.66	 
MRI_faces_135	 1	 15	 2229.jpg	 2.841301e+01	 22	 9.234129e+02	 220	 7.517438e+02	 98	 2.942959e+01	 783.34	 766.68	 47.00	 58	 0.34	 
MRI_faces_135	 1	 15	 1114.jpg	 3.041298e+01	 12	 999000	 120	 999000	 999	 3.142964e+01	 783.34	 766.68	 16.00	 13	 0.66	 
MRI_faces_135	 1	 15	 2240.jpg	 3.541302e+01	 24	 999000	 240	 999000	 999	 3.642995e+01	 783.34	 766.68	 56.00	 59	 0.19	 
MRI_faces_135	 1	 15	 2212.jpg	 3.941311e+01	 24	 999000	 240	 999000	 999	 4.042978e+01	 783.34	 766.68	 39.00	 56	 0.40	 
MRI_faces_135	 1	 15	 1216.jpg	 4.141314e+01	 12	 999000	 120	 999000	 999	 4.242983e+01	 783.34	 766.68	 19.00	 26	 0.65	 
MRI_faces_135	 1	 15	 1017.jpg	 4.441318e+01	 12	 999000	 120	 999000	 999	 4.542983e+01	 783.34	 766.68	 3.00	 3	 0.85	 
MRI_faces_135	 1	 15	 1226.jpg	 4.741326e+01	 11	 9.481799e+02	 110	 7.836009e+02	 98	 4.843003e+01	 800.01	 766.68	 13.00	 27	 0.69	 
MRI_faces_135	 1	 15	 2194.jpg	 5.141335e+01	 22	 1.013095e+03	 2200	 7.669238e+02	 98	 5.243324e+01	 800.01	 716.68	 44.00	 54	 0.37	 
MRI_faces_135	 1	 15	 2058.jpg	 5.541341e+01	 22	 1.024033e+03	 2200	 7.169927e+02	 98	 5.643000e+01	 800.01	 666.68	 50.00	 40	 0.26	 
MRI_faces_135	 1	 15	 2128.jpg	 5.941350e+01	 24	 999000	 240	 999000	 999	 6.043013e+01	 800.01	 666.68	 51.00	 48	 0.26	 
MRI_faces_135	 1	 15	 2248.jpg	 6.241391e+01	 24	 999000	 240	 999000	 999	 6.343074e+01	 800.01	 666.68	 43.00	 60	 0.37	 
MRI_faces_135	 1	 15	 1073.jpg	 6.541439e+01	 11	 1.003068e+03	 1100	 8.002880e+02	 98	 6.643121e+01	 750.01	 666.68	 7.00	 11	 0.78	 
MRI_faces_135	 1	 15	 1246.jpg	 6.841498e+01	 24	 999000	 240	 999000	 999	 6.943182e+01	 750.01	 666.68	 40.00	 28	 0.39	 
MRI_faces_135	 1	 15	 1019.jpg	 7.041366e+01	 11	 9.507563e+02	 110	 7.502708e+02	 98	 7.143214e+01	 766.68	 666.68	 10.00	 4	 0.72	 
MRI_faces_135	 1	 15	 2015.jpg	 7.341370e+01	 24	 999000	 240	 999000	 999	 7.443264e+01	 766.68	 666.68	 55.00	 33	 0.19	 
MRI_faces_135	 1	 15	 2089.jpg	 7.541373e+01	 24	 999000	 240	 999000	 999	 7.643035e+01	 766.68	 666.68	 49.00	 42	 0.30	 
MRI_faces_135	 1	 15	 2045.jpg	 7.741378e+01	 22	 8.636473e+02	 220	 6.669463e+02	 98	 7.843039e+01	 766.68	 683.34	 53.00	 38	 0.24	 
MRI_faces_135	 1	 15	 2006.jpg	 7.941376e+01	 22	 9.046701e+02	 220	 6.836284e+02	 98	 8.043039e+01	 766.68	 700.01	 45.00	 31	 0.36	 
MRI_faces_135	 1	 15	 2153.jpg	 8.241377e+01	 11	 9.386519e+02	 110	 7.669524e+02	 98	 8.343042e+01	 783.34	 700.01	 15.00	 50	 0.67	 
MRI_faces_135	 1	 15	 2149.jpg	 8.641391e+01	 24	 999000	 240	 999000	 999	 8.743056e+01	 783.34	 700.01	 48.00	 49	 0.31	 
MRI_faces_135	 1	 15	 1007.jpg	 8.841392e+01	 12	 999000	 120	 999000	 999	 8.943058e+01	 783.34	 700.01	 20.00	 1	 0.59	 
MRI_faces_135	 1	 15	 1255.jpg	 9.041390e+01	 12	 999000	 120	 999000	 999	 9.143050e+01	 783.34	 700.01	 5.00	 29	 0.80	 
MRI_faces_135	 1	 15	 1210.jpg	 9.441402e+01	 12	 999000	 120	 999000	 999	 9.543077e+01	 783.34	 700.01	 14.00	 25	 0.69	 
MRI_faces_135	 1	 15	 1127.jpg	 9.641404e+01	 24	 999000	 240	 999000	 999	 9.743071e+01	 783.34	 700.01	 46.00	 14	 0.35	 
MRI_faces_135	 1	 15	 1060.jpg	 9.841407e+01	 24	 999000	 240	 999000	 999	 9.943073e+01	 783.34	 700.01	 57.00	 10	 0.14	 
MRI_faces_135	 1	 15	 2112.jpg	 1.024141e+02	 12	 999000	 120	 999000	 999	 1.034307e+02	 783.34	 700.01	 21.00	 45	 0.58	 
MRI_faces_135	 1	 15	 2110.jpg	 1.064142e+02	 24	 999000	 240	 999000	 999	 1.074308e+02	 783.34	 700.01	 58.00	 44	 0.13	 
MRI_faces_135	 1	 15	 2010.jpg	 1.084142e+02	 22	 9.392317e+02	 220	 7.002718e+02	 98	 1.094307e+02	 783.34	 716.68	 52.00	 32	 0.25	 
MRI_faces_135	 1	 15	 1052.jpg	 1.104142e+02	 12	 999000	 120	 999000	 999	 1.114308e+02	 783.34	 716.68	 17.00	 9	 0.66	 
MRI_faces_135	 1	 15	 1027.jpg	 1.124143e+02	 12	 999000	 120	 999000	 999	 1.134308e+02	 783.34	 716.68	 6.00	 5	 0.80	 
MRI_faces_135	 1	 15	 2063.jpg	 1.144142e+02	 24	 999000	 240	 999000	 999	 1.154309e+02	 783.34	 716.68	 42.00	 41	 0.39	 
MRI_faces_135	 1	 15	 1035.jpg	 1.204143e+02	 12	 999000	 120	 999000	 999	 1.214310e+02	 783.34	 716.68	 9.00	 7	 0.76	 
MRI_faces_135	 1	 15	 1146.jpg	 1.224145e+02	 12	 999000	 120	 999000	 999	 1.234311e+02	 783.34	 716.68	 22.00	 17	 0.57	 
