subjectID	 order	 runNum	 itemName	 onsetTime	 shuff_trialType	 RT	 respInTime	 AudioTime	 response	 fixationTime	 ladder1	 ladder2	 bidIndex	 itemNameIndex	 bidValue	 
MRI_faces_131	 1	 8	 1146.jpg	 1.242053e+02	 24	 999000	 240	 999000	 999	 1.252222e+02	 716.67	 716.67	 48.00	 17	 0.31	 
MRI_faces_131	 1	 8	 2110.jpg	 1.291970e+02	 24	 999000	 240	 999000	 999	 1.302137e+02	 716.67	 716.67	 55.00	 44	 0.22	 
MRI_faces_131	 1	 8	 2155.jpg	 1.311971e+02	 12	 999000	 120	 999000	 999	 1.322137e+02	 716.67	 716.67	 3.00	 51	 0.89	 
MRI_faces_131	 1	 8	 2112.jpg	 1.341971e+02	 11	 9.200738e+02	 110	 7.169719e+02	 98	 1.352138e+02	 733.34	 716.67	 13.00	 45	 0.69	 
MRI_faces_131	 1	 8	 2006.jpg	 1.371971e+02	 11	 1.059074e+03	 1100	 7.336402e+02	 98	 1.382138e+02	 683.34	 716.67	 10.00	 31	 0.73	 
MRI_faces_131	 1	 8	 2094.jpg	 1.441972e+02	 12	 999000	 120	 999000	 999	 1.452139e+02	 683.34	 716.67	 6.00	 43	 0.85	 
MRI_faces_131	 1	 8	 1150.jpg	 1.461973e+02	 24	 999000	 240	 999000	 999	 1.472139e+02	 683.34	 716.67	 54.00	 18	 0.24	 
MRI_faces_131	 1	 8	 1017.jpg	 1.501974e+02	 24	 999000	 240	 999000	 999	 1.512139e+02	 683.34	 716.67	 49.00	 3	 0.30	 
MRI_faces_131	 1	 8	 1114.jpg	 1.521974e+02	 11	 9.008384e+02	 110	 6.836178e+02	 98	 1.532140e+02	 700.00	 716.67	 18.00	 13	 0.67	 
MRI_faces_131	 1	 8	 1202.jpg	 1.571974e+02	 12	 999000	 120	 999000	 999	 1.582141e+02	 700.00	 716.67	 11.00	 23	 0.72	 
MRI_faces_131	 1	 8	 2063.jpg	 1.611974e+02	 12	 999000	 120	 999000	 999	 1.622142e+02	 700.00	 716.67	 17.00	 41	 0.67	 
MRI_faces_131	 1	 8	 1262.jpg	 1.631976e+02	 24	 999000	 240	 999000	 999	 1.642142e+02	 700.00	 716.67	 39.00	 30	 0.38	 
MRI_faces_131	 1	 8	 2164.jpg	 1.661975e+02	 12	 999000	 120	 999000	 999	 1.672143e+02	 700.00	 716.67	 21.00	 52	 0.63	 
MRI_faces_131	 1	 8	 2058.jpg	 1.691976e+02	 12	 999000	 120	 999000	 999	 1.702142e+02	 700.00	 716.67	 16.00	 40	 0.67	 
MRI_faces_131	 1	 8	 1019.jpg	 1.731977e+02	 24	 999000	 240	 999000	 999	 1.742143e+02	 700.00	 716.67	 43.00	 4	 0.33	 
MRI_faces_131	 1	 8	 1183.jpg	 1.771980e+02	 22	 9.362289e+02	 220	 7.169365e+02	 98	 1.782148e+02	 700.00	 733.34	 53.00	 20	 0.26	 
MRI_faces_131	 1	 8	 1127.jpg	 1.811987e+02	 24	 999000	 240	 999000	 999	 1.822155e+02	 700.00	 733.34	 57.00	 14	 0.17	 
MRI_faces_131	 1	 8	 2212.jpg	 1.841992e+02	 12	 999000	 120	 999000	 999	 1.852162e+02	 700.00	 733.34	 5.00	 56	 0.86	 
MRI_faces_131	 1	 8	 2024.jpg	 1.871997e+02	 24	 999000	 240	 999000	 999	 1.882167e+02	 700.00	 733.34	 40.00	 34	 0.37	 
MRI_faces_131	 1	 8	 2015.jpg	 1.902003e+02	 12	 999000	 120	 999000	 999	 1.912170e+02	 700.00	 733.34	 22.00	 33	 0.62	 
MRI_faces_131	 1	 8	 2248.jpg	 1.922006e+02	 12	 999000	 120	 999000	 999	 1.932174e+02	 700.00	 733.34	 8.00	 60	 0.81	 
MRI_faces_131	 1	 8	 1073.jpg	 1.952011e+02	 12	 999000	 120	 999000	 999	 1.962180e+02	 700.00	 733.34	 19.00	 11	 0.63	 
MRI_faces_131	 1	 8	 1013.jpg	 1.972014e+02	 22	 9.567793e+02	 220	 7.336367e+02	 98	 1.982183e+02	 700.00	 750.00	 44.00	 2	 0.33	 
MRI_faces_131	 1	 8	 1145.jpg	 1.992018e+02	 24	 999000	 240	 999000	 999	 2.002187e+02	 700.00	 750.00	 58.00	 16	 0.16	 
MRI_faces_131	 1	 8	 2218.jpg	 2.012022e+02	 12	 999000	 120	 999000	 999	 2.022190e+02	 700.00	 750.00	 4.00	 57	 0.88	 
MRI_faces_131	 1	 8	 1080.jpg	 2.042027e+02	 22	 9.894636e+02	 220	 7.502791e+02	 98	 2.052195e+02	 700.00	 766.67	 50.00	 12	 0.29	 
MRI_faces_131	 1	 8	 1052.jpg	 2.082035e+02	 22	 9.707440e+02	 220	 7.669393e+02	 98	 2.092202e+02	 700.00	 783.34	 47.00	 9	 0.31	 
MRI_faces_131	 1	 8	 1035.jpg	 2.101982e+02	 24	 999000	 240	 999000	 999	 2.112148e+02	 700.00	 783.34	 46.00	 7	 0.31	 
MRI_faces_131	 1	 8	 2045.jpg	 2.121982e+02	 22	 1.055979e+03	 2200	 7.836271e+02	 98	 2.132149e+02	 700.00	 733.34	 52.00	 38	 0.27	 
MRI_faces_131	 1	 8	 2194.jpg	 2.161983e+02	 24	 999000	 240	 999000	 999	 2.172150e+02	 700.00	 733.34	 56.00	 54	 0.20	 
MRI_faces_131	 1	 8	 1226.jpg	 2.181983e+02	 24	 999000	 240	 999000	 999	 2.192150e+02	 700.00	 733.34	 42.00	 27	 0.35	 
MRI_faces_131	 1	 8	 2149.jpg	 2.201984e+02	 24	 999000	 240	 999000	 999	 2.212151e+02	 700.00	 733.34	 41.00	 49	 0.36	 
MRI_faces_131	 1	 8	 2089.jpg	 2.241984e+02	 11	 9.377991e+02	 110	 7.002636e+02	 98	 2.252151e+02	 716.67	 733.34	 12.00	 42	 0.70	 
MRI_faces_131	 1	 8	 2010.jpg	 2.281985e+02	 12	 999000	 120	 999000	 999	 2.292151e+02	 716.67	 733.34	 9.00	 32	 0.78	 
MRI_faces_131	 1	 8	 2153.jpg	 2.301985e+02	 11	 9.486724e+02	 110	 7.169366e+02	 98	 2.312152e+02	 733.34	 733.34	 7.00	 50	 0.81	 
MRI_faces_131	 1	 8	 2209.jpg	 2.321985e+02	 11	 9.516928e+02	 110	 7.336177e+02	 98	 2.332152e+02	 750.00	 733.34	 15.00	 55	 0.68	 
MRI_faces_131	 1	 8	 1216.jpg	 2.341987e+02	 24	 999000	 240	 999000	 999	 2.352152e+02	 750.00	 733.34	 51.00	 26	 0.28	 
MRI_faces_131	 1	 8	 2053.jpg	 2.361986e+02	 22	 9.896301e+02	 220	 7.336107e+02	 98	 2.372153e+02	 750.00	 750.00	 45.00	 39	 0.32	 
MRI_faces_131	 1	 8	 1210.jpg	 2.421987e+02	 12	 999000	 120	 999000	 999	 2.432154e+02	 750.00	 750.00	 14.00	 25	 0.69	 
MRI_faces_131	 1	 8	 2229.jpg	 2.441987e+02	 12	 999000	 120	 999000	 999	 2.452155e+02	 750.00	 750.00	 20.00	 58	 0.63	 
