subjectID	 order	 runNum	 itemName	 onsetTime	 shuff_trialType	 RT	 respInTime	 AudioTime	 response	 fixationTime	 ladder1	 ladder2	 bidIndex	 itemNameIndex	 bidValue	 
MRI_faces_112	 2	 9	 2039.jpg	 2.379906e+00	 12	 999000	 120	 999000	 999	 3.397139e+00	 749.99	 749.99	 18.00	 35	 0.61	 
MRI_faces_112	 2	 9	 1146.jpg	 5.380118e+00	 24	 999000	 240	 999000	 999	 6.396957e+00	 749.99	 749.99	 53.00	 17	 0.19	 
MRI_faces_112	 2	 9	 1073.jpg	 9.380802e+00	 22	 9.185943e+02	 220	 7.517867e+02	 98	 1.039868e+01	 749.99	 766.66	 49.00	 11	 0.27	 
MRI_faces_112	 2	 9	 2043.jpg	 1.238137e+01	 11	 9.140145e+02	 110	 7.516979e+02	 98	 1.339820e+01	 766.66	 766.66	 16.00	 37	 0.63	 
MRI_faces_112	 2	 9	 2209.jpg	 1.638204e+01	 11	 9.343436e+02	 110	 7.669188e+02	 98	 1.739894e+01	 783.32	 766.66	 14.00	 55	 0.66	 
MRI_faces_112	 2	 9	 2153.jpg	 1.938262e+01	 24	 999000	 240	 999000	 999	 2.039954e+01	 783.32	 766.66	 45.00	 50	 0.33	 
MRI_faces_112	 2	 9	 2128.jpg	 2.138288e+01	 22	 9.455070e+02	 220	 7.669414e+02	 98	 2.239973e+01	 783.32	 783.32	 48.00	 48	 0.28	 
MRI_faces_112	 2	 9	 1019.jpg	 2.438343e+01	 24	 999000	 240	 999000	 999	 2.540043e+01	 783.32	 783.32	 50.00	 4	 0.27	 
MRI_faces_112	 2	 9	 1050.jpg	 2.738397e+01	 24	 999000	 240	 999000	 999	 2.840083e+01	 783.32	 783.32	 52.00	 8	 0.22	 
MRI_faces_112	 2	 9	 1145.jpg	 3.238497e+01	 12	 999000	 120	 999000	 999	 3.340168e+01	 783.32	 783.32	 7.00	 16	 0.80	 
MRI_faces_112	 2	 9	 1255.jpg	 3.438537e+01	 11	 9.980173e+02	 110	 7.835910e+02	 98	 3.540204e+01	 799.99	 783.32	 17.00	 29	 0.63	 
MRI_faces_112	 2	 9	 1017.jpg	 3.638557e+01	 11	 1.287817e+03	 1100	 8.002597e+02	 98	 3.740242e+01	 749.99	 783.32	 8.00	 3	 0.79	 
MRI_faces_112	 2	 9	 1204.jpg	 4.038630e+01	 22	 9.710860e+02	 220	 7.835847e+02	 98	 4.140318e+01	 749.99	 799.99	 46.00	 24	 0.33	 
MRI_faces_112	 2	 9	 2058.jpg	 4.738751e+01	 24	 999000	 240	 999000	 999	 4.840430e+01	 749.99	 799.99	 40.00	 40	 0.40	 
MRI_faces_112	 2	 9	 2110.jpg	 4.938797e+01	 22	 1.068416e+03	 2200	 8.002552e+02	 98	 5.040472e+01	 749.99	 749.99	 43.00	 44	 0.33	 
MRI_faces_112	 2	 9	 1013.jpg	 5.138823e+01	 24	 999000	 240	 999000	 999	 5.240513e+01	 749.99	 749.99	 56.00	 2	 0.16	 
MRI_faces_112	 2	 9	 2112.jpg	 5.338878e+01	 12	 999000	 120	 999000	 999	 5.440541e+01	 749.99	 749.99	 12.00	 45	 0.68	 
MRI_faces_112	 2	 9	 2053.jpg	 5.538899e+01	 12	 999000	 120	 999000	 999	 5.640576e+01	 749.99	 749.99	 4.00	 39	 0.88	 
MRI_faces_112	 2	 9	 2063.jpg	 5.738933e+01	 12	 999000	 120	 999000	 999	 5.840613e+01	 749.99	 749.99	 13.00	 41	 0.67	 
MRI_faces_112	 2	 9	 2212.jpg	 6.037845e+01	 11	 1.149935e+03	 1100	 7.502407e+02	 98	 6.139511e+01	 699.99	 749.99	 11.00	 56	 0.69	 
MRI_faces_112	 2	 9	 2010.jpg	 6.237844e+01	 12	 999000	 120	 999000	 999	 6.339511e+01	 699.99	 749.99	 22.00	 32	 0.59	 
MRI_faces_112	 2	 9	 1183.jpg	 6.437843e+01	 24	 999000	 240	 999000	 999	 6.539512e+01	 699.99	 749.99	 47.00	 20	 0.30	 
MRI_faces_112	 2	 9	 1210.jpg	 6.837860e+01	 24	 999000	 240	 999000	 999	 6.939529e+01	 699.99	 749.99	 42.00	 25	 0.38	 
MRI_faces_112	 2	 9	 2006.jpg	 7.237859e+01	 12	 3.928340e+02	 12	 999000	 98	 7.339523e+01	 699.99	 749.99	 10.00	 31	 0.72	 
MRI_faces_112	 2	 9	 1246.jpg	 7.837869e+01	 22	 9.286995e+02	 220	 7.502430e+02	 98	 7.939529e+01	 699.99	 766.66	 54.00	 28	 0.18	 
MRI_faces_112	 2	 9	 2125.jpg	 8.037868e+01	 24	 999000	 240	 999000	 999	 8.139533e+01	 699.99	 766.66	 41.00	 47	 0.40	 
MRI_faces_112	 2	 9	 2155.jpg	 8.237874e+01	 24	 999000	 240	 999000	 999	 8.339549e+01	 699.99	 766.66	 39.00	 51	 0.40	 
MRI_faces_112	 2	 9	 2194.jpg	 8.437875e+01	 24	 999000	 240	 999000	 999	 8.539546e+01	 699.99	 766.66	 55.00	 54	 0.17	 
MRI_faces_112	 2	 9	 1150.jpg	 8.837889e+01	 24	 999000	 240	 999000	 999	 8.939548e+01	 699.99	 766.66	 58.00	 18	 0.15	 
MRI_faces_112	 2	 9	 2181.jpg	 9.037894e+01	 12	 999000	 120	 999000	 999	 9.139563e+01	 699.99	 766.66	 5.00	 53	 0.83	 
MRI_faces_112	 2	 9	 1202.jpg	 9.237885e+01	 12	 999000	 120	 999000	 999	 9.339562e+01	 699.99	 766.66	 15.00	 23	 0.64	 
MRI_faces_112	 2	 9	 1127.jpg	 9.437914e+01	 24	 999000	 240	 999000	 999	 9.539599e+01	 699.99	 766.66	 44.00	 14	 0.33	 
MRI_faces_112	 2	 9	 2015.jpg	 9.837979e+01	 11	 8.865998e+02	 110	 7.002274e+02	 98	 9.939690e+01	 716.66	 766.66	 9.00	 33	 0.74	 
MRI_faces_112	 2	 9	 2024.jpg	 1.023805e+02	 12	 999000	 120	 999000	 999	 1.033973e+02	 716.66	 766.66	 19.00	 34	 0.60	 
MRI_faces_112	 2	 9	 1035.jpg	 1.053811e+02	 12	 999000	 120	 999000	 999	 1.063978e+02	 716.66	 766.66	 3.00	 7	 0.92	 
MRI_faces_112	 2	 9	 2118.jpg	 1.103819e+02	 12	 999000	 120	 999000	 999	 1.113988e+02	 716.66	 766.66	 20.00	 46	 0.59	 
MRI_faces_112	 2	 9	 2089.jpg	 1.123823e+02	 12	 999000	 120	 999000	 999	 1.133991e+02	 716.66	 766.66	 6.00	 42	 0.81	 
MRI_faces_112	 2	 9	 2248.jpg	 1.153828e+02	 12	 999000	 120	 999000	 999	 1.163998e+02	 716.66	 766.66	 21.00	 60	 0.59	 
MRI_faces_112	 2	 9	 1060.jpg	 1.193835e+02	 24	 999000	 240	 999000	 999	 1.204003e+02	 716.66	 766.66	 57.00	 10	 0.15	 
MRI_faces_112	 2	 9	 1192.jpg	 1.223840e+02	 22	 1.121362e+03	 2200	 7.669222e+02	 98	 1.234008e+02	 716.66	 716.66	 51.00	 22	 0.22	 
