subjectID	 order	 runNum	 itemName	 onsetTime	 shuff_trialType	 RT	 respInTime	 AudioTime	 response	 fixationTime	 ladder1	 ladder2	 bidIndex	 itemNameIndex	 bidValue	 
MRI_faces_119	 1	 4	 2110.jpg	 1.241642e+02	 11	 1.044108e+03	 1100	 7.169849e+02	 98	 1.251827e+02	 666.67	 783.33	 13.00	 44	 0.75	 
MRI_faces_119	 1	 4	 1173.jpg	 1.271498e+02	 22	 1.058553e+03	 2200	 7.836489e+02	 98	 1.281664e+02	 666.67	 733.33	 44.00	 19	 0.33	 
MRI_faces_119	 1	 4	 2015.jpg	 1.311504e+02	 12	 999000	 120	 999000	 999	 1.321672e+02	 666.67	 733.33	 21.00	 33	 0.61	 
MRI_faces_119	 1	 4	 2089.jpg	 1.341509e+02	 12	 999000	 120	 999000	 999	 1.351678e+02	 666.67	 733.33	 22.00	 42	 0.58	 
MRI_faces_119	 1	 4	 2229.jpg	 1.381516e+02	 12	 999000	 120	 999000	 999	 1.391686e+02	 666.67	 733.33	 16.00	 58	 0.69	 
MRI_faces_119	 1	 4	 1146.jpg	 1.411521e+02	 24	 999000	 240	 999000	 999	 1.421689e+02	 666.67	 733.33	 39.00	 17	 0.39	 
MRI_faces_119	 1	 4	 2218.jpg	 1.431526e+02	 22	 9.807309e+02	 220	 7.336427e+02	 98	 1.441693e+02	 666.67	 750.00	 50.00	 57	 0.27	 
MRI_faces_119	 1	 4	 1073.jpg	 1.461530e+02	 22	 9.903254e+02	 220	 7.503402e+02	 98	 1.471699e+02	 666.67	 766.66	 52.00	 11	 0.24	 
MRI_faces_119	 1	 4	 1246.jpg	 1.491536e+02	 24	 999000	 240	 999000	 999	 1.501703e+02	 666.67	 766.66	 55.00	 28	 0.19	 
MRI_faces_119	 1	 4	 2212.jpg	 1.541544e+02	 12	 999000	 120	 999000	 999	 1.551713e+02	 666.67	 766.66	 5.00	 56	 0.84	 
MRI_faces_119	 1	 4	 2112.jpg	 1.561548e+02	 12	 999000	 120	 999000	 999	 1.571716e+02	 666.67	 766.66	 19.00	 45	 0.66	 
MRI_faces_119	 1	 4	 1017.jpg	 1.581552e+02	 24	 999000	 240	 999000	 999	 1.591719e+02	 666.67	 766.66	 57.00	 3	 0.14	 
MRI_faces_119	 1	 4	 2053.jpg	 1.621558e+02	 12	 999000	 120	 999000	 999	 1.631727e+02	 666.67	 766.66	 6.00	 39	 0.83	 
MRI_faces_119	 1	 4	 2248.jpg	 1.691571e+02	 11	 8.522435e+02	 110	 6.669471e+02	 98	 1.701738e+02	 683.34	 766.66	 7.00	 60	 0.81	 
MRI_faces_119	 1	 4	 1145.jpg	 1.711575e+02	 24	 5.938713e+02	 24	 999000	 98	 1.721742e+02	 683.34	 766.66	 54.00	 16	 0.21	 
MRI_faces_119	 1	 4	 1127.jpg	 1.731577e+02	 24	 999000	 240	 999000	 999	 1.741746e+02	 683.34	 766.66	 48.00	 14	 0.28	 
MRI_faces_119	 1	 4	 2041.jpg	 1.751581e+02	 24	 999000	 240	 999000	 999	 1.761750e+02	 683.34	 766.66	 43.00	 36	 0.34	 
MRI_faces_119	 1	 4	 2063.jpg	 1.771585e+02	 11	 9.828724e+02	 110	 6.835972e+02	 98	 1.781753e+02	 700.00	 766.66	 10.00	 41	 0.78	 
MRI_faces_119	 1	 4	 1226.jpg	 1.791588e+02	 22	 1.062498e+03	 2200	 7.669652e+02	 98	 1.801756e+02	 700.00	 716.66	 53.00	 27	 0.23	 
MRI_faces_119	 1	 4	 2125.jpg	 1.821594e+02	 11	 9.689560e+02	 110	 7.002607e+02	 98	 1.831761e+02	 716.67	 716.66	 12.00	 47	 0.76	 
MRI_faces_119	 1	 4	 1191.jpg	 1.841597e+02	 22	 9.726363e+02	 220	 7.169203e+02	 98	 1.851765e+02	 716.67	 733.33	 47.00	 21	 0.30	 
MRI_faces_119	 1	 4	 1150.jpg	 1.861601e+02	 24	 999000	 240	 999000	 999	 1.871771e+02	 716.67	 733.33	 56.00	 18	 0.15	 
MRI_faces_119	 1	 4	 1080.jpg	 1.901485e+02	 12	 999000	 120	 999000	 999	 1.911652e+02	 716.67	 733.33	 4.00	 12	 0.84	 
MRI_faces_119	 1	 4	 1050.jpg	 1.941485e+02	 24	 999000	 240	 999000	 999	 1.951652e+02	 716.67	 733.33	 41.00	 8	 0.36	 
MRI_faces_119	 1	 4	 1035.jpg	 2.001487e+02	 11	 9.166577e+02	 110	 7.169333e+02	 98	 2.011653e+02	 733.34	 733.33	 15.00	 7	 0.70	 
MRI_faces_119	 1	 4	 1192.jpg	 2.021487e+02	 24	 999000	 240	 999000	 999	 2.031653e+02	 733.34	 733.33	 51.00	 22	 0.26	 
MRI_faces_119	 1	 4	 1210.jpg	 2.041487e+02	 24	 999000	 240	 999000	 999	 2.051654e+02	 733.34	 733.33	 40.00	 25	 0.37	 
MRI_faces_119	 1	 4	 2155.jpg	 2.061487e+02	 24	 999000	 240	 999000	 999	 2.071653e+02	 733.34	 733.33	 49.00	 51	 0.28	 
MRI_faces_119	 1	 4	 2118.jpg	 2.101488e+02	 12	 999000	 120	 999000	 999	 2.111654e+02	 733.34	 733.33	 9.00	 46	 0.80	 
MRI_faces_119	 1	 4	 2043.jpg	 2.121488e+02	 11	 1.017529e+03	 1100	 7.336497e+02	 98	 2.131655e+02	 683.34	 733.33	 18.00	 37	 0.66	 
MRI_faces_119	 1	 4	 2128.jpg	 2.141489e+02	 22	 1.096429e+03	 2200	 7.336495e+02	 98	 2.151655e+02	 683.34	 683.33	 45.00	 48	 0.31	 
MRI_faces_119	 1	 4	 2181.jpg	 2.161489e+02	 12	 999000	 120	 999000	 999	 2.171655e+02	 683.34	 683.33	 8.00	 53	 0.81	 
MRI_faces_119	 1	 4	 1216.jpg	 2.201494e+02	 24	 999000	 240	 999000	 999	 2.211661e+02	 683.34	 683.33	 42.00	 26	 0.36	 
MRI_faces_119	 1	 4	 2194.jpg	 2.241500e+02	 12	 999000	 120	 999000	 999	 2.251669e+02	 683.34	 683.33	 14.00	 54	 0.74	 
MRI_faces_119	 1	 4	 2164.jpg	 2.271505e+02	 12	 999000	 120	 999000	 999	 2.281674e+02	 683.34	 683.33	 17.00	 52	 0.68	 
MRI_faces_119	 1	 4	 1052.jpg	 2.321514e+02	 24	 999000	 240	 999000	 999	 2.331682e+02	 683.34	 683.33	 46.00	 9	 0.31	 
MRI_faces_119	 1	 4	 2094.jpg	 2.341518e+02	 12	 999000	 120	 999000	 999	 2.351686e+02	 683.34	 683.33	 3.00	 43	 0.86	 
MRI_faces_119	 1	 4	 2240.jpg	 2.371523e+02	 24	 999000	 240	 999000	 999	 2.381691e+02	 683.34	 683.33	 58.00	 59	 0.09	 
MRI_faces_119	 1	 4	 1019.jpg	 2.411531e+02	 12	 999000	 120	 999000	 999	 2.421698e+02	 683.34	 683.33	 11.00	 4	 0.78	 
MRI_faces_119	 1	 4	 2153.jpg	 2.441536e+02	 12	 999000	 120	 999000	 999	 2.451703e+02	 683.34	 683.33	 20.00	 50	 0.64	 
