subjectID	order	runNum	itemName	onsetTime	shuff_trialType	RT	respInTime	AudioTime	response	fixationTime	ladder1	ladder2	bidIndex	itemNameIndex	bidValue	onset	duration
MRI_faces_135	1	1	2015.jpg	2.384441	24	999000	240	999000	999	3.403545	750	750	55	33	0.19	2.384441	1
MRI_faces_135	1	1	1073.jpg	7.383762	11	994.368	110	753.8209	98	8.400464	766.67	750	7	11	0.78	7.383762	1
MRI_faces_135	1	1	1019.jpg	9.384205	11	963.9421	110	767.0273	98	10.40044	783.33	750	10	4	0.72	9.384205	1
MRI_faces_135	1	1	1060.jpg	12.38393	24	999000	240	999000	999	13.40047	783.33	750	57	10	0.14	12.38393	1
MRI_faces_135	1	1	1017.jpg	15.38392	12	999000	120	999000	999	16.40055	783.33	750	3	3	0.85	15.38392	1
MRI_faces_135	1	1	2112.jpg	22.38403	12	999000	120	999000	999	23.40076	783.33	750	21	45	0.58	22.38403	1
MRI_faces_135	1	1	2118.jpg	24.38405	11	952.0841	110	783.7056	98	25.40089	800	750	12	46	0.69	24.38405	1
MRI_faces_135	1	1	2240.jpg	28.38469	24	999000	240	999000	999	29.40152	800	750	56	59	0.19	28.38469	1
MRI_faces_135	1	1	1007.jpg	30.38501	12	999000	120	999000	999	31.40186	800	750	20	1	0.59	30.38501	1
MRI_faces_135	1	1	2149.jpg	35.38587	24	999000	240	999000	999	36.40277	800	750	48	49	0.31	35.38587	1
MRI_faces_135	1	1	2248.jpg	39.38665	24	999000	240	999000	999	40.40346	800	750	43	60	0.37	39.38665	1
MRI_faces_135	1	1	2063.jpg	41.38433	24	999000	240	999000	999	42.40106	800	750	42	41	0.39	41.38433	1
MRI_faces_135	1	1	2110.jpg	44.38445	24	999000	240	999000	999	45.40114	800	750	58	44	0.13	44.38445	1
MRI_faces_135	1	1	2045.jpg	47.38442	22	975.729	220	752.7723	98	48.40116	800	766.67	53	38	0.24	47.38442	1
MRI_faces_135	1	1	2053.jpg	51.38454	12	999000	120	999000	999	52.40117	800	766.67	4	39	0.83	51.38454	1
MRI_faces_135	1	1	1226.jpg	55.38458	11	996.5581	110	800.3038	98	56.40124	816.67	766.67	13	27	0.69	55.38458	1
MRI_faces_135	1	1	2041.jpg	59.38468	24	999000	240	999000	999	60.40132	816.67	766.67	41	36	0.39	59.38468	1
MRI_faces_135	1	1	1246.jpg	62.38474	24	999000	240	999000	999	63.40132	816.67	766.67	40	28	0.39	62.38474	1
MRI_faces_135	1	1	2229.jpg	65.38472	22	978.4107	220	766.9655	98	66.40141	816.67	783.33	47	58	0.34	65.38472	1
MRI_faces_135	1	1	2094.jpg	68.3848	12	999000	120	999000	999	69.40148	816.67	783.33	8	43	0.78	68.3848	1
MRI_faces_135	1	1	1114.jpg	70.38476	12	999000	120	999000	999	71.4015	816.67	783.33	16	13	0.66	70.38476	1
MRI_faces_135	1	1	2010.jpg	73.38493	22	946.2044	220	783.6039	98	74.40152	816.67	800	52	32	0.25	73.38493	1
MRI_faces_135	1	1	1255.jpg	75.38491	12	999000	120	999000	999	76.40152	816.67	800	5	29	0.8	75.38491	1
MRI_faces_135	1	1	1052.jpg	77.38489	12	999000	120	999000	999	78.40155	816.67	800	17	9	0.66	77.38489	1
MRI_faces_135	1	1	2212.jpg	79.38489	24	999000	240	999000	999	80.40164	816.67	800	39	56	0.4	79.38489	1
MRI_faces_135	1	1	2089.jpg	82.38502	24	999000	240	999000	999	83.40162	816.67	800	49	42	0.3	82.38502	1
MRI_faces_135	1	1	1216.jpg	86.38505	12	999000	120	999000	999	87.40189	816.67	800	19	26	0.65	86.38505	1
MRI_faces_135	1	1	1127.jpg	88.38505	24	999000	240	999000	999	89.40177	816.67	800	46	14	0.35	88.38505	1
MRI_faces_135	1	1	1210.jpg	90.38515	12	999000	120	999000	999	91.40185	816.67	800	14	25	0.69	90.38515	1
MRI_faces_135	1	1	2024.jpg	94.38515	24	999000	240	999000	999	95.40177	816.67	800	54	34	0.24	94.38515	1
MRI_faces_135	1	1	2006.jpg	96.38516	22	1059.97	2200	800.2744	98	97.40187	816.67	750	45	31	0.36	96.38516	1
MRI_faces_135	1	1	1202.jpg	98.38523	12	999000	120	999000	999	99.4019	816.67	750	11	23	0.7	98.38523	1
MRI_faces_135	1	1	1027.jpg	102.3853	12	999000	120	999000	999	103.402	816.67	750	6	5	0.8	102.3853	1
MRI_faces_135	1	1	2194.jpg	106.3853	22	974.8054	220	750.2878	98	107.402	816.67	766.67	44	54	0.37	106.3853	1
MRI_faces_135	1	1	1035.jpg	108.3854	12	999000	120	999000	999	109.402	816.67	766.67	9	7	0.76	108.3854	1
MRI_faces_135	1	1	2153.jpg	110.3855	11	1024.632	1100	816.9655	98	111.4021	766.67	766.67	15	50	0.67	110.3855	1
MRI_faces_135	1	1	1050.jpg	112.3855	11	1013.719	1100	766.9308	98	113.4048	716.67	766.67	18	8	0.66	112.3855	1
MRI_faces_135	1	1	2058.jpg	114.3855	22	935.5875	220	766.9458	98	115.4021	716.67	783.33	50	40	0.26	114.3855	1
MRI_faces_135	1	1	2128.jpg	120.3855	24	999000	240	999000	999	121.4023	716.67	783.33	51	48	0.26	120.3855	1
MRI_faces_135	1	1	1146.jpg	122.3856	12	999000	120	999000	999	123.4023	716.67	783.33	22	17	0.57	122.3856	1
MRI_faces_135	1	2	2045.jpg	124.2023	22	1061.812	2200	783.6331	98	125.219	716.67	733.33	53	38	0.24	124.2023	1
MRI_faces_135	1	2	2053.jpg	126.1854	12	999000	120	999000	999	127.2023	716.67	733.33	4	39	0.83	126.1854	1
MRI_faces_135	1	2	1216.jpg	129.1858	12	999000	120	999000	999	130.2026	716.67	733.33	19	26	0.65	129.1858	1
MRI_faces_135	1	2	2110.jpg	132.1864	24	999000	240	999000	999	133.2031	716.67	733.33	58	44	0.13	132.1864	1
MRI_faces_135	1	2	1146.jpg	134.1867	12	999000	120	999000	999	135.2035	716.67	733.33	22	17	0.57	134.1867	1
MRI_faces_135	1	2	1017.jpg	138.1875	12	999000	120	999000	999	139.2042	716.67	733.33	3	3	0.85	138.1875	1
MRI_faces_135	1	2	2229.jpg	143.1883	22	910.8155	220	733.5949	98	144.205	716.67	750	47	58	0.34	143.1883	1
MRI_faces_135	1	2	1052.jpg	145.1887	12	999000	120	999000	999	146.2054	716.67	750	17	9	0.66	145.1887	1
MRI_faces_135	1	2	1246.jpg	148.1891	24	999000	240	999000	999	149.206	716.67	750	40	28	0.39	148.1891	1
MRI_faces_135	1	2	1060.jpg	150.1895	24	999000	240	999000	999	151.2063	716.67	750	57	10	0.14	150.1895	1
MRI_faces_135	1	2	2041.jpg	156.1905	24	999000	240	999000	999	157.2074	716.67	750	41	36	0.39	156.1905	1
MRI_faces_135	1	2	1073.jpg	159.191	11	936.0821	110	716.9479	98	160.2079	733.34	750	7	11	0.78	159.191	1
MRI_faces_135	1	2	1027.jpg	164.192	12	999000	120	999000	999	165.2088	733.34	750	6	5	0.8	164.192	1
MRI_faces_135	1	2	2024.jpg	166.1923	24	999000	240	999000	999	167.2091	733.34	750	54	34	0.24	166.1923	1
MRI_faces_135	1	2	1210.jpg	168.1927	12	999000	120	999000	999	169.2095	733.34	750	14	25	0.69	168.1927	1
MRI_faces_135	1	2	2058.jpg	172.1934	22	906.7791	220	750.2868	98	173.2102	733.34	766.66	50	40	0.26	172.1934	1
MRI_faces_135	1	2	2015.jpg	174.1937	24	999000	240	999000	999	175.2106	733.34	766.66	55	33	0.19	174.1937	1
MRI_faces_135	1	2	2006.jpg	177.1942	22	947.9358	220	766.967	98	178.2111	733.34	783.33	45	31	0.36	177.1942	1
MRI_faces_135	1	2	1226.jpg	180.1949	11	916.2562	110	733.6456	98	181.2116	750	783.33	13	27	0.69	180.1949	1
MRI_faces_135	1	2	2118.jpg	183.1953	11	926.8001	110	750.2764	98	184.2121	766.67	783.33	12	46	0.69	183.1953	1
MRI_faces_135	1	2	2089.jpg	185.1957	24	999000	240	999000	999	186.2124	766.67	783.33	49	42	0.3	185.1957	1
MRI_faces_135	1	2	1255.jpg	189.1963	12	999000	120	999000	999	190.2131	766.67	783.33	5	29	0.8	189.1963	1
MRI_faces_135	1	2	2112.jpg	191.1967	12	999000	120	999000	999	192.2135	766.67	783.33	21	45	0.58	191.1967	1
MRI_faces_135	1	2	2248.jpg	193.1971	24	999000	240	999000	999	194.2139	766.67	783.33	43	60	0.37	193.1971	1
MRI_faces_135	1	2	1007.jpg	195.1975	12	999000	120	999000	999	196.2142	766.67	783.33	20	1	0.59	195.1975	1
MRI_faces_135	1	2	1035.jpg	197.1978	12	999000	120	999000	999	198.2145	766.67	783.33	9	7	0.76	197.1978	1
MRI_faces_135	1	2	2240.jpg	201.1984	24	999000	240	999000	999	202.2153	766.67	783.33	56	59	0.19	201.1984	1
MRI_faces_135	1	2	2153.jpg	205.1992	11	705.9156	11	766.9456	98	206.216	783.34	783.33	15	50	0.67	205.1992	1
MRI_faces_135	1	2	2094.jpg	209.1999	12	999000	120	999000	999	210.2167	783.34	783.33	8	43	0.78	209.1999	1
MRI_faces_135	1	2	2212.jpg	212.2006	24	999000	240	999000	999	213.2172	783.34	783.33	39	56	0.4	212.2006	1
MRI_faces_135	1	2	2149.jpg	214.2007	24	999000	240	999000	999	215.2175	783.34	783.33	48	49	0.31	214.2007	1
MRI_faces_135	1	2	1019.jpg	216.1871	11	1020.027	1100	783.6166	98	217.2037	733.34	783.33	10	4	0.72	216.1871	1
MRI_faces_135	1	2	1050.jpg	218.1871	11	923.0647	110	733.6234	98	219.2037	750	783.33	18	8	0.66	218.1871	1
MRI_faces_135	1	2	1202.jpg	220.187	12	999000	120	999000	999	221.2037	750	783.33	11	23	0.7	220.187	1
MRI_faces_135	1	2	1114.jpg	224.1871	12	999000	120	999000	999	225.2038	750	783.33	16	13	0.66	224.1871	1
MRI_faces_135	1	2	2128.jpg	226.1872	24	999000	240	999000	999	227.2038	750	783.33	51	48	0.26	226.1872	1
MRI_faces_135	1	2	2010.jpg	233.1874	22	965.6897	220	783.595	98	234.2042	750	800	52	32	0.25	233.1874	1
MRI_faces_135	1	2	1127.jpg	237.1881	24	999000	240	999000	999	238.2049	750	800	46	14	0.35	237.1881	1
MRI_faces_135	1	2	2063.jpg	240.1886	24	999000	240	999000	999	241.2055	750	800	42	41	0.39	240.1886	1
MRI_faces_135	1	2	2194.jpg	244.1893	22	967.8002	220	800.2803	98	245.2062	750	816.66	44	54	0.37	244.1893	1
