subjectID	order	runNum	itemName	onsetTime	shuff_trialType	RT	respInTime	AudioTime	response	fixationTime	ladder1	ladder2	bidIndex	itemNameIndex	bidValue	onset	duration
MRI_faces_149	1	9	2043.jpg	2.43024	22	1122.515	2200	752.2825	98	3.44778	750	700	47	37	0.32	2.43024	1
MRI_faces_149	1	9	2094.jpg	5.430647	12	999000	120	999000	999	6.447443	750	700	22	43	0.61	5.430647	1
MRI_faces_149	1	9	2063.jpg	9.431433	24	999000	240	999000	999	10.44824	750	700	55	41	0.2	9.431433	1
MRI_faces_149	1	9	1202.jpg	12.43193	24	999000	240	999000	999	13.44878	750	700	49	23	0.27	12.43193	1
MRI_faces_149	1	9	1127.jpg	16.43263	24	999000	240	999000	999	17.44939	750	700	56	14	0.19	16.43263	1
MRI_faces_149	1	9	1191.jpg	19.42725	24	999000	240	999000	999	20.44408	750	700	58	21	0.17	19.42725	1
MRI_faces_149	1	9	1031.jpg	21.4274	11	982.3628	110	752.2143	98	22.44405	766.67	700	12	6	0.72	21.4274	1
MRI_faces_149	1	9	2128.jpg	24.42743	11	712.3341	11	766.9322	98	25.44414	783.33	700	15	48	0.7	24.42743	1
MRI_faces_149	1	9	2212.jpg	27.42749	12	999000	120	999000	999	28.44406	783.33	700	17	56	0.67	27.42749	1
MRI_faces_149	1	9	2248.jpg	32.42758	22	939.1847	220	701.6281	98	33.44444	783.33	716.67	45	60	0.32	32.42758	1
MRI_faces_149	1	9	1262.jpg	34.42752	12	999000	120	999000	999	35.44417	783.33	716.67	11	30	0.72	34.42752	1
MRI_faces_149	1	9	1080.jpg	36.42757	22	614.2294	22	716.9582	98	37.44425	783.33	733.33	52	12	0.26	36.42757	1
MRI_faces_149	1	9	2058.jpg	40.42765	12	999000	120	999000	999	41.4443	783.33	733.33	19	40	0.64	40.42765	1
MRI_faces_149	1	9	1035.jpg	47.42772	24	999000	240	999000	999	48.44445	783.33	733.33	46	7	0.32	47.42772	1
MRI_faces_149	1	9	2125.jpg	49.42786	12	999000	120	999000	999	50.44446	783.33	733.33	4	47	0.81	49.42786	1
MRI_faces_149	1	9	1145.jpg	51.42787	22	1004.919	2200	733.6188	98	52.44536	783.33	683.33	50	16	0.26	51.42787	1
MRI_faces_149	1	9	1017.jpg	53.42785	22	644.9084	22	683.6262	98	54.44453	783.33	700	44	3	0.35	53.42785	1
MRI_faces_149	1	9	2039.jpg	55.42789	11	1005.93	1100	783.6344	98	56.44469	733.33	700	10	35	0.76	55.42789	1
MRI_faces_149	1	9	2118.jpg	57.42797	11	961.793	110	733.6243	98	58.44456	750	700	18	46	0.65	57.42797	1
MRI_faces_149	1	9	2153.jpg	60.42791	12	999000	120	999000	999	61.44468	750	700	14	50	0.7	60.42791	1
MRI_faces_149	1	9	1183.jpg	62.42811	24	999000	240	999000	999	63.44467	750	700	41	20	0.37	62.42811	1
MRI_faces_149	1	9	1216.jpg	64.42805	24	999000	240	999000	999	65.44462	750	700	51	26	0.26	64.42805	1
MRI_faces_149	1	9	1052.jpg	68.42811	22	955.6522	220	700.2592	98	69.44468	750	716.67	53	9	0.25	68.42811	1
MRI_faces_149	1	9	2045.jpg	72.42828	12	999000	120	999000	999	73.44474	750	716.67	20	38	0.63	72.42828	1
MRI_faces_149	1	9	2053.jpg	78.42822	12	999000	120	999000	999	79.44491	750	716.67	3	39	0.84	78.42822	1
MRI_faces_149	1	9	1210.jpg	80.42825	12	999000	120	999000	999	81.44495	750	716.67	21	25	0.62	80.42825	1
MRI_faces_149	1	9	2209.jpg	82.42827	11	945.4914	110	750.3112	98	83.44495	766.67	716.67	13	55	0.7	82.42827	1
MRI_faces_149	1	9	2089.jpg	84.42832	12	999000	120	999000	999	85.445	766.67	716.67	6	42	0.79	84.42832	1
MRI_faces_149	1	9	2240.jpg	88.42859	12	999000	120	999000	999	89.44541	766.67	716.67	16	59	0.69	88.42859	1
MRI_faces_149	1	9	1146.jpg	90.42901	24	999000	240	999000	999	91.44583	766.67	716.67	42	17	0.36	90.42901	1
MRI_faces_149	1	9	1007.jpg	92.42933	12	999000	120	999000	999	93.44613	766.67	716.67	5	1	0.8	92.42933	1
MRI_faces_149	1	9	2110.jpg	94.42972	24	999000	240	999000	999	95.44663	766.67	716.67	40	44	0.37	94.42972	1
MRI_faces_149	1	9	2164.jpg	98.43041	12	999000	120	999000	999	99.44719	766.67	716.67	9	52	0.77	98.43041	1
MRI_faces_149	1	9	2112.jpg	102.4311	24	999000	240	999000	999	103.4479	766.67	716.67	43	45	0.35	102.4311	1
MRI_faces_149	1	9	1130.jpg	105.4317	24	999000	240	999000	999	106.4484	766.67	716.67	48	15	0.29	105.4317	1
MRI_faces_149	1	9	2006.jpg	110.4326	11	968.2309	110	766.9191	98	111.4496	783.33	716.67	7	31	0.78	110.4326	1
MRI_faces_149	1	9	2218.jpg	112.4287	24	999000	240	999000	999	113.4454	783.33	716.67	39	57	0.39	112.4287	1
MRI_faces_149	1	9	2041.jpg	115.4289	12	999000	120	999000	999	116.4455	783.33	716.67	8	36	0.78	115.4289	1
MRI_faces_149	1	9	1204.jpg	119.4288	24	999000	240	999000	999	120.4457	783.33	716.67	57	24	0.18	119.4288	1
MRI_faces_149	1	9	1192.jpg	122.4289	24	999000	240	999000	999	123.4456	783.33	716.67	54	22	0.21	122.4289	1
MRI_faces_149	1	10	1080.jpg	124.2516	22	609.1387	22	717.0474	98	125.2684	783.33	733.34	52	12	0.26	124.2516	1
MRI_faces_149	1	10	2209.jpg	126.252	11	975.8154	110	783.6171	98	127.2688	800	733.34	13	55	0.7	126.252	1
MRI_faces_149	1	10	1145.jpg	129.2524	22	1090.322	2200	733.6037	98	130.2693	800	683.34	50	16	0.26	129.2524	1
MRI_faces_149	1	10	2153.jpg	132.2531	12	999000	120	999000	999	133.2698	800	683.34	14	50	0.7	132.2531	1
MRI_faces_149	1	10	2043.jpg	134.2533	22	833.4487	220	683.6193	98	135.2703	800	700	47	37	0.32	134.2533	1
MRI_faces_149	1	10	1130.jpg	138.254	24	999000	240	999000	999	139.2709	800	700	48	15	0.29	138.254	1
MRI_faces_149	1	10	1192.jpg	143.2549	24	999000	240	999000	999	144.2718	800	700	54	22	0.21	143.2549	1
MRI_faces_149	1	10	2006.jpg	145.2459	11	547.8363	11	800.2941	98	146.2626	816.66	700	7	31	0.78	145.2459	1
MRI_faces_149	1	10	1052.jpg	148.2459	22	874.8594	220	700.2944	98	149.2626	816.66	716.67	53	9	0.25	148.2459	1
MRI_faces_149	1	10	1146.jpg	150.2461	24	999000	240	999000	999	151.2627	816.66	716.67	42	17	0.36	150.2461	1
MRI_faces_149	1	10	2094.jpg	156.2461	12	999000	120	999000	999	157.2628	816.66	716.67	22	43	0.61	156.2461	1
MRI_faces_149	1	10	1035.jpg	159.2462	24	999000	240	999000	999	160.2627	816.66	716.67	46	7	0.32	159.2462	1
MRI_faces_149	1	10	2089.jpg	164.2462	12	999000	120	999000	999	165.2628	816.66	716.67	6	42	0.79	164.2462	1
MRI_faces_149	1	10	2128.jpg	166.2462	11	771.6031	11	816.9309	98	167.2629	833.33	716.67	15	48	0.7	166.2462	1
MRI_faces_149	1	10	1216.jpg	168.2463	24	999000	240	999000	999	169.2629	833.33	716.67	51	26	0.26	168.2463	1
MRI_faces_149	1	10	1007.jpg	172.2464	12	999000	120	999000	999	173.263	833.33	716.67	5	1	0.8	172.2464	1
MRI_faces_149	1	10	2112.jpg	174.2464	24	999000	240	999000	999	175.2631	833.33	716.67	43	45	0.35	174.2464	1
MRI_faces_149	1	10	2053.jpg	177.2464	12	999000	120	999000	999	178.263	833.33	716.67	3	39	0.84	177.2464	1
MRI_faces_149	1	10	1202.jpg	180.2465	24	999000	240	999000	999	181.2631	833.33	716.67	49	23	0.27	180.2465	1
MRI_faces_149	1	10	2058.jpg	183.2465	12	999000	120	999000	999	184.2631	833.33	716.67	19	40	0.64	183.2465	1
MRI_faces_149	1	10	2218.jpg	185.2465	24	999000	240	999000	999	186.2631	833.33	716.67	39	57	0.39	185.2465	1
MRI_faces_149	1	10	2063.jpg	189.2465	24	999000	240	999000	999	190.2632	833.33	716.67	55	41	0.2	189.2465	1
MRI_faces_149	1	10	1183.jpg	191.2467	24	999000	240	999000	999	192.2635	833.33	716.67	41	20	0.37	191.2467	1
MRI_faces_149	1	10	2110.jpg	193.247	24	999000	240	999000	999	194.2639	833.33	716.67	40	44	0.37	193.247	1
MRI_faces_149	1	10	1127.jpg	195.2474	24	999000	240	999000	999	196.2642	833.33	716.67	56	14	0.19	195.2474	1
MRI_faces_149	1	10	1204.jpg	197.2478	24	999000	240	999000	999	198.2647	833.33	716.67	57	24	0.18	197.2478	1
MRI_faces_149	1	10	1017.jpg	201.2487	22	711.0973	22	716.9309	98	202.2653	833.33	733.34	44	3	0.35	201.2487	1
MRI_faces_149	1	10	2039.jpg	205.2491	11	862.6245	110	833.5847	98	206.2801	850	733.34	10	35	0.76	205.2491	1
MRI_faces_149	1	10	2125.jpg	209.2499	12	999000	120	999000	999	210.2667	850	733.34	4	47	0.81	209.2499	1
MRI_faces_149	1	10	2240.jpg	212.2504	12	999000	120	999000	999	213.2672	850	733.34	16	59	0.69	212.2504	1
MRI_faces_149	1	10	2248.jpg	214.2508	22	840.0286	220	733.5975	98	215.2676	850	750	45	60	0.32	214.2508	1
MRI_faces_149	1	10	2212.jpg	216.2511	12	999000	120	999000	999	217.268	850	750	17	56	0.67	216.2511	1
MRI_faces_149	1	10	1031.jpg	218.2514	11	1062.349	1100	850.2685	98	219.3016	800	750	12	6	0.72	218.2514	1
MRI_faces_149	1	10	2118.jpg	220.2518	11	1002.018	1100	800.2643	98	221.2686	750	750	18	46	0.65	220.2518	1
MRI_faces_149	1	10	2041.jpg	224.2526	12	999000	120	999000	999	225.2694	750	750	8	36	0.78	224.2526	1
MRI_faces_149	1	10	2045.jpg	226.2529	12	999000	120	999000	999	227.2697	750	750	20	38	0.63	226.2529	1
MRI_faces_149	1	10	2164.jpg	233.2541	12	999000	120	999000	999	234.2709	750	750	9	52	0.77	233.2541	1
MRI_faces_149	1	10	1191.jpg	237.2548	24	999000	240	999000	999	238.2716	750	750	58	21	0.17	237.2548	1
MRI_faces_149	1	10	1210.jpg	240.2473	12	999000	120	999000	999	241.264	750	750	21	25	0.62	240.2473	1
MRI_faces_149	1	10	1262.jpg	244.2475	12	999000	120	999000	999	245.264	750	750	11	30	0.72	244.2475	1
