subjectID	order	runNum	itemName	onsetTime	shuff_trialType	RT	respInTime	AudioTime	response	fixationTime	ladder1	ladder2	bidIndex	itemNameIndex	bidValue	onset	duration
MRI_faces_112	2	1	1146.jpg	2.39737	24	999000	240	999000	999	3.425449	750	750	53	17	0.19	2.39737	1
MRI_faces_112	2	1	2248.jpg	6.389245	12	999000	120	999000	999	7.406104	750	750	21	60	0.59	6.389245	1
MRI_faces_112	2	1	2194.jpg	8.390169	24	999000	240	999000	999	9.406401	750	750	55	54	0.17	8.390169	1
MRI_faces_112	2	1	1210.jpg	13.38015	24	999000	240	999000	999	14.3969	750	750	42	25	0.38	13.38015	1
MRI_faces_112	2	1	1150.jpg	15.38029	24	999000	240	999000	999	16.39694	750	750	58	18	0.15	15.38029	1
MRI_faces_112	2	1	2128.jpg	17.39112	22	1035.452	2200	753.5761	98	18.40797	750	700	48	48	0.28	17.39112	1
MRI_faces_112	2	1	1255.jpg	21.3804	11	1009.212	1100	752.6515	98	22.39875	700	700	17	29	0.63	21.3804	1
MRI_faces_112	2	1	1192.jpg	23.38036	22	1004.262	2200	700.2862	98	24.39707	700	650	51	22	0.22	23.38036	1
MRI_faces_112	2	1	2063.jpg	25.3804	12	999000	120	999000	999	26.39704	700	650	13	41	0.67	25.3804	1
MRI_faces_112	2	1	2010.jpg	28.38038	12	999000	120	999000	999	29.39709	700	650	22	32	0.59	28.38038	1
MRI_faces_112	2	1	2006.jpg	30.38047	12	999000	120	999000	999	31.39715	700	650	10	31	0.72	30.38047	1
MRI_faces_112	2	1	2024.jpg	34.3806	12	999000	120	999000	999	35.39721	700	650	19	34	0.6	34.3806	1
MRI_faces_112	2	1	2053.jpg	40.38067	12	999000	120	999000	999	41.39733	700	650	4	39	0.88	40.38067	1
MRI_faces_112	2	1	2155.jpg	43.38071	24	999000	240	999000	999	44.39737	700	650	39	51	0.4	43.38071	1
MRI_faces_112	2	1	1019.jpg	45.38068	24	999000	240	999000	999	46.39734	700	650	50	4	0.27	45.38068	1
MRI_faces_112	2	1	2153.jpg	47.38076	24	999000	240	999000	999	48.39746	700	650	45	50	0.33	47.38076	1
MRI_faces_112	2	1	1202.jpg	49.38073	12	999000	120	999000	999	50.39739	700	650	15	23	0.64	49.38073	1
MRI_faces_112	2	1	2110.jpg	51.38077	22	904.808	220	650.3202	98	52.39741	700	666.67	43	44	0.33	51.38077	1
MRI_faces_112	2	1	2058.jpg	54.38101	24	999000	240	999000	999	55.39786	700	666.67	40	40	0.4	54.38101	1
MRI_faces_112	2	1	2181.jpg	58.38176	12	999000	120	999000	999	59.39858	700	666.67	5	53	0.83	58.38176	1
MRI_faces_112	2	1	1050.jpg	61.38222	24	999000	240	999000	999	62.39907	700	666.67	52	8	0.22	61.38222	1
MRI_faces_112	2	1	1204.jpg	65.38297	22	1102.593	2200	667.0217	98	66.39977	700	616.67	46	24	0.33	65.38297	1
MRI_faces_112	2	1	2125.jpg	70.38389	24	999000	240	999000	999	71.40067	700	616.67	41	47	0.4	70.38389	1
MRI_faces_112	2	1	2118.jpg	74.38458	12	999000	120	999000	999	75.40132	700	616.67	20	46	0.59	74.38458	1
MRI_faces_112	2	1	1246.jpg	77.38505	22	838.5158	220	616.9464	98	78.40185	700	633.33	54	28	0.18	77.38505	1
MRI_faces_112	2	1	1017.jpg	79.38549	11	876.1188	110	700.2618	98	80.40227	716.67	633.33	8	3	0.79	79.38549	1
MRI_faces_112	2	1	2209.jpg	81.38572	11	899.8392	110	716.9478	98	82.40259	733.33	633.33	14	55	0.66	81.38572	1
MRI_faces_112	2	1	2112.jpg	88.38703	12	999000	120	999000	999	89.40379	733.33	633.33	12	45	0.68	88.38703	1
MRI_faces_112	2	1	2043.jpg	91.38753	11	928.0404	110	733.6021	98	92.4043	750	633.33	16	37	0.63	91.38753	1
MRI_faces_112	2	1	1060.jpg	93.38793	24	781.6336	24	999000	98	94.40467	750	633.33	57	10	0.15	93.38793	1
MRI_faces_112	2	1	2015.jpg	97.38859	11	954.981	110	750.3388	98	98.40551	766.67	633.33	9	33	0.74	97.38859	1
MRI_faces_112	2	1	1073.jpg	99.38905	22	892.5431	220	633.5953	98	100.4058	766.67	650	49	11	0.27	99.38905	1
MRI_faces_112	2	1	2212.jpg	102.3894	11	957.1557	110	766.9272	98	103.4063	783.33	650	11	56	0.69	102.3894	1
MRI_faces_112	2	1	1183.jpg	104.3898	24	999000	240	999000	999	105.4066	783.33	650	47	20	0.3	104.3898	1
MRI_faces_112	2	1	2089.jpg	108.3816	12	999000	120	999000	999	109.3983	783.33	650	6	42	0.81	108.3816	1
MRI_faces_112	2	1	2039.jpg	110.3817	12	999000	120	999000	999	111.3985	783.33	650	18	35	0.61	110.3817	1
MRI_faces_112	2	1	1013.jpg	114.3818	24	999000	240	999000	999	115.3984	783.33	650	56	2	0.16	114.3818	1
MRI_faces_112	2	1	1145.jpg	117.3818	12	999000	120	999000	999	118.3984	783.33	650	7	16	0.8	117.3818	1
MRI_faces_112	2	1	1127.jpg	119.3818	24	999000	240	999000	999	120.3985	783.33	650	44	14	0.33	119.3818	1
MRI_faces_112	2	1	1035.jpg	122.3819	12	999000	120	999000	999	123.3986	783.33	650	3	7	0.92	122.3819	1
MRI_faces_112	2	2	2194.jpg	124.1652	24	999000	240	999000	999	125.1819	783.33	650	55	54	0.17	124.1652	1
MRI_faces_112	2	2	2024.jpg	127.1652	12	999000	120	999000	999	128.182	783.33	650	19	34	0.6	127.1652	1
MRI_faces_112	2	2	1246.jpg	131.1656	22	857.0001	220	650.2953	98	132.182	783.33	666.67	54	28	0.18	131.1656	1
MRI_faces_112	2	2	2125.jpg	134.1654	24	999000	240	999000	999	135.1821	783.33	666.67	41	47	0.4	134.1654	1
MRI_faces_112	2	2	1127.jpg	138.1655	24	999000	240	999000	999	139.1821	783.33	666.67	44	14	0.33	138.1655	1
MRI_faces_112	2	2	2039.jpg	141.1629	12	999000	120	999000	999	142.1798	783.33	666.67	18	35	0.61	141.1629	1
MRI_faces_112	2	2	2010.jpg	143.1633	12	999000	120	999000	999	144.1822	783.33	666.67	22	32	0.59	143.1633	1
MRI_faces_112	2	2	1145.jpg	146.1655	12	999000	120	999000	999	147.1822	783.33	666.67	7	16	0.8	146.1655	1
MRI_faces_112	2	2	1013.jpg	149.1656	24	999000	240	999000	999	150.1822	783.33	666.67	56	2	0.16	149.1656	1
MRI_faces_112	2	2	2155.jpg	154.1652	24	999000	240	999000	999	155.1823	783.33	666.67	39	51	0.4	154.1652	1
MRI_faces_112	2	2	1204.jpg	156.1655	22	975.029	220	666.9334	98	157.1824	783.33	683.33	46	24	0.33	156.1655	1
MRI_faces_112	2	2	1192.jpg	158.149	22	861.5786	220	683.6278	98	159.1661	783.33	700	51	22	0.22	158.149	1
MRI_faces_112	2	2	2128.jpg	162.1497	22	878.8298	220	700.2949	98	163.1667	783.33	716.67	48	48	0.28	162.1497	1
MRI_faces_112	2	2	2209.jpg	169.1512	11	1003.407	1100	783.6566	98	170.1679	733.33	716.67	14	55	0.66	169.1512	1
MRI_faces_112	2	2	2181.jpg	171.1516	12	999000	120	999000	999	172.1684	733.33	716.67	5	53	0.83	171.1516	1
MRI_faces_112	2	2	2153.jpg	173.1519	24	999000	240	999000	999	174.1687	733.33	716.67	45	50	0.33	173.1519	1
MRI_faces_112	2	2	1255.jpg	175.166	11	1127.523	1100	733.6058	98	176.1827	683.33	716.67	17	29	0.63	175.166	1
MRI_faces_112	2	2	2063.jpg	177.1661	12	999000	120	999000	999	178.1827	683.33	716.67	13	41	0.67	177.1661	1
MRI_faces_112	2	2	2006.jpg	179.166	12	999000	120	999000	999	180.1827	683.33	716.67	10	31	0.72	179.166	1
MRI_faces_112	2	2	1017.jpg	182.1663	11	844.3197	110	683.5963	98	183.1828	700	716.67	8	3	0.79	182.1663	1
MRI_faces_112	2	2	2058.jpg	184.1538	24	999000	240	999000	999	185.1706	700	716.67	40	40	0.4	184.1538	1
MRI_faces_112	2	2	2248.jpg	186.1541	12	999000	120	999000	999	187.171	700	716.67	21	60	0.59	186.1541	1
MRI_faces_112	2	2	2015.jpg	190.1548	11	884.7221	110	700.2758	98	191.1717	716.66	716.67	9	33	0.74	190.1548	1
MRI_faces_112	2	2	1183.jpg	194.1663	24	999000	240	999000	999	195.1829	716.66	716.67	47	20	0.3	194.1663	1
MRI_faces_112	2	2	1150.jpg	200.1566	24	999000	240	999000	999	201.1735	716.66	716.67	58	18	0.15	200.1566	1
MRI_faces_112	2	2	1019.jpg	202.157	24	999000	240	999000	999	203.1738	716.66	716.67	50	4	0.27	202.157	1
MRI_faces_112	2	2	2053.jpg	204.1573	12	999000	120	999000	999	205.1741	716.66	716.67	4	39	0.88	204.1573	1
MRI_faces_112	2	2	1035.jpg	206.1577	12	999000	120	999000	999	207.1745	716.66	716.67	3	7	0.92	206.1577	1
MRI_faces_112	2	2	1050.jpg	210.1583	24	999000	240	999000	999	211.1752	716.66	716.67	52	8	0.22	210.1583	1
MRI_faces_112	2	2	2112.jpg	212.1588	12	999000	120	999000	999	213.1755	716.66	716.67	12	45	0.68	212.1588	1
MRI_faces_112	2	2	2110.jpg	214.1591	22	916.5121	220	716.9435	98	215.176	716.66	733.33	43	44	0.33	214.1591	1
MRI_faces_112	2	2	2118.jpg	216.1594	12	999000	120	999000	999	217.1762	716.66	733.33	20	46	0.59	216.1594	1
MRI_faces_112	2	2	2212.jpg	220.1602	11	887.3623	110	716.9499	98	221.177	733.33	733.33	11	56	0.69	220.1602	1
MRI_faces_112	2	2	1073.jpg	224.1608	22	897.7591	220	733.5895	98	225.1777	733.33	750	49	11	0.27	224.1608	1
MRI_faces_112	2	2	1060.jpg	227.1613	24	999000	240	999000	999	228.1781	733.33	750	57	10	0.15	227.1613	1
MRI_faces_112	2	2	1210.jpg	232.1622	24	999000	240	999000	999	233.1791	733.33	750	42	25	0.38	232.1622	1
MRI_faces_112	2	2	1146.jpg	234.1627	24	999000	240	999000	999	235.1794	733.33	750	53	17	0.19	234.1627	1
MRI_faces_112	2	2	2089.jpg	237.1632	12	999000	120	999000	999	238.18	733.33	750	6	42	0.81	237.1632	1
MRI_faces_112	2	2	2043.jpg	241.1638	11	933.7707	110	733.6184	98	242.1807	750	750	16	37	0.63	241.1638	1
MRI_faces_112	2	2	1202.jpg	244.1644	12	999000	120	999000	999	245.1811	750	750	15	23	0.64	244.1644	1
