subjectID	order	runNum	itemName	onsetTime	shuff_trialType	RT	respInTime	AudioTime	response	fixationTime	ladder1	ladder2	bidIndex	itemNameIndex	bidValue	onset	duration
MRI_faces_105	1	5	1192.jpg	2.39677	12	999000	120	999000	999	3.414176	683.34	750	5	22	0.82	2.39677	1
MRI_faces_105	1	5	2089.jpg	6.397308	22	1090.565	2200	751.7916	98	7.414016	683.34	700	50	42	0.27	6.397308	1
MRI_faces_105	1	5	2181.jpg	8.397545	12	999000	120	999000	999	9.415279	683.34	700	6	53	0.82	8.397545	1
MRI_faces_105	1	5	1019.jpg	13.39851	22	1052.352	2200	700.2756	98	14.41535	683.34	650	47	4	0.28	13.39851	1
MRI_faces_105	1	5	2112.jpg	15.39885	22	916.0347	220	650.2902	98	16.41576	683.34	666.67	53	45	0.23	15.39885	1
MRI_faces_105	1	5	1146.jpg	17.39923	24	999000	240	999000	999	18.41606	683.34	666.67	43	17	0.39	17.39923	1
MRI_faces_105	1	5	1204.jpg	21.39994	24	999000	240	999000	999	22.41673	683.34	666.67	54	24	0.2	21.39994	1
MRI_faces_105	1	5	1226.jpg	23.40023	12	999000	120	999000	999	24.41708	683.34	666.67	17	27	0.68	23.40023	1
MRI_faces_105	1	5	2024.jpg	25.40056	22	930.31	220	666.9341	98	26.41748	683.34	683.33	44	34	0.38	25.40056	1
MRI_faces_105	1	5	2094.jpg	28.4012	11	884.6697	110	685.0737	98	29.41802	700.01	683.33	13	43	0.71	28.4012	1
MRI_faces_105	1	5	1127.jpg	30.40155	11	929.3326	110	700.3215	98	31.41836	716.67	683.33	10	14	0.75	30.40155	1
MRI_faces_105	1	5	2039.jpg	34.40216	22	906.7189	220	683.5863	98	35.41902	716.67	700	52	35	0.23	34.40216	1
MRI_faces_105	1	5	2010.jpg	40.40328	24	999000	240	999000	999	41.42003	716.67	700	41	32	0.4	40.40328	1
MRI_faces_105	1	5	2240.jpg	43.39701	11	911.8612	110	716.9272	98	44.41361	733.34	700	18	59	0.67	43.39701	1
MRI_faces_105	1	5	2045.jpg	45.3971	24	999000	240	999000	999	46.41389	733.34	700	56	38	0.18	45.3971	1
MRI_faces_105	1	5	1060.jpg	47.39703	24	999000	240	999000	999	48.41374	733.34	700	49	10	0.28	47.39703	1
MRI_faces_105	1	5	2110.jpg	49.39714	24	999000	240	999000	999	50.41379	733.34	700	58	44	0.13	49.39714	1
MRI_faces_105	1	5	1255.jpg	51.39714	12	999000	120	999000	999	52.41378	733.34	700	20	29	0.65	51.39714	1
MRI_faces_105	1	5	1210.jpg	54.39726	12	999000	120	999000	999	55.41383	733.34	700	21	25	0.63	54.39726	1
MRI_faces_105	1	5	1216.jpg	58.39721	11	894.6883	110	733.6143	98	59.41396	750.01	700	12	26	0.71	58.39721	1
MRI_faces_105	1	5	1073.jpg	61.39723	12	999000	120	999000	999	62.41399	750.01	700	4	11	0.83	61.39723	1
MRI_faces_105	1	5	2153.jpg	65.39736	24	999000	240	999000	999	66.41402	750.01	700	46	50	0.3	65.39736	1
MRI_faces_105	1	5	2194.jpg	70.39744	24	999000	240	999000	999	71.41406	750.01	700	40	54	0.41	70.39744	1
MRI_faces_105	1	5	2058.jpg	74.39755	24	999000	240	999000	999	75.41419	750.01	700	55	40	0.19	74.39755	1
MRI_faces_105	1	5	2164.jpg	77.39752	12	999000	120	999000	999	78.41424	750.01	700	19	52	0.66	77.39752	1
MRI_faces_105	1	5	1013.jpg	79.3976	12	999000	120	999000	999	80.41419	750.01	700	14	2	0.7	79.3976	1
MRI_faces_105	1	5	1183.jpg	81.39778	24	999000	240	999000	999	82.41422	750.01	700	57	20	0.17	81.39778	1
MRI_faces_105	1	5	2118.jpg	88.39787	12	999000	120	999000	999	89.41446	750.01	700	8	46	0.76	88.39787	1
MRI_faces_105	1	5	1035.jpg	91.39777	12	999000	120	999000	999	92.41442	750.01	700	3	7	0.85	91.39777	1
MRI_faces_105	1	5	2128.jpg	93.39774	24	999000	240	999000	999	94.41449	750.01	700	48	48	0.28	93.39774	1
MRI_faces_105	1	5	1114.jpg	97.39781	12	999000	120	999000	999	98.41455	750.01	700	11	13	0.73	97.39781	1
MRI_faces_105	1	5	2229.jpg	99.39783	24	999000	240	999000	999	100.4145	750.01	700	51	58	0.23	99.39783	1
MRI_faces_105	1	5	2218.jpg	102.398	11	953.9092	110	750.2767	98	103.4146	766.67	700	15	57	0.7	102.398	1
MRI_faces_105	1	5	2063.jpg	104.3979	12	999000	120	999000	999	105.4146	766.67	700	16	41	0.69	104.3979	1
MRI_faces_105	1	5	1145.jpg	108.3986	24	999000	240	999000	999	109.4153	766.67	700	42	16	0.4	108.3986	1
MRI_faces_105	1	5	1202.jpg	110.399	24	999000	240	999000	999	111.4157	766.67	700	39	23	0.41	110.399	1
MRI_faces_105	1	5	1031.jpg	114.3996	12	999000	120	999000	999	115.4165	766.67	700	22	6	0.61	114.3996	1
MRI_faces_105	1	5	1017.jpg	117.4002	22	910.7055	220	700.2548	98	118.4169	766.67	716.67	45	3	0.36	117.4002	1
MRI_faces_105	1	5	2053.jpg	119.4005	11	963.396	110	766.9595	98	120.4173	783.34	716.67	7	39	0.78	119.4005	1
MRI_faces_105	1	5	1262.jpg	122.4011	12	999000	120	999000	999	123.4179	783.34	716.67	9	30	0.75	122.4011	1
MRI_faces_105	1	6	2094.jpg	124.168	11	1006.88	1100	783.6782	98	125.1849	733.34	716.67	13	43	0.71	124.168	1
MRI_faces_105	1	6	1192.jpg	126.1685	12	999000	120	999000	999	127.1852	733.34	716.67	5	22	0.82	126.1685	1
MRI_faces_105	1	6	2164.jpg	129.1688	12	999000	120	999000	999	130.1858	733.34	716.67	19	52	0.66	129.1688	1
MRI_faces_105	1	6	2045.jpg	132.1695	24	999000	240	999000	999	133.1863	733.34	716.67	56	38	0.18	132.1695	1
MRI_faces_105	1	6	2089.jpg	134.1698	22	946.1049	220	716.94	98	135.1867	733.34	733.34	50	42	0.27	134.1698	1
MRI_faces_105	1	6	2128.jpg	138.1704	24	999000	240	999000	999	139.1875	733.34	733.34	48	48	0.28	138.1704	1
MRI_faces_105	1	6	1202.jpg	143.1713	24	999000	240	999000	999	144.1881	733.34	733.34	39	23	0.41	143.1713	1
MRI_faces_105	1	6	1145.jpg	145.1717	24	999000	240	999000	999	146.1886	733.34	733.34	42	16	0.4	145.1717	1
MRI_faces_105	1	6	1114.jpg	148.1722	12	999000	120	999000	999	149.1891	733.34	733.34	11	13	0.73	148.1722	1
MRI_faces_105	1	6	2024.jpg	150.1726	22	944.2931	220	733.608	98	151.1894	733.34	750	44	34	0.38	150.1726	1
MRI_faces_105	1	6	2194.jpg	156.1656	24	999000	240	999000	999	157.182	733.34	750	40	54	0.41	156.1656	1
MRI_faces_105	1	6	1262.jpg	159.1654	12	999000	120	999000	999	160.182	733.34	750	9	30	0.75	159.1654	1
MRI_faces_105	1	6	1073.jpg	164.1657	12	999000	120	999000	999	165.1822	733.34	750	4	11	0.83	164.1657	1
MRI_faces_105	1	6	1183.jpg	166.1656	24	999000	240	999000	999	167.1822	733.34	750	57	20	0.17	166.1656	1
MRI_faces_105	1	6	1060.jpg	168.1656	24	999000	240	999000	999	169.1823	733.34	750	49	10	0.28	168.1656	1
MRI_faces_105	1	6	1017.jpg	172.1657	22	947.2178	220	750.2689	98	173.1823	733.34	766.67	45	3	0.36	172.1657	1
MRI_faces_105	1	6	1035.jpg	174.1657	12	999000	120	999000	999	175.1823	733.34	766.67	3	7	0.85	174.1657	1
MRI_faces_105	1	6	2118.jpg	177.1657	12	999000	120	999000	999	178.1824	733.34	766.67	8	46	0.76	177.1657	1
MRI_faces_105	1	6	2229.jpg	180.1658	24	999000	240	999000	999	181.1824	733.34	766.67	51	58	0.23	180.1658	1
MRI_faces_105	1	6	1146.jpg	183.1659	24	999000	240	999000	999	184.1824	733.34	766.67	43	17	0.39	183.1659	1
MRI_faces_105	1	6	2181.jpg	185.1658	12	999000	120	999000	999	186.1825	733.34	766.67	6	53	0.82	185.1658	1
MRI_faces_105	1	6	2110.jpg	189.1659	24	999000	240	999000	999	190.1826	733.34	766.67	58	44	0.13	189.1659	1
MRI_faces_105	1	6	2218.jpg	191.1659	11	943.9602	110	733.6064	98	192.1826	750.01	766.67	15	57	0.7	191.1659	1
MRI_faces_105	1	6	2240.jpg	193.1659	11	1005.003	1100	750.2718	98	194.1825	700.01	766.67	18	59	0.67	193.1659	1
MRI_faces_105	1	6	1216.jpg	195.166	11	906.8816	110	700.3154	98	196.1827	716.67	766.67	12	26	0.71	195.166	1
MRI_faces_105	1	6	2053.jpg	197.166	11	883.8231	110	716.9332	98	198.1827	733.34	766.67	7	39	0.78	197.166	1
MRI_faces_105	1	6	2039.jpg	201.1661	22	994.7248	220	766.9502	98	202.1827	733.34	783.34	52	35	0.23	201.1661	1
MRI_faces_105	1	6	2058.jpg	205.1661	24	999000	240	999000	999	206.1828	733.34	783.34	55	40	0.19	205.1661	1
MRI_faces_105	1	6	2153.jpg	209.1663	24	999000	240	999000	999	210.1831	733.34	783.34	46	50	0.3	209.1663	1
MRI_faces_105	1	6	1210.jpg	212.167	12	999000	120	999000	999	213.1836	733.34	783.34	21	25	0.63	212.167	1
MRI_faces_105	1	6	1031.jpg	214.1672	12	999000	120	999000	999	215.184	733.34	783.34	22	6	0.61	214.1672	1
MRI_faces_105	1	6	1127.jpg	216.1675	11	985.4267	110	733.6063	98	217.1843	750.01	783.34	10	14	0.75	216.1675	1
MRI_faces_105	1	6	1255.jpg	218.1678	12	999000	120	999000	999	219.1847	750.01	783.34	20	29	0.65	218.1678	1
MRI_faces_105	1	6	2063.jpg	220.1682	12	999000	120	999000	999	221.185	750.01	783.34	16	41	0.69	220.1682	1
MRI_faces_105	1	6	1019.jpg	224.1689	22	972.0289	220	783.6467	98	225.1857	750.01	800	47	4	0.28	224.1689	1
MRI_faces_105	1	6	2010.jpg	226.1693	24	999000	240	999000	999	227.186	750.01	800	41	32	0.4	226.1693	1
MRI_faces_105	1	6	1013.jpg	233.1705	12	999000	120	999000	999	234.1873	750.01	800	14	2	0.7	233.1705	1
MRI_faces_105	1	6	2112.jpg	237.1711	22	1009.729	2200	800.2954	98	238.192	750.01	750	53	45	0.23	237.1711	1
MRI_faces_105	1	6	1204.jpg	240.1717	24	999000	240	999000	999	241.1885	750.01	750	54	24	0.2	240.1717	1
MRI_faces_105	1	6	1226.jpg	244.1724	12	999000	120	999000	999	245.1893	750.01	750	17	27	0.68	244.1724	1
