subjectID	order	runNum	itemName	onsetTime	shuff_trialType	RT	respInTime	AudioTime	response	fixationTime	ladder1	ladder2	bidIndex	itemNameIndex	bidValue	onset	duration
MRI_faces_123	1	15	2194.jpg	2.396426	22	585.6492	22	902.3504	98	3.497058	816.66	916.65	47	54	0.31	2.396426	1
MRI_faces_123	1	15	2181.jpg	4.396652	11	565.4218	11	818.8367	98	5.413319	833.33	916.65	7	53	0.8	4.396652	1
MRI_faces_123	1	15	1173.jpg	7.397116	24	999000	240	999000	999	8.413952	833.33	916.65	42	19	0.36	7.397116	1
MRI_faces_123	1	15	2053.jpg	10.39769	12	683.3635	12	999000	98	11.41451	833.33	916.65	17	39	0.67	10.39769	1
MRI_faces_123	1	15	1202.jpg	12.39794	12	999000	120	999000	999	13.4148	833.33	916.65	5	23	0.84	12.39794	1
MRI_faces_123	1	15	1146.jpg	16.39867	12	999000	120	999000	999	17.41546	833.33	916.65	20	17	0.63	16.39867	1
MRI_faces_123	1	15	1204.jpg	21.39954	24	999000	240	999000	999	22.41643	833.33	916.65	41	24	0.38	21.39954	1
MRI_faces_123	1	15	1073.jpg	23.39008	12	999000	120	999000	999	24.40671	833.33	916.65	11	11	0.72	23.39008	1
MRI_faces_123	1	15	1255.jpg	26.39008	12	999000	120	999000	999	27.40675	833.33	916.65	9	29	0.79	26.39008	1
MRI_faces_123	1	15	2153.jpg	28.39019	12	999000	120	999000	999	29.40682	833.33	916.65	6	50	0.82	28.39019	1
MRI_faces_123	1	15	2248.jpg	34.3902	11	898.8825	110	833.6016	98	35.41862	849.99	916.65	13	60	0.7	34.3902	1
MRI_faces_123	1	15	1262.jpg	37.39029	12	999000	120	999000	999	38.40696	849.99	916.65	3	30	0.85	37.39029	1
MRI_faces_123	1	15	2218.jpg	42.39033	24	594.7698	24	999000	98	43.40699	849.99	916.65	46	57	0.31	42.39033	1
MRI_faces_123	1	15	1114.jpg	44.39063	12	999000	120	999000	999	45.40703	849.99	916.65	8	13	0.8	44.39063	1
MRI_faces_123	1	15	2089.jpg	46.3904	11	1024.828	1100	850.2525	98	47.44042	799.99	916.65	10	42	0.75	46.3904	1
MRI_faces_123	1	15	1192.jpg	50.39047	24	999000	240	999000	999	51.40712	799.99	916.65	54	22	0.2	50.39047	1
MRI_faces_123	1	15	1060.jpg	52.39051	24	999000	240	999000	999	53.40721	799.99	916.65	57	10	0.18	52.39051	1
MRI_faces_123	1	15	2110.jpg	55.3906	24	999000	240	999000	999	56.40721	799.99	916.65	51	44	0.25	55.3906	1
MRI_faces_123	1	15	2229.jpg	58.39053	24	999000	240	999000	999	59.40729	799.99	916.65	39	58	0.41	58.39053	1
MRI_faces_123	1	15	2094.jpg	61.39068	24	999000	240	999000	999	62.4073	799.99	916.65	58	43	0.13	61.39068	1
MRI_faces_123	1	15	2063.jpg	63.39066	12	999000	120	999000	999	64.40732	799.99	916.65	14	41	0.7	63.39066	1
MRI_faces_123	1	15	2212.jpg	67.39099	12	999000	120	999000	999	68.40787	799.99	916.65	16	56	0.67	67.39099	1
MRI_faces_123	1	15	2010.jpg	69.39132	11	562.7743	11	800.2874	98	70.40815	816.66	916.65	12	32	0.72	69.39132	1
MRI_faces_123	1	15	1050.jpg	71.39169	12	999000	120	999000	999	72.40855	816.66	916.65	22	8	0.6	71.39169	1
MRI_faces_123	1	15	2024.jpg	73.39216	24	999000	240	999000	999	74.40905	816.66	916.65	43	34	0.36	73.39216	1
MRI_faces_123	1	15	2118.jpg	75.39239	11	970.684	110	816.9146	98	76.40917	833.33	916.65	18	46	0.66	75.39239	1
MRI_faces_123	1	15	2045.jpg	79.39311	12	999000	120	999000	999	80.40988	833.33	916.65	4	38	0.84	79.39311	1
MRI_faces_123	1	15	2058.jpg	83.3939	24	999000	240	999000	999	84.41066	833.33	916.65	56	40	0.18	83.3939	1
MRI_faces_123	1	15	1013.jpg	87.39446	22	558.6057	22	918.3181	98	88.50773	833.33	916.65	44	2	0.32	87.39446	1
MRI_faces_123	1	15	1246.jpg	90.395	24	999000	240	999000	999	91.41182	833.33	916.65	49	28	0.28	90.395	1
MRI_faces_123	1	15	1052.jpg	92.39537	24	999000	240	999000	999	93.41221	833.33	916.65	55	9	0.2	92.39537	1
MRI_faces_123	1	15	1127.jpg	94.3958	22	599.2907	22	916.9264	98	95.50773	833.33	916.65	50	14	0.27	94.3958	1
MRI_faces_123	1	15	1080.jpg	96.3961	24	999000	240	999000	999	97.41295	833.33	916.65	48	12	0.29	96.3961	1
MRI_faces_123	1	15	1145.jpg	98.39647	24	999000	240	999000	999	99.41331	833.33	916.65	40	16	0.39	98.39647	1
MRI_faces_123	1	15	2041.jpg	102.3971	22	500.9575	22	916.9138	98	103.514	833.33	916.65	52	36	0.24	102.3971	1
MRI_faces_123	1	15	2043.jpg	104.3975	12	999000	120	999000	999	105.4143	833.33	916.65	19	37	0.64	104.3975	1
MRI_faces_123	1	15	2155.jpg	111.3987	22	821.3677	22	916.9102	98	112.5081	833.33	916.65	53	51	0.21	111.3987	1
MRI_faces_123	1	15	1031.jpg	115.3915	12	999000	120	999000	999	116.4081	833.33	916.65	21	6	0.62	115.3915	1
MRI_faces_123	1	15	2125.jpg	118.3914	11	556.6097	11	833.6227	98	119.4168	849.99	916.65	15	47	0.69	118.3914	1
MRI_faces_123	1	15	1191.jpg	122.3916	22	571.4851	22	916.8802	98	123.5008	849.99	916.65	45	21	0.32	122.3916	1
MRI_faces_123	1	16	1013.jpg	124.2843	22	609.7584	22	916.9622	98	125.3916	849.99	916.65	44	2	0.32	124.2843	1
MRI_faces_123	1	16	1146.jpg	127.275	12	999000	120	999000	999	128.2916	849.99	916.65	20	17	0.63	127.275	1
MRI_faces_123	1	16	2094.jpg	131.2751	24	999000	240	999000	999	132.2916	849.99	916.65	58	43	0.13	131.2751	1
MRI_faces_123	1	16	1052.jpg	134.275	24	999000	240	999000	999	135.2917	849.99	916.65	55	9	0.2	134.275	1
MRI_faces_123	1	16	1255.jpg	138.2752	12	999000	120	999000	999	139.2918	849.99	916.65	9	29	0.79	138.2752	1
MRI_faces_123	1	16	2194.jpg	141.2751	22	601.9234	22	916.9192	98	142.3874	849.99	916.65	47	54	0.31	141.2751	1
MRI_faces_123	1	16	2218.jpg	143.2753	24	999000	240	999000	999	144.2919	849.99	916.65	46	57	0.31	143.2753	1
MRI_faces_123	1	16	1060.jpg	146.2753	24	999000	240	999000	999	147.2919	849.99	916.65	57	10	0.18	146.2753	1
MRI_faces_123	1	16	1114.jpg	149.2753	12	999000	120	999000	999	150.2919	849.99	916.65	8	13	0.8	149.2753	1
MRI_faces_123	1	16	2248.jpg	154.2754	11	802.6737	11	850.2703	98	155.3086	866.66	916.65	13	60	0.7	154.2754	1
MRI_faces_123	1	16	2058.jpg	156.2754	24	999000	240	999000	999	157.2921	866.66	916.65	56	40	0.18	156.2754	1
MRI_faces_123	1	16	1050.jpg	158.2754	12	999000	120	999000	999	159.2921	866.66	916.65	22	8	0.6	158.2754	1
MRI_faces_123	1	16	1246.jpg	162.2757	24	999000	240	999000	999	163.2921	866.66	916.65	49	28	0.28	162.2757	1
MRI_faces_123	1	16	2153.jpg	169.2753	12	522.7296	12	999000	98	170.2924	866.66	916.65	6	50	0.82	169.2753	1
MRI_faces_123	1	16	2155.jpg	171.2759	22	784.2206	22	916.9474	98	172.3759	866.66	916.65	53	51	0.21	171.2759	1
MRI_faces_123	1	16	2045.jpg	173.2763	12	999000	120	999000	999	174.2931	866.66	916.65	4	38	0.84	173.2763	1
MRI_faces_123	1	16	2212.jpg	175.2766	12	999000	120	999000	999	176.2934	866.66	916.65	16	56	0.67	175.2766	1
MRI_faces_123	1	16	2053.jpg	177.277	12	999000	120	999000	999	178.2939	866.66	916.65	17	39	0.67	177.277	1
MRI_faces_123	1	16	1204.jpg	179.2773	24	999000	240	999000	999	180.2941	866.66	916.65	41	24	0.38	179.2773	1
MRI_faces_123	1	16	2110.jpg	182.2778	24	999000	240	999000	999	183.2947	866.66	916.65	51	44	0.25	182.2778	1
MRI_faces_123	1	16	1080.jpg	184.2782	24	999000	240	999000	999	185.295	866.66	916.65	48	12	0.29	184.2782	1
MRI_faces_123	1	16	2118.jpg	186.2785	11	564.5472	11	866.9216	98	187.3454	883.32	916.65	18	46	0.66	186.2785	1
MRI_faces_123	1	16	1191.jpg	190.2792	22	591.8713	22	916.9144	98	191.3961	883.32	916.65	45	21	0.32	190.2792	1
MRI_faces_123	1	16	1127.jpg	194.28	22	606.1098	22	916.9257	98	195.3926	883.32	916.65	50	14	0.27	194.28	1
MRI_faces_123	1	16	2229.jpg	200.281	24	999000	240	999000	999	201.2978	883.32	916.65	39	58	0.41	200.281	1
MRI_faces_123	1	16	1145.jpg	202.2814	24	999000	240	999000	999	203.2982	883.32	916.65	40	16	0.39	202.2814	1
MRI_faces_123	1	16	1202.jpg	204.2817	12	999000	120	999000	999	205.2986	883.32	916.65	5	23	0.84	204.2817	1
MRI_faces_123	1	16	1192.jpg	206.282	24	999000	240	999000	999	207.2989	883.32	916.65	54	22	0.2	206.282	1
MRI_faces_123	1	16	2041.jpg	210.2827	22	504.37	22	916.9566	98	211.3996	883.32	916.65	52	36	0.24	210.2827	1
MRI_faces_123	1	16	1031.jpg	212.2831	12	999000	120	999000	999	213.2999	883.32	916.65	21	6	0.62	212.2831	1
MRI_faces_123	1	16	1173.jpg	214.2835	24	999000	240	999000	999	215.3003	883.32	916.65	42	19	0.36	214.2835	1
MRI_faces_123	1	16	2089.jpg	216.2762	11	554.8462	11	883.6365	98	217.3507	899.99	916.65	10	42	0.75	216.2762	1
MRI_faces_123	1	16	2125.jpg	220.2763	11	523.7304	11	900.3189	98	221.3681	916.66	916.65	15	47	0.69	220.2763	1
MRI_faces_123	1	16	2010.jpg	224.2765	11	1063.717	1100	916.9378	98	225.3855	866.66	916.65	12	32	0.72	224.2765	1
MRI_faces_123	1	16	2024.jpg	227.2765	24	999000	240	999000	999	228.2931	866.66	916.65	43	34	0.36	227.2765	1
MRI_faces_123	1	16	1073.jpg	232.2765	12	999000	120	999000	999	233.2932	866.66	916.65	11	11	0.72	232.2765	1
MRI_faces_123	1	16	1262.jpg	234.2766	12	999000	120	999000	999	235.2933	866.66	916.65	3	30	0.85	234.2766	1
MRI_faces_123	1	16	2181.jpg	237.2768	11	540.2525	11	866.9172	98	238.3432	883.32	916.65	7	53	0.8	237.2768	1
MRI_faces_123	1	16	2063.jpg	241.2767	12	999000	120	999000	999	242.2933	883.32	916.65	14	41	0.7	241.2767	1
MRI_faces_123	1	16	2043.jpg	244.2767	12	999000	120	999000	999	245.2934	883.32	916.65	19	37	0.64	244.2767	1
