subjectID	order	runNum	itemName	onsetTime	shuff_trialType	RT	respInTime	AudioTime	response	fixationTime	ladder1	ladder2	bidIndex	itemNameIndex	bidValue	onset	duration
MRI_faces_116	2	9	2194.jpg	2.398827	12	999000	120	999000	999	3.415948	750	750	20	54	0.65	2.398827	1
MRI_faces_116	2	9	1060.jpg	5.398602	24	999000	240	999000	999	6.415336	750	750	45	10	0.29	5.398602	1
MRI_faces_116	2	9	2229.jpg	9.39886	11	978.9784	110	752.0543	98	10.41629	766.67	750	8	58	0.8	9.39886	1
MRI_faces_116	2	9	2010.jpg	12.39872	12	999000	120	999000	999	13.4154	766.67	750	21	32	0.61	12.39872	1
MRI_faces_116	2	9	2015.jpg	16.39878	11	1000.054	1100	766.9891	98	17.4155	716.67	750	14	33	0.7	16.39878	1
MRI_faces_116	2	9	2153.jpg	19.3988	12	999000	120	999000	999	20.41562	716.67	750	19	50	0.66	19.3988	1
MRI_faces_116	2	9	2112.jpg	21.39914	12	999000	120	999000	999	22.41592	716.67	750	10	45	0.72	21.39914	1
MRI_faces_116	2	9	2155.jpg	24.39972	24	999000	240	999000	999	25.41645	716.67	750	39	51	0.4	24.39972	1
MRI_faces_116	2	9	2006.jpg	27.40015	12	999000	120	999000	999	28.41695	716.67	750	3	31	0.87	27.40015	1
MRI_faces_116	2	9	2063.jpg	32.40117	12	999000	120	999000	999	33.41781	716.67	750	7	41	0.81	32.40117	1
MRI_faces_116	2	9	1246.jpg	34.39907	22	1004.786	2200	751.7075	98	35.41809	716.67	700	49	28	0.24	34.39907	1
MRI_faces_116	2	9	2039.jpg	36.39918	12	999000	120	999000	999	37.41604	716.67	700	5	35	0.81	36.39918	1
MRI_faces_116	2	9	2053.jpg	40.39916	12	999000	120	999000	999	41.41585	716.67	700	4	39	0.86	40.39916	1
MRI_faces_116	2	9	1013.jpg	47.39924	24	999000	240	999000	999	48.41592	716.67	700	44	2	0.33	47.39924	1
MRI_faces_116	2	9	2024.jpg	49.39938	11	962.4564	110	716.9244	98	50.41598	733.33	700	17	34	0.66	49.39938	1
MRI_faces_116	2	9	1183.jpg	51.39946	24	999000	240	999000	999	52.41594	733.33	700	57	20	0.17	51.39946	1
MRI_faces_116	2	9	1035.jpg	53.39934	12	999000	120	999000	999	54.41605	733.33	700	13	7	0.71	53.39934	1
MRI_faces_116	2	9	1226.jpg	55.39951	22	932.3521	220	700.2757	98	56.41603	733.33	716.67	43	27	0.35	55.39951	1
MRI_faces_116	2	9	2045.jpg	57.39941	12	999000	120	999000	999	58.41625	733.33	716.67	15	38	0.7	57.39941	1
MRI_faces_116	2	9	1130.jpg	60.39953	22	943.3209	220	716.93	98	61.41619	733.33	733.33	46	15	0.28	60.39953	1
MRI_faces_116	2	9	2248.jpg	62.39947	12	999000	120	999000	999	63.4162	733.33	733.33	6	60	0.81	62.39947	1
MRI_faces_116	2	9	1007.jpg	64.39956	24	999000	240	999000	999	65.41619	733.33	733.33	40	1	0.39	64.39956	1
MRI_faces_116	2	9	1204.jpg	68.39962	24	999000	240	999000	999	69.41625	733.33	733.33	53	24	0.2	68.39962	1
MRI_faces_116	2	9	1073.jpg	72.39969	24	999000	240	999000	999	73.41646	733.33	733.33	50	11	0.23	72.39969	1
MRI_faces_116	2	9	2043.jpg	78.39975	12	999000	120	999000	999	79.41645	733.33	733.33	12	37	0.72	78.39975	1
MRI_faces_116	2	9	2094.jpg	80.39972	22	999.1187	220	733.584	98	81.41641	733.33	750	51	43	0.23	80.39972	1
MRI_faces_116	2	9	1255.jpg	82.39986	11	977.9829	110	733.5992	98	83.41641	750	750	16	29	0.7	82.39986	1
MRI_faces_116	2	9	1146.jpg	84.39987	24	999000	240	999000	999	85.41653	750	750	58	17	0.16	84.39987	1
MRI_faces_116	2	9	1080.jpg	88.3999	24	999000	240	999000	999	89.41656	750	750	42	12	0.35	88.3999	1
MRI_faces_116	2	9	1173.jpg	90.39988	22	1017.945	2200	750.2535	98	91.41653	750	700	54	19	0.2	90.39988	1
MRI_faces_116	2	9	1145.jpg	92.40001	24	999000	240	999000	999	93.41664	750	700	41	16	0.36	92.40001	1
MRI_faces_116	2	9	2149.jpg	94.39996	24	999000	240	999000	999	95.41664	750	700	56	49	0.2	94.39996	1
MRI_faces_116	2	9	1192.jpg	98.40008	24	999000	240	999000	999	99.41673	750	700	52	22	0.23	98.40008	1
MRI_faces_116	2	9	1127.jpg	102.4001	22	942.7565	220	700.2468	98	103.4168	750	716.67	48	14	0.24	102.4001	1
MRI_faces_116	2	9	1050.jpg	105.4001	12	999000	120	999000	999	106.4168	750	716.67	18	8	0.66	105.4001	1
MRI_faces_116	2	9	2218.jpg	110.4002	12	999000	120	999000	999	111.417	750	716.67	22	57	0.59	110.4002	1
MRI_faces_116	2	9	2058.jpg	112.4003	24	999000	240	999000	999	113.417	750	716.67	47	40	0.24	112.4003	1
MRI_faces_116	2	9	2164.jpg	115.4003	11	1040.521	1100	750.2534	98	116.4169	700	716.67	11	52	0.72	115.4003	1
MRI_faces_116	2	9	1052.jpg	119.4003	24	999000	240	999000	999	120.417	700	716.67	55	9	0.2	119.4003	1
MRI_faces_116	2	9	2209.jpg	122.4004	11	904.4223	110	700.2613	98	123.417	716.67	716.67	9	55	0.78	122.4004	1
MRI_faces_116	2	10	1173.jpg	124.1839	22	934.0023	220	716.9541	98	125.2007	716.67	733.34	54	19	0.2	124.1839	1
MRI_faces_116	2	10	2194.jpg	127.1843	12	999000	120	999000	999	128.2012	716.67	733.34	20	54	0.65	127.1843	1
MRI_faces_116	2	10	2010.jpg	131.1851	12	999000	120	999000	999	132.2018	716.67	733.34	21	32	0.61	131.1851	1
MRI_faces_116	2	10	1050.jpg	134.1856	12	999000	120	999000	999	135.2024	716.67	733.34	18	8	0.66	134.1856	1
MRI_faces_116	2	10	2153.jpg	138.1863	12	999000	120	999000	999	139.2031	716.67	733.34	19	50	0.66	138.1863	1
MRI_faces_116	2	10	2024.jpg	141.1868	11	987.0499	110	716.9549	98	142.2036	733.34	733.34	17	34	0.66	141.1868	1
MRI_faces_116	2	10	2058.jpg	143.1872	24	999000	240	999000	999	144.204	733.34	733.34	47	40	0.24	143.1872	1
MRI_faces_116	2	10	1080.jpg	146.1877	24	999000	240	999000	999	147.2044	733.34	733.34	42	12	0.35	146.1877	1
MRI_faces_116	2	10	1226.jpg	149.1883	22	955.5634	220	733.6039	98	150.205	733.34	750	43	27	0.35	149.1883	1
MRI_faces_116	2	10	2209.jpg	154.1892	11	950.6775	110	733.5938	98	155.2059	750	750	9	55	0.78	154.1892	1
MRI_faces_116	2	10	2053.jpg	156.1895	12	999000	120	999000	999	157.2062	750	750	4	39	0.86	156.1895	1
MRI_faces_116	2	10	2063.jpg	158.1898	12	999000	120	999000	999	159.2066	750	750	7	41	0.81	158.1898	1
MRI_faces_116	2	10	1073.jpg	162.1904	24	999000	240	999000	999	163.2073	750	750	50	11	0.23	162.1904	1
MRI_faces_116	2	10	1246.jpg	169.1844	22	984.3973	220	750.257	98	170.2011	750	766.67	49	28	0.24	169.1844	1
MRI_faces_116	2	10	1146.jpg	171.1845	24	999000	240	999000	999	172.2011	750	766.67	58	17	0.16	171.1845	1
MRI_faces_116	2	10	2039.jpg	173.1847	12	999000	120	999000	999	174.2011	750	766.67	5	35	0.81	173.1847	1
MRI_faces_116	2	10	2112.jpg	175.1845	12	999000	120	999000	999	176.2012	750	766.67	10	45	0.72	175.1845	1
MRI_faces_116	2	10	1060.jpg	177.1845	24	999000	240	999000	999	178.2012	750	766.67	45	10	0.29	177.1845	1
MRI_faces_116	2	10	2094.jpg	179.1845	22	1045.287	2200	766.9406	98	180.2012	750	716.67	51	43	0.23	179.1845	1
MRI_faces_116	2	10	2248.jpg	182.1846	12	999000	120	999000	999	183.2012	750	716.67	6	60	0.81	182.1846	1
MRI_faces_116	2	10	2015.jpg	184.1847	11	981.1694	110	750.2885	98	185.2013	766.67	716.67	14	33	0.7	184.1847	1
MRI_faces_116	2	10	1035.jpg	186.1847	12	999000	120	999000	999	187.2014	766.67	716.67	13	7	0.71	186.1847	1
MRI_faces_116	2	10	2164.jpg	190.1847	11	1139.099	1100	766.9188	98	191.2015	716.67	716.67	11	52	0.72	190.1847	1
MRI_faces_116	2	10	1127.jpg	194.1848	22	1004.068	2200	716.9664	98	195.2015	716.67	666.67	48	14	0.24	194.1848	1
MRI_faces_116	2	10	1204.jpg	200.1849	24	999000	240	999000	999	201.2015	716.67	666.67	53	24	0.2	200.1849	1
MRI_faces_116	2	10	1130.jpg	202.1849	22	877.906	220	666.9394	98	203.2015	716.67	683.34	46	15	0.28	202.1849	1
MRI_faces_116	2	10	1052.jpg	204.1849	24	999000	240	999000	999	205.2016	716.67	683.34	55	9	0.2	204.1849	1
MRI_faces_116	2	10	2218.jpg	206.185	12	999000	120	999000	999	207.2018	716.67	683.34	22	57	0.59	206.185	1
MRI_faces_116	2	10	2045.jpg	210.185	12	999000	120	999000	999	211.2017	716.67	683.34	15	38	0.7	210.185	1
MRI_faces_116	2	10	1255.jpg	212.1851	11	896.7638	110	716.9233	98	213.2017	733.34	683.34	16	29	0.7	212.1851	1
MRI_faces_116	2	10	2043.jpg	214.1851	12	999000	120	999000	999	215.2017	733.34	683.34	12	37	0.72	214.1851	1
MRI_faces_116	2	10	1007.jpg	216.1851	24	999000	240	999000	999	217.2017	733.34	683.34	40	1	0.39	216.1851	1
MRI_faces_116	2	10	2155.jpg	220.1852	24	999000	240	999000	999	221.2019	733.34	683.34	39	51	0.4	220.1852	1
MRI_faces_116	2	10	1183.jpg	224.1853	24	999000	240	999000	999	225.202	733.34	683.34	57	20	0.17	224.1853	1
MRI_faces_116	2	10	2006.jpg	227.1852	12	999000	120	999000	999	228.2021	733.34	683.34	3	31	0.87	227.1852	1
MRI_faces_116	2	10	2149.jpg	232.1861	24	999000	240	999000	999	233.2029	733.34	683.34	56	49	0.2	232.1861	1
MRI_faces_116	2	10	1192.jpg	234.1865	24	999000	240	999000	999	235.2033	733.34	683.34	52	22	0.23	234.1865	1
MRI_faces_116	2	10	1013.jpg	237.187	24	999000	240	999000	999	238.2038	733.34	683.34	44	2	0.33	237.187	1
MRI_faces_116	2	10	2229.jpg	241.1877	11	983.146	110	733.5807	98	242.2045	750	683.34	8	58	0.8	241.1877	1
MRI_faces_116	2	10	1145.jpg	244.1882	24	999000	240	999000	999	245.2051	750	683.34	41	16	0.36	244.1882	1
