subjectID	order	runNum	itemName	onsetTime	shuff_trialType	RT	respInTime	AudioTime	response	fixationTime	ladder1	ladder2	bidIndex	itemNameIndex	bidValue	onset	duration
MRI_faces_116	2	5	2039.jpg	2.396171	12	999000	120	999000	999	3.413392	750	750	5	35	0.81	2.396171	1
MRI_faces_116	2	5	1183.jpg	7.396018	24	999000	240	999000	999	8.412679	750	750	57	20	0.17	7.396018	1
MRI_faces_116	2	5	1073.jpg	9.395984	24	999000	240	999000	999	10.41389	750	750	50	11	0.23	9.395984	1
MRI_faces_116	2	5	1013.jpg	12.39651	24	999000	240	999000	999	13.41343	750	750	44	2	0.33	12.39651	1
MRI_faces_116	2	5	2058.jpg	15.39614	24	999000	240	999000	999	16.41394	750	750	47	40	0.24	15.39614	1
MRI_faces_116	2	5	1226.jpg	22.3962	22	985.6986	220	751.8159	98	23.4151	750	766.67	43	27	0.35	22.3962	1
MRI_faces_116	2	5	1255.jpg	24.3819	11	971.9955	110	751.6533	98	25.39878	766.67	766.67	16	29	0.7	24.3819	1
MRI_faces_116	2	5	2155.jpg	28.38267	24	999000	240	999000	999	29.39959	766.67	766.67	39	51	0.4	28.38267	1
MRI_faces_116	2	5	2043.jpg	30.39628	12	999000	120	999000	999	31.41294	766.67	766.67	12	37	0.72	30.39628	1
MRI_faces_116	2	5	1007.jpg	35.38394	24	999000	240	999000	999	36.4007	766.67	766.67	40	1	0.39	35.38394	1
MRI_faces_116	2	5	1130.jpg	39.3846	22	1022.301	2200	766.9288	98	40.40142	766.67	716.67	46	15	0.28	39.3846	1
MRI_faces_116	2	5	2010.jpg	41.39648	12	999000	120	999000	999	42.41317	766.67	716.67	21	32	0.61	41.39648	1
MRI_faces_116	2	5	2194.jpg	44.38551	12	999000	120	999000	999	45.40226	766.67	716.67	20	54	0.65	44.38551	1
MRI_faces_116	2	5	1204.jpg	47.38625	24	999000	240	999000	999	48.40279	766.67	716.67	53	24	0.2	47.38625	1
MRI_faces_116	2	5	1052.jpg	51.38669	24	999000	240	999000	999	52.40354	766.67	716.67	55	9	0.2	51.38669	1
MRI_faces_116	2	5	2248.jpg	55.38738	12	999000	120	999000	999	56.40425	766.67	716.67	6	60	0.81	55.38738	1
MRI_faces_116	2	5	2112.jpg	59.38814	12	999000	120	999000	999	60.40491	766.67	716.67	10	45	0.72	59.38814	1
MRI_faces_116	2	5	2209.jpg	62.39677	11	999.1307	110	766.9117	98	63.41347	783.33	716.67	9	55	0.78	62.39677	1
MRI_faces_116	2	5	2229.jpg	65.38922	11	1014.687	1100	783.6765	98	66.40605	733.33	716.67	8	58	0.8	65.38922	1
MRI_faces_116	2	5	1060.jpg	68.39688	24	999000	240	999000	999	69.41351	733.33	716.67	45	10	0.29	68.39688	1
MRI_faces_116	2	5	2045.jpg	70.39005	12	999000	120	999000	999	71.40683	733.33	716.67	15	38	0.7	70.39005	1
MRI_faces_116	2	5	1246.jpg	73.39062	22	966.2871	220	717.0324	98	74.40743	733.33	733.33	49	28	0.24	73.39062	1
MRI_faces_116	2	5	1127.jpg	75.39096	22	952.9426	220	733.5944	98	76.40783	733.33	750	48	14	0.24	75.39096	1
MRI_faces_116	2	5	2024.jpg	77.39127	11	952.6351	110	733.6014	98	78.40814	750	750	17	34	0.66	77.39127	1
MRI_faces_116	2	5	1173.jpg	79.39165	22	1003.306	2200	750.2572	98	80.40841	750	700	54	19	0.2	79.39165	1
MRI_faces_116	2	5	2053.jpg	82.39214	12	999000	120	999000	999	83.40898	750	700	4	39	0.86	82.39214	1
MRI_faces_116	2	5	2153.jpg	86.39288	12	999000	120	999000	999	87.40968	750	700	19	50	0.66	86.39288	1
MRI_faces_116	2	5	2149.jpg	88.39319	24	999000	240	999000	999	89.40998	750	700	56	49	0.2	88.39319	1
MRI_faces_116	2	5	2063.jpg	90.39354	12	999000	120	999000	999	91.41032	750	700	7	41	0.81	90.39354	1
MRI_faces_116	2	5	1192.jpg	94.39427	24	999000	240	999000	999	95.41108	750	700	52	22	0.23	94.39427	1
MRI_faces_116	2	5	1145.jpg	96.39464	24	999000	240	999000	999	97.41141	750	700	41	16	0.36	96.39464	1
MRI_faces_116	2	5	2094.jpg	98.39496	22	932.9858	220	700.2651	98	99.41178	750	716.67	51	43	0.23	98.39496	1
MRI_faces_116	2	5	2015.jpg	102.3956	11	966.2595	110	750.2597	98	103.414	766.67	716.67	14	33	0.7	102.3956	1
MRI_faces_116	2	5	1146.jpg	106.381	24	999000	240	999000	999	107.3975	766.67	716.67	58	17	0.16	106.381	1
MRI_faces_116	2	5	2006.jpg	108.3808	12	999000	120	999000	999	109.3975	766.67	716.67	3	31	0.87	108.3808	1
MRI_faces_116	2	5	1050.jpg	110.3805	12	999000	120	999000	999	111.3975	766.67	716.67	18	8	0.66	110.3805	1
MRI_faces_116	2	5	2218.jpg	112.3807	12	999000	120	999000	999	113.3975	766.67	716.67	22	57	0.59	112.3807	1
MRI_faces_116	2	5	2164.jpg	114.3808	11	1092.094	1100	766.9699	98	115.3979	716.67	716.67	11	52	0.72	114.3808	1
MRI_faces_116	2	5	1035.jpg	120.3822	12	999000	120	999000	999	121.399	716.67	716.67	13	7	0.71	120.3822	1
MRI_faces_116	2	5	1080.jpg	122.3825	24	999000	240	999000	999	123.3994	716.67	716.67	42	12	0.35	122.3825	1
MRI_faces_116	2	6	1035.jpg	124.1661	12	999000	120	999000	999	125.1831	716.67	716.67	13	7	0.71	124.1661	1
MRI_faces_116	2	6	2094.jpg	129.1671	22	961.8654	220	716.9776	98	130.1838	716.67	733.34	51	43	0.23	129.1671	1
MRI_faces_116	2	6	1183.jpg	131.1674	24	999000	240	999000	999	132.1843	716.67	733.34	57	20	0.17	131.1674	1
MRI_faces_116	2	6	2112.jpg	134.1679	12	999000	120	999000	999	135.1848	716.67	733.34	10	45	0.72	134.1679	1
MRI_faces_116	2	6	2015.jpg	137.1646	11	929.3101	110	716.9469	98	138.1813	733.34	733.34	14	33	0.7	137.1646	1
MRI_faces_116	2	6	1146.jpg	144.1647	24	999000	240	999000	999	145.1813	733.34	733.34	58	17	0.16	144.1647	1
MRI_faces_116	2	6	1145.jpg	146.1647	24	999000	240	999000	999	147.1814	733.34	733.34	41	16	0.36	146.1647	1
MRI_faces_116	2	6	1050.jpg	150.1648	12	999000	120	999000	999	151.1814	733.34	733.34	18	8	0.66	150.1648	1
MRI_faces_116	2	6	1127.jpg	152.1648	22	995.1025	220	733.6097	98	153.1815	733.34	750	48	14	0.24	152.1648	1
MRI_faces_116	2	6	2006.jpg	157.1649	12	999000	120	999000	999	158.1815	733.34	750	3	31	0.87	157.1649	1
MRI_faces_116	2	6	2058.jpg	161.1649	24	999000	240	999000	999	162.1816	733.34	750	47	40	0.24	161.1649	1
MRI_faces_116	2	6	2045.jpg	163.1649	12	999000	120	999000	999	164.1817	733.34	750	15	38	0.7	163.1649	1
MRI_faces_116	2	6	2164.jpg	166.165	11	970.9506	110	733.6062	98	167.1816	750	750	11	52	0.72	166.165	1
MRI_faces_116	2	6	1007.jpg	169.165	24	999000	240	999000	999	170.1816	750	750	40	1	0.39	169.165	1
MRI_faces_116	2	6	2194.jpg	173.165	12	999000	120	999000	999	174.1817	750	750	20	54	0.65	173.165	1
MRI_faces_116	2	6	2043.jpg	177.1652	12	999000	120	999000	999	178.1818	750	750	12	37	0.72	177.1652	1
MRI_faces_116	2	6	1013.jpg	181.1652	24	999000	240	999000	999	182.1819	750	750	44	2	0.33	181.1652	1
MRI_faces_116	2	6	1204.jpg	184.1652	24	999000	240	999000	999	185.1819	750	750	53	24	0.2	184.1652	1
MRI_faces_116	2	6	1052.jpg	187.1653	24	999000	240	999000	999	188.1819	750	750	55	9	0.2	187.1653	1
MRI_faces_116	2	6	1080.jpg	190.1654	24	999000	240	999000	999	191.182	750	750	42	12	0.35	190.1654	1
MRI_faces_116	2	6	1060.jpg	192.1654	24	999000	240	999000	999	193.182	750	750	45	10	0.29	192.1654	1
MRI_faces_116	2	6	2155.jpg	195.1654	24	999000	240	999000	999	196.1821	750	750	39	51	0.4	195.1654	1
MRI_faces_116	2	6	1226.jpg	197.1654	22	1010.503	2200	750.2614	98	198.1836	750	700	43	27	0.35	197.1654	1
MRI_faces_116	2	6	1130.jpg	199.1655	22	920.3978	220	700.3111	98	200.1821	750	716.67	46	15	0.28	199.1655	1
MRI_faces_116	2	6	1073.jpg	201.1655	24	999000	240	999000	999	202.1823	750	716.67	50	11	0.23	201.1655	1
MRI_faces_116	2	6	2010.jpg	204.1655	12	999000	120	999000	999	205.1822	750	716.67	21	32	0.61	204.1655	1
MRI_faces_116	2	6	1246.jpg	208.1656	22	936.2558	220	716.952	98	209.1822	750	733.34	49	28	0.24	208.1656	1
MRI_faces_116	2	6	2218.jpg	210.1656	12	999000	120	999000	999	211.1823	750	733.34	22	57	0.59	210.1656	1
MRI_faces_116	2	6	2209.jpg	212.1656	11	986.3109	110	750.2787	98	213.1824	766.67	733.34	9	55	0.78	212.1656	1
MRI_faces_116	2	6	2149.jpg	216.1658	24	999000	240	999000	999	217.1825	766.67	733.34	56	49	0.2	216.1658	1
MRI_faces_116	2	6	1255.jpg	218.166	11	990.8727	110	766.9276	98	219.1829	783.34	733.34	16	29	0.7	218.166	1
MRI_faces_116	2	6	1192.jpg	220.1664	24	999000	240	999000	999	221.1832	783.34	733.34	52	22	0.23	220.1664	1
MRI_faces_116	2	6	2039.jpg	224.167	12	999000	120	999000	999	225.1839	783.34	733.34	5	35	0.81	224.167	1
MRI_faces_116	2	6	2063.jpg	228.1677	12	999000	120	999000	999	229.1846	783.34	733.34	7	41	0.81	228.1677	1
MRI_faces_116	2	6	2248.jpg	230.1681	12	999000	120	999000	999	231.1849	783.34	733.34	6	60	0.81	230.1681	1
MRI_faces_116	2	6	2229.jpg	232.166	11	1044.9	1100	783.6094	98	233.1828	733.34	733.34	8	58	0.8	232.166	1
MRI_faces_116	2	6	2024.jpg	234.1659	11	969.9685	110	733.6459	98	235.1827	750	733.34	17	34	0.66	234.1659	1
MRI_faces_116	2	6	2053.jpg	236.1661	12	999000	120	999000	999	237.1827	750	733.34	4	39	0.86	236.1661	1
MRI_faces_116	2	6	2153.jpg	242.1661	12	999000	120	999000	999	243.1827	750	733.34	19	50	0.66	242.1661	1
MRI_faces_116	2	6	1173.jpg	244.1662	22	929.6961	220	733.67	98	245.1828	750	750	54	19	0.2	244.1662	1
