subjectID	order	runNum	itemName	onsetTime	shuff_trialType	RT	respInTime	AudioTime	response	fixationTime	ladder1	ladder2	bidIndex	itemNameIndex	bidValue	onset	duration
MRI_faces_137	1	7	1130.jpg	2.41414	24	999000	240	999000	999	3.431532	750.01	750	56	15	0.2	2.41414	1
MRI_faces_137	1	7	1052.jpg	5.408061	24	999000	240	999000	999	6.424757	750.01	750	49	9	0.25	5.408061	1
MRI_faces_137	1	7	1150.jpg	9.408224	22	986.1668	220	751.8574	98	10.42574	750.01	766.67	45	18	0.31	9.408224	1
MRI_faces_137	1	7	2094.jpg	12.40812	24	999000	240	999000	999	13.4248	750.01	766.67	41	43	0.32	12.40812	1
MRI_faces_137	1	7	1127.jpg	16.40837	24	999000	240	999000	999	17.42489	750.01	766.67	54	14	0.21	16.40837	1
MRI_faces_137	1	7	1050.jpg	19.40834	22	1017.006	2200	766.9195	98	20.42494	750.01	716.67	50	8	0.24	19.40834	1
MRI_faces_137	1	7	1080.jpg	21.4083	22	910.0774	220	716.9264	98	22.42509	750.01	733.33	53	12	0.23	21.4083	1
MRI_faces_137	1	7	2053.jpg	24.40842	11	920.9619	110	751.7216	98	25.42497	766.68	733.33	10	39	0.76	24.40842	1
MRI_faces_137	1	7	2089.jpg	27.40845	12	999000	120	999000	999	28.42508	766.68	733.33	5	42	0.83	27.40845	1
MRI_faces_137	1	7	1262.jpg	32.40843	24	999000	240	999000	999	33.42511	766.68	733.33	55	30	0.2	32.40843	1
MRI_faces_137	1	7	1204.jpg	34.40856	22	888.8078	220	733.5888	98	35.42522	766.68	750	52	24	0.24	34.40856	1
MRI_faces_137	1	7	2058.jpg	36.40854	12	999000	120	999000	999	37.42523	766.68	750	19	40	0.66	36.40854	1
MRI_faces_137	1	7	1173.jpg	40.40858	24	999000	240	999000	999	41.42521	766.68	750	46	19	0.27	40.40858	1
MRI_faces_137	1	7	1202.jpg	47.40876	24	999000	240	999000	999	48.42531	766.68	750	39	23	0.39	47.40876	1
MRI_faces_137	1	7	1226.jpg	49.40878	22	937.5992	220	750.278	98	50.42543	766.68	766.67	44	27	0.32	49.40878	1
MRI_faces_137	1	7	2006.jpg	51.40885	11	977.5391	110	766.9718	98	52.42544	783.34	766.67	13	31	0.71	51.40885	1
MRI_faces_137	1	7	2024.jpg	53.4088	12	999000	120	999000	999	54.42546	783.34	766.67	11	34	0.73	53.4088	1
MRI_faces_137	1	7	2240.jpg	55.40882	12	999000	120	999000	999	56.42544	783.34	766.67	14	59	0.7	55.40882	1
MRI_faces_137	1	7	2209.jpg	57.40887	11	1029.507	1100	783.6111	98	58.42557	733.34	766.67	7	55	0.81	57.40887	1
MRI_faces_137	1	7	1019.jpg	60.40899	24	999000	240	999000	999	61.42562	733.34	766.67	51	4	0.24	60.40899	1
MRI_faces_137	1	7	1073.jpg	62.40895	12	999000	120	999000	999	63.42557	733.34	766.67	21	11	0.63	62.40895	1
MRI_faces_137	1	7	1114.jpg	64.40905	11	908.3154	110	733.6194	98	65.42558	750.01	766.67	18	13	0.66	64.40905	1
MRI_faces_137	1	7	1060.jpg	68.4091	24	999000	240	999000	999	69.42564	750.01	766.67	48	10	0.26	68.4091	1
MRI_faces_137	1	7	1191.jpg	72.40952	12	999000	120	999000	999	73.4264	750.01	766.67	22	21	0.63	72.40952	1
MRI_faces_137	1	7	1145.jpg	78.41057	24	999000	240	999000	999	79.42743	750.01	766.67	42	16	0.32	78.41057	1
MRI_faces_137	1	7	1017.jpg	80.41088	22	1206.506	2200	767.0022	98	81.4278	750.01	716.67	47	3	0.27	80.41088	1
MRI_faces_137	1	7	2181.jpg	82.41128	12	999000	120	999000	999	83.42816	750.01	716.67	9	53	0.77	82.41128	1
MRI_faces_137	1	7	2164.jpg	84.41159	11	985.7822	110	750.271	98	85.42852	766.68	716.67	15	52	0.69	84.41159	1
MRI_faces_137	1	7	2118.jpg	88.4123	12	999000	120	999000	999	89.42911	766.68	716.67	8	46	0.78	88.4123	1
MRI_faces_137	1	7	2212.jpg	90.41268	12	999000	120	999000	999	91.42952	766.68	716.67	4	56	0.85	90.41268	1
MRI_faces_137	1	7	2045.jpg	92.41306	12	999000	120	999000	999	93.42985	766.68	716.67	20	38	0.66	92.41306	1
MRI_faces_137	1	7	2112.jpg	94.41334	12	999000	120	999000	999	95.43023	766.68	716.67	6	45	0.83	94.41334	1
MRI_faces_137	1	7	2110.jpg	98.41409	12	999000	120	999000	999	99.4311	766.68	716.67	17	44	0.67	98.41409	1
MRI_faces_137	1	7	1246.jpg	102.4096	24	999000	240	999000	999	103.4262	766.68	716.67	40	28	0.32	102.4096	1
MRI_faces_137	1	7	2229.jpg	105.4097	11	947.647	110	766.9622	98	106.4262	783.34	716.67	12	58	0.72	105.4097	1
MRI_faces_137	1	7	2010.jpg	110.4097	12	999000	120	999000	999	111.4262	783.34	716.67	16	32	0.69	110.4097	1
MRI_faces_137	1	7	1183.jpg	112.4097	24	999000	240	999000	999	113.4264	783.34	716.67	57	20	0.14	112.4097	1
MRI_faces_137	1	7	1192.jpg	115.4098	24	999000	240	999000	999	116.4264	783.34	716.67	58	22	0.13	115.4098	1
MRI_faces_137	1	7	2039.jpg	119.4099	12	999000	120	999000	999	120.4264	783.34	716.67	3	35	0.87	119.4099	1
MRI_faces_137	1	7	1146.jpg	122.4098	24	999000	240	999000	999	123.4265	783.34	716.67	43	17	0.32	122.4098	1
MRI_faces_137	1	8	2164.jpg	124.2187	11	987.6597	110	783.6922	98	125.2354	800.01	716.67	15	52	0.69	124.2187	1
MRI_faces_137	1	8	2045.jpg	129.2195	12	999000	120	999000	999	130.2364	800.01	716.67	20	38	0.66	129.2195	1
MRI_faces_137	1	8	2006.jpg	131.2198	11	986.5923	110	800.3125	98	132.2367	816.67	716.67	13	31	0.71	131.2198	1
MRI_faces_137	1	8	1262.jpg	134.2204	24	999000	240	999000	999	135.2372	816.67	716.67	55	30	0.2	134.2204	1
MRI_faces_137	1	8	2058.jpg	137.221	12	999000	120	999000	999	138.2377	816.67	716.67	19	40	0.66	137.221	1
MRI_faces_137	1	8	1080.jpg	144.2101	22	917.2661	220	716.9406	98	145.2268	816.67	733.34	53	12	0.23	144.2101	1
MRI_faces_137	1	8	1052.jpg	146.2102	24	999000	240	999000	999	147.227	816.67	733.34	49	9	0.25	146.2102	1
MRI_faces_137	1	8	2094.jpg	150.2102	24	999000	240	999000	999	151.2269	816.67	733.34	41	43	0.32	150.2102	1
MRI_faces_137	1	8	1150.jpg	152.2103	22	962.1088	220	733.611	98	153.2271	816.67	750	45	18	0.31	152.2103	1
MRI_faces_137	1	8	1127.jpg	157.2104	24	999000	240	999000	999	158.2271	816.67	750	54	14	0.21	157.2104	1
MRI_faces_137	1	8	2118.jpg	161.2105	12	999000	120	999000	999	162.2271	816.67	750	8	46	0.78	161.2105	1
MRI_faces_137	1	8	2089.jpg	163.2104	12	999000	120	999000	999	164.2273	816.67	750	5	42	0.83	163.2104	1
MRI_faces_137	1	8	1204.jpg	166.2105	22	966.86	220	750.3142	98	167.2271	816.67	766.67	52	24	0.24	166.2105	1
MRI_faces_137	1	8	1073.jpg	169.2106	12	999000	120	999000	999	170.2272	816.67	766.67	21	11	0.63	169.2106	1
MRI_faces_137	1	8	1146.jpg	173.2107	24	999000	240	999000	999	174.2274	816.67	766.67	43	17	0.32	173.2107	1
MRI_faces_137	1	8	1145.jpg	177.2113	24	999000	240	999000	999	178.2281	816.67	766.67	42	16	0.32	177.2113	1
MRI_faces_137	1	8	1183.jpg	181.2119	24	999000	240	999000	999	182.2288	816.67	766.67	57	20	0.14	181.2119	1
MRI_faces_137	1	8	2112.jpg	184.2126	12	999000	120	999000	999	185.2294	816.67	766.67	6	45	0.83	184.2126	1
MRI_faces_137	1	8	1130.jpg	187.213	24	999000	240	999000	999	188.23	816.67	766.67	56	15	0.2	187.213	1
MRI_faces_137	1	8	1017.jpg	190.2135	22	991.8935	220	766.9512	98	191.2303	816.67	783.34	47	3	0.27	190.2135	1
MRI_faces_137	1	8	2010.jpg	192.2139	12	999000	120	999000	999	193.2308	816.67	783.34	16	32	0.69	192.2139	1
MRI_faces_137	1	8	2053.jpg	195.2144	11	1037.958	1100	816.9356	98	196.2312	766.67	783.34	10	39	0.76	195.2144	1
MRI_faces_137	1	8	1019.jpg	197.2148	24	999000	240	999000	999	198.2317	766.67	783.34	51	4	0.24	197.2148	1
MRI_faces_137	1	8	1226.jpg	199.2152	22	1031.148	2200	783.6108	98	200.232	766.67	733.34	44	27	0.32	199.2152	1
MRI_faces_137	1	8	1060.jpg	201.2155	24	999000	240	999000	999	202.2324	766.67	733.34	48	10	0.26	201.2155	1
MRI_faces_137	1	8	1192.jpg	204.216	24	999000	240	999000	999	205.2328	766.67	733.34	58	22	0.13	204.216	1
MRI_faces_137	1	8	1202.jpg	208.2168	24	999000	240	999000	999	209.2335	766.67	733.34	39	23	0.39	208.2168	1
MRI_faces_137	1	8	1173.jpg	210.2171	24	999000	240	999000	999	211.2338	766.67	733.34	46	19	0.27	210.2171	1
MRI_faces_137	1	8	1191.jpg	212.2174	12	999000	120	999000	999	213.2343	766.67	733.34	22	21	0.63	212.2174	1
MRI_faces_137	1	8	2212.jpg	216.2182	12	999000	120	999000	999	217.235	766.67	733.34	4	56	0.85	216.2182	1
MRI_faces_137	1	8	2229.jpg	218.2185	11	1241.858	1100	767.0089	98	219.2353	716.67	733.34	12	58	0.72	218.2185	1
MRI_faces_137	1	8	1050.jpg	220.2189	22	1006.486	2200	733.6073	98	221.2356	716.67	683.34	50	8	0.24	220.2189	1
MRI_faces_137	1	8	2039.jpg	224.2195	12	999000	120	999000	999	225.2364	716.67	683.34	3	35	0.87	224.2195	1
MRI_faces_137	1	8	2024.jpg	228.2202	12	999000	120	999000	999	229.2371	716.67	683.34	11	34	0.73	228.2202	1
MRI_faces_137	1	8	2110.jpg	230.2206	12	999000	120	999000	999	231.2374	716.67	683.34	17	44	0.67	230.2206	1
MRI_faces_137	1	8	1246.jpg	232.2209	24	999000	240	999000	999	233.2378	716.67	683.34	40	28	0.32	232.2209	1
MRI_faces_137	1	8	1114.jpg	234.2213	11	918.0548	110	716.945	98	235.2381	733.34	683.34	18	13	0.66	234.2213	1
MRI_faces_137	1	8	2240.jpg	236.2216	12	999000	120	999000	999	237.2385	733.34	683.34	14	59	0.7	236.2216	1
MRI_faces_137	1	8	2209.jpg	242.2116	11	972.792	110	733.6226	98	243.2283	750.01	683.34	7	55	0.81	242.2116	1
MRI_faces_137	1	8	2181.jpg	244.2117	12	999000	120	999000	999	245.2284	750.01	683.34	9	53	0.77	244.2117	1
