subjectID	order	runNum	itemName	onsetTime	shuff_trialType	RT	respInTime	AudioTime	response	fixationTime	ladder1	ladder2	bidIndex	itemNameIndex	bidValue	onset	duration
MRI_faces_109	1	11	1226.jpg	2.379594	22	1154.714	2200	752.4376	98	3.396815	750.01	700	52	27	0.23	2.379594	1
MRI_faces_109	1	11	2094.jpg	7.379072	12	999000	120	999000	999	8.39573	750.01	700	4	43	0.84	7.379072	1
MRI_faces_109	1	11	2010.jpg	9.379441	12	999000	120	999000	999	10.39614	750.01	700	9	32	0.76	9.379441	1
MRI_faces_109	1	11	1050.jpg	12.37979	12	999000	120	999000	999	13.39666	750.01	700	6	8	0.79	12.37979	1
MRI_faces_109	1	11	1013.jpg	15.38028	11	976.0215	110	752.4106	98	16.39714	766.68	700	12	2	0.7	15.38028	1
MRI_faces_109	1	11	1052.jpg	22.38154	24	999000	240	999000	999	23.39844	766.68	700	57	9	0.2	22.38154	1
MRI_faces_109	1	11	1031.jpg	24.38189	11	927.4247	110	766.9662	98	25.39866	783.34	700	7	6	0.76	24.38189	1
MRI_faces_109	1	11	1027.jpg	28.38267	24	999000	240	999000	999	29.39948	783.34	700	39	5	0.39	28.38267	1
MRI_faces_109	1	11	1183.jpg	30.38297	24	999000	240	999000	999	31.39985	783.34	700	55	20	0.2	30.38297	1
MRI_faces_109	1	11	1246.jpg	35.38382	22	916.4914	220	701.7799	98	36.40064	783.34	716.67	44	28	0.31	35.38382	1
MRI_faces_109	1	11	1202.jpg	39.38457	12	999000	120	999000	999	40.40139	783.34	716.67	17	23	0.65	39.38457	1
MRI_faces_109	1	11	1216.jpg	41.38491	11	996.4044	110	783.6653	98	42.40178	800.01	716.67	15	26	0.69	41.38491	1
MRI_faces_109	1	11	1210.jpg	44.3854	12	999000	120	999000	999	45.40227	800.01	716.67	3	25	0.84	44.3854	1
MRI_faces_109	1	11	2125.jpg	47.38602	11	968.2778	110	800.2995	98	48.4028	816.68	716.67	10	47	0.74	47.38602	1
MRI_faces_109	1	11	1150.jpg	51.38672	24	999000	240	999000	999	52.40345	816.68	716.67	40	18	0.39	51.38672	1
MRI_faces_109	1	11	2153.jpg	55.38761	12	538.7189	12	999000	98	56.40422	816.68	716.67	19	50	0.63	55.38761	1
MRI_faces_109	1	11	1127.jpg	59.38026	24	999000	240	999000	999	60.39691	816.68	716.67	58	14	0.18	59.38026	1
MRI_faces_109	1	11	1204.jpg	62.38025	24	999000	240	999000	999	63.39694	816.68	716.67	54	24	0.21	62.38025	1
MRI_faces_109	1	11	2155.jpg	65.38034	24	999000	240	999000	999	66.39703	816.68	716.67	41	51	0.38	65.38034	1
MRI_faces_109	1	11	2194.jpg	68.3804	24	999000	240	999000	999	69.397	816.68	716.67	48	54	0.29	68.3804	1
MRI_faces_109	1	11	2229.jpg	70.38041	12	999000	120	999000	999	71.397	816.68	716.67	20	58	0.62	70.38041	1
MRI_faces_109	1	11	2058.jpg	73.38045	24	999000	240	999000	999	74.39711	816.68	716.67	46	40	0.3	73.38045	1
MRI_faces_109	1	11	2248.jpg	75.38049	11	1009.792	1100	816.9397	98	76.39838	766.68	716.67	18	60	0.64	75.38049	1
MRI_faces_109	1	11	2006.jpg	77.38048	12	999000	120	999000	999	78.39716	766.68	716.67	8	31	0.76	77.38048	1
MRI_faces_109	1	11	2212.jpg	79.38055	12	999000	120	999000	999	80.39723	766.68	716.67	16	56	0.66	79.38055	1
MRI_faces_109	1	11	2118.jpg	82.38061	12	999000	120	999000	999	83.39722	766.68	716.67	5	46	0.79	82.38061	1
MRI_faces_109	1	11	2041.jpg	86.38063	24	999000	240	999000	999	87.39732	766.68	716.67	56	36	0.2	86.38063	1
MRI_faces_109	1	11	2149.jpg	88.38061	24	999000	240	999000	999	89.39739	766.68	716.67	43	49	0.31	88.38061	1
MRI_faces_109	1	11	2128.jpg	90.3807	24	999000	240	999000	999	91.3973	766.68	716.67	49	48	0.25	90.3807	1
MRI_faces_109	1	11	2043.jpg	94.3807	22	978.6106	220	716.9327	98	95.39741	766.68	733.33	45	37	0.3	94.3807	1
MRI_faces_109	1	11	2063.jpg	96.38081	12	999000	120	999000	999	97.39745	766.68	733.33	11	41	0.73	96.38081	1
MRI_faces_109	1	11	1130.jpg	98.38078	22	925.5367	220	733.6404	98	99.39753	766.68	750	47	15	0.3	98.38078	1
MRI_faces_109	1	11	2112.jpg	102.3808	11	945.4754	110	766.9538	98	103.3975	783.34	750	13	45	0.69	102.3808	1
MRI_faces_109	1	11	2240.jpg	106.3809	22	941.4474	220	750.3029	98	107.3975	783.34	766.67	50	59	0.23	106.3809	1
MRI_faces_109	1	11	1060.jpg	108.381	24	999000	240	999000	999	109.3976	783.34	766.67	51	10	0.23	108.381	1
MRI_faces_109	1	11	2053.jpg	110.381	12	999000	120	999000	999	111.3977	783.34	766.67	21	39	0.61	110.381	1
MRI_faces_109	1	11	2110.jpg	112.3811	22	985.2452	220	766.9779	98	113.3977	783.34	783.33	53	44	0.22	112.3811	1
MRI_faces_109	1	11	1262.jpg	114.3811	12	999000	120	999000	999	115.3978	783.34	783.33	14	30	0.69	114.3811	1
MRI_faces_109	1	11	2024.jpg	120.3821	24	424.2078	24	999000	98	121.399	783.34	783.33	42	34	0.33	120.3821	1
MRI_faces_109	1	11	2181.jpg	122.3825	12	999000	120	999000	999	123.3993	783.34	783.33	22	53	0.6	122.3825	1
MRI_faces_109	1	12	2149.jpg	124.1495	24	999000	240	999000	999	125.1664	783.34	783.33	43	49	0.31	124.1495	1
MRI_faces_109	1	12	1013.jpg	128.1502	11	987.0937	110	783.6373	98	129.1671	800.01	783.33	12	2	0.7	128.1502	1
MRI_faces_109	1	12	2112.jpg	130.1506	11	1038.72	1100	800.263	98	131.1674	750.01	783.33	13	45	0.69	130.1506	1
MRI_faces_109	1	12	2006.jpg	135.1514	12	999000	120	999000	999	136.1682	750.01	783.33	8	31	0.76	135.1514	1
MRI_faces_109	1	12	2053.jpg	137.1517	12	999000	120	999000	999	138.1685	750.01	783.33	21	39	0.61	137.1517	1
MRI_faces_109	1	12	1216.jpg	139.1522	11	1026.151	1100	750.2878	98	140.169	700.01	783.33	15	26	0.69	139.1522	1
MRI_faces_109	1	12	2041.jpg	143.1528	24	999000	240	999000	999	144.1698	700.01	783.33	56	36	0.2	143.1528	1
MRI_faces_109	1	12	1262.jpg	145.1531	12	999000	120	999000	999	146.17	700.01	783.33	14	30	0.69	145.1531	1
MRI_faces_109	1	12	1246.jpg	147.1535	22	1129.782	2200	783.6484	98	148.1705	700.01	733.33	44	28	0.31	147.1535	1
MRI_faces_109	1	12	2058.jpg	150.154	24	999000	240	999000	999	151.1709	700.01	733.33	46	40	0.3	150.154	1
MRI_faces_109	1	12	1031.jpg	152.1544	11	986.936	110	700.2754	98	153.1712	716.67	733.33	7	6	0.76	152.1544	1
MRI_faces_109	1	12	2110.jpg	156.1552	22	984.1669	220	733.6185	98	157.1721	716.67	750	53	44	0.22	156.1552	1
MRI_faces_109	1	12	2212.jpg	162.1562	12	999000	120	999000	999	163.173	716.67	750	16	56	0.66	162.1562	1
MRI_faces_109	1	12	1202.jpg	165.1568	12	999000	120	999000	999	166.1736	716.67	750	17	23	0.65	165.1568	1
MRI_faces_109	1	12	2010.jpg	167.157	12	999000	120	999000	999	168.1738	716.67	750	9	32	0.76	167.157	1
MRI_faces_109	1	12	1060.jpg	169.1574	24	999000	240	999000	999	170.1742	716.67	750	51	10	0.23	169.1574	1
MRI_faces_109	1	12	2153.jpg	171.1577	12	999000	120	999000	999	172.1746	716.67	750	19	50	0.63	171.1577	1
MRI_faces_109	1	12	2043.jpg	173.1581	22	999000	2	750.2635	999	174.1749	716.67	700	45	37	0.3	173.1581	1
MRI_faces_109	1	12	2248.jpg	176.1586	11	1056.745	1100	716.9504	98	177.1754	666.67	700	18	60	0.64	176.1586	1
MRI_faces_109	1	12	2155.jpg	180.1593	24	999000	240	999000	999	181.1761	666.67	700	41	51	0.38	180.1593	1
MRI_faces_109	1	12	2128.jpg	183.1488	24	999000	240	999000	999	184.1653	666.67	700	49	48	0.25	183.1488	1
MRI_faces_109	1	12	1226.jpg	187.1488	22	918.4712	220	700.2588	98	188.1655	666.67	716.66	52	27	0.23	187.1488	1
MRI_faces_109	1	12	2229.jpg	192.1488	12	999000	120	999000	999	193.1656	666.67	716.66	20	58	0.62	192.1488	1
MRI_faces_109	1	12	1130.jpg	196.1489	22	883.3845	220	716.924	98	197.1655	666.67	733.33	47	15	0.3	196.1489	1
MRI_faces_109	1	12	1183.jpg	199.149	24	999000	240	999000	999	200.1656	666.67	733.33	55	20	0.2	199.149	1
MRI_faces_109	1	12	2118.jpg	201.149	12	999000	120	999000	999	202.1656	666.67	733.33	5	46	0.79	201.149	1
MRI_faces_109	1	12	2063.jpg	203.149	12	999000	120	999000	999	204.1657	666.67	733.33	11	41	0.73	203.149	1
MRI_faces_109	1	12	2181.jpg	210.1491	12	999000	120	999000	999	211.1657	666.67	733.33	22	53	0.6	210.1491	1
MRI_faces_109	1	12	1052.jpg	213.1492	24	999000	240	999000	999	214.1658	666.67	733.33	57	9	0.2	213.1492	1
MRI_faces_109	1	12	2024.jpg	215.1492	24	999000	240	999000	999	216.1658	666.67	733.33	42	34	0.33	215.1492	1
MRI_faces_109	1	12	2094.jpg	219.1495	12	999000	120	999000	999	220.1664	666.67	733.33	4	43	0.84	219.1495	1
MRI_faces_109	1	12	2240.jpg	221.1499	22	999000	2	733.5963	999	222.1666	666.67	683.33	50	59	0.23	221.1499	1
MRI_faces_109	1	12	1210.jpg	224.1503	12	999000	120	999000	999	225.1672	666.67	683.33	3	25	0.84	224.1503	1
MRI_faces_109	1	12	1204.jpg	226.1508	24	999000	240	999000	999	227.1675	666.67	683.33	54	24	0.21	226.1508	1
MRI_faces_109	1	12	1050.jpg	230.1514	12	999000	120	999000	999	231.1682	666.67	683.33	6	8	0.79	230.1514	1
MRI_faces_109	1	12	1027.jpg	232.1518	24	999000	240	999000	999	233.1685	666.67	683.33	39	5	0.39	232.1518	1
MRI_faces_109	1	12	1127.jpg	236.1525	24	999000	240	999000	999	237.1693	666.67	683.33	58	14	0.18	236.1525	1
MRI_faces_109	1	12	1150.jpg	239.153	24	999000	240	999000	999	240.1699	666.67	683.33	40	18	0.39	239.153	1
MRI_faces_109	1	12	2194.jpg	241.1534	24	999000	240	999000	999	242.1702	666.67	683.33	48	54	0.29	241.1534	1
MRI_faces_109	1	12	2125.jpg	244.1539	11	907.3818	110	666.9582	98	245.1706	683.34	683.33	10	47	0.74	244.1539	1
