subjectID	order	runNum	itemName	onsetTime	shuff_trialType	RT	respInTime	AudioTime	response	fixationTime	ladder1	ladder2	bidIndex	itemNameIndex	bidValue	onset	duration
MRI_faces_136	2	15	1246.jpg	2.412482	24	999000	240	999000	999	3.429935	816.66	816.65	41	28	0.4	2.412482	1
MRI_faces_136	2	15	2094.jpg	7.395642	22	1010.884	2200	818.51	98	8.41328	816.66	766.65	48	43	0.34	7.395642	1
MRI_faces_136	2	15	1060.jpg	9.395706	24	999000	240	999000	999	10.41252	816.66	766.65	53	10	0.26	9.395706	1
MRI_faces_136	2	15	2240.jpg	12.39619	24	999000	240	999000	999	13.41296	816.66	766.65	55	59	0.23	12.39619	1
MRI_faces_136	2	15	2039.jpg	15.39675	11	1021.728	1100	818.3979	98	16.41357	766.66	766.65	16	35	0.65	15.39675	1
MRI_faces_136	2	15	1192.jpg	22.398	22	980.539	220	766.9314	98	23.41486	766.66	783.32	43	22	0.38	22.398	1
MRI_faces_136	2	15	1202.jpg	24.39833	11	1027.155	1100	766.9237	98	25.41515	716.66	783.32	14	23	0.67	24.39833	1
MRI_faces_136	2	15	2209.jpg	28.39907	12	999000	120	999000	999	29.41586	716.66	783.32	10	55	0.73	28.39907	1
MRI_faces_136	2	15	2058.jpg	30.39942	24	999000	240	999000	999	31.41625	716.66	783.32	42	40	0.39	30.39942	1
MRI_faces_136	2	15	1191.jpg	35.4003	12	999000	120	999000	999	36.41732	716.66	783.32	5	21	0.82	35.4003	1
MRI_faces_136	2	15	2110.jpg	39.40095	24	999000	240	999000	999	40.41778	716.66	783.32	56	44	0.16	39.40095	1
MRI_faces_136	2	15	2128.jpg	41.40129	11	904.1992	110	716.9556	98	42.41824	733.33	783.32	17	48	0.65	41.40129	1
MRI_faces_136	2	15	1017.jpg	44.40182	24	999000	240	999000	999	45.41866	733.33	783.32	58	3	0.13	44.40182	1
MRI_faces_136	2	15	1183.jpg	47.40236	12	999000	120	999000	999	48.41921	733.33	783.32	21	20	0.57	47.40236	1
MRI_faces_136	2	15	2063.jpg	51.40305	12	999000	120	999000	999	52.41994	733.33	783.32	13	41	0.68	51.40305	1
MRI_faces_136	2	15	2229.jpg	55.40383	11	919.6487	110	733.6006	98	56.42061	749.99	783.32	11	58	0.69	55.40383	1
MRI_faces_136	2	15	2043.jpg	59.40446	11	938.0173	110	750.2776	98	60.42144	766.66	783.32	8	37	0.79	59.40446	1
MRI_faces_136	2	15	1035.jpg	62.405	12	999000	120	999000	999	63.42198	766.66	783.32	6	7	0.81	62.405	1
MRI_faces_136	2	15	2153.jpg	65.4056	12	999000	120	999000	999	66.42229	766.66	783.32	19	50	0.59	65.4056	1
MRI_faces_136	2	15	2041.jpg	68.40606	24	999000	240	999000	999	69.42294	766.66	783.32	45	36	0.36	68.40606	1
MRI_faces_136	2	15	2181.jpg	70.40641	12	999000	120	999000	999	71.4232	766.66	783.32	12	53	0.69	70.40641	1
MRI_faces_136	2	15	2218.jpg	73.4071	24	999000	240	999000	999	74.42376	766.66	783.32	39	57	0.43	73.4071	1
MRI_faces_136	2	15	2010.jpg	75.40735	22	969.1413	220	783.6673	98	76.42418	766.66	799.98	46	32	0.35	75.40735	1
MRI_faces_136	2	15	1216.jpg	77.40763	12	999000	120	999000	999	78.42446	766.66	799.98	18	26	0.61	77.40763	1
MRI_faces_136	2	15	1210.jpg	79.40794	24	999000	240	999000	999	80.42483	766.66	799.98	40	25	0.41	79.40794	1
MRI_faces_136	2	15	2118.jpg	82.40852	12	999000	120	999000	999	83.42548	766.66	799.98	3	46	0.85	82.40852	1
MRI_faces_136	2	15	2194.jpg	86.39694	24	999000	240	999000	999	87.41352	766.66	799.98	50	54	0.3	86.39694	1
MRI_faces_136	2	15	1073.jpg	88.39694	12	999000	120	999000	999	89.41357	766.66	799.98	15	11	0.66	88.39694	1
MRI_faces_136	2	15	1150.jpg	90.39693	24	999000	240	999000	999	91.41359	766.66	799.98	52	18	0.27	90.39693	1
MRI_faces_136	2	15	1127.jpg	94.39695	22	731.5299	22	800.2689	98	95.41367	766.66	816.65	49	14	0.31	94.39695	1
MRI_faces_136	2	15	1050.jpg	96.39699	24	999000	240	999000	999	97.41362	766.66	816.65	47	8	0.34	96.39699	1
MRI_faces_136	2	15	2149.jpg	98.397	22	985.4826	220	816.9152	98	99.41377	766.66	833.32	51	49	0.28	98.397	1
MRI_faces_136	2	15	2212.jpg	102.3971	11	919.3683	110	766.9485	98	103.4138	783.33	833.32	9	56	0.76	102.3971	1
MRI_faces_136	2	15	1262.jpg	106.3971	24	999000	240	999000	999	107.4139	783.33	833.32	44	30	0.37	106.3971	1
MRI_faces_136	2	15	2045.jpg	108.3971	22	1100.338	2200	833.593	98	109.4136	783.33	783.32	54	38	0.25	108.3971	1
MRI_faces_136	2	15	1052.jpg	110.3973	12	999000	120	999000	999	111.4139	783.33	783.32	22	9	0.56	110.3973	1
MRI_faces_136	2	15	2015.jpg	112.3973	12	999000	120	999000	999	113.414	783.33	783.32	4	33	0.85	112.3973	1
MRI_faces_136	2	15	2155.jpg	114.3975	24	999000	240	999000	999	115.4142	783.33	783.32	57	51	0.13	114.3975	1
MRI_faces_136	2	15	1146.jpg	120.3985	12	999000	120	999000	999	121.4154	783.33	783.32	20	17	0.58	120.3985	1
MRI_faces_136	2	15	2248.jpg	122.3989	12	999000	120	999000	999	123.4157	783.33	783.32	7	60	0.8	122.3989	1
MRI_faces_136	2	16	2015.jpg	124.1992	12	999000	120	999000	999	125.216	783.33	783.32	4	33	0.85	124.1992	1
MRI_faces_136	2	16	2118.jpg	126.1996	12	999000	120	999000	999	127.2163	783.33	783.32	3	46	0.85	126.1996	1
MRI_faces_136	2	16	2240.jpg	129.2001	24	999000	240	999000	999	130.2169	783.33	783.32	55	59	0.23	129.2001	1
MRI_faces_136	2	16	2212.jpg	132.2006	11	942.869	110	783.6207	98	133.2176	800	783.32	9	56	0.76	132.2006	1
MRI_faces_136	2	16	1246.jpg	134.2009	24	999000	240	999000	999	135.2178	800	783.32	41	28	0.4	134.2009	1
MRI_faces_136	2	16	2043.jpg	138.2016	11	983.833	110	800.2547	98	139.2184	816.66	783.32	8	37	0.79	138.2016	1
MRI_faces_136	2	16	1210.jpg	143.2026	24	999000	240	999000	999	144.2194	816.66	783.32	40	25	0.41	143.2026	1
MRI_faces_136	2	16	1060.jpg	145.2028	24	999000	240	999000	999	146.2197	816.66	783.32	53	10	0.26	145.2028	1
MRI_faces_136	2	16	1127.jpg	148.2034	22	965.1335	220	783.6248	98	149.2202	816.66	799.99	49	14	0.31	148.2034	1
MRI_faces_136	2	16	2155.jpg	150.2038	24	999000	240	999000	999	151.2206	816.66	799.99	57	51	0.13	150.2038	1
MRI_faces_136	2	16	1035.jpg	156.1979	12	999000	120	999000	999	157.2145	816.66	799.99	6	7	0.81	156.1979	1
MRI_faces_136	2	16	2039.jpg	159.198	11	999.5142	110	816.9383	98	160.2146	833.33	799.99	16	35	0.65	159.198	1
MRI_faces_136	2	16	2153.jpg	164.1981	12	999000	120	999000	999	165.2146	833.33	799.99	19	50	0.59	164.1981	1
MRI_faces_136	2	16	2110.jpg	166.1981	24	999000	240	999000	999	167.2147	833.33	799.99	56	44	0.16	166.1981	1
MRI_faces_136	2	16	1050.jpg	168.198	24	999000	240	999000	999	169.2147	833.33	799.99	47	8	0.34	168.198	1
MRI_faces_136	2	16	1146.jpg	172.1982	12	999000	120	999000	999	173.2149	833.33	799.99	20	17	0.58	172.1982	1
MRI_faces_136	2	16	2149.jpg	174.1982	22	963.258	220	800.2398	98	175.2148	833.33	816.65	51	49	0.28	174.1982	1
MRI_faces_136	2	16	2128.jpg	177.1982	11	1032.265	1100	833.5976	98	178.2254	783.33	816.65	17	48	0.65	177.1982	1
MRI_faces_136	2	16	1192.jpg	180.1982	22	1022.287	2200	816.9097	98	181.215	783.33	766.65	43	22	0.38	180.1982	1
MRI_faces_136	2	16	2218.jpg	183.1983	24	999000	240	999000	999	184.215	783.33	766.65	39	57	0.43	183.1983	1
MRI_faces_136	2	16	1017.jpg	185.1984	24	999000	240	999000	999	186.215	783.33	766.65	58	3	0.13	185.1984	1
MRI_faces_136	2	16	1150.jpg	189.1982	24	999000	240	999000	999	190.215	783.33	766.65	52	18	0.27	189.1982	1
MRI_faces_136	2	16	2229.jpg	191.1984	11	949.0282	110	783.5734	98	192.2151	800	766.65	11	58	0.69	191.1984	1
MRI_faces_136	2	16	2209.jpg	193.1985	12	999000	120	999000	999	194.2151	800	766.65	10	55	0.73	193.1985	1
MRI_faces_136	2	16	2248.jpg	195.1985	12	999000	120	999000	999	196.2151	800	766.65	7	60	0.8	195.1985	1
MRI_faces_136	2	16	2041.jpg	197.1985	24	999000	240	999000	999	198.2152	800	766.65	45	36	0.36	197.1985	1
MRI_faces_136	2	16	1262.jpg	201.1987	24	999000	240	999000	999	202.2152	800	766.65	44	30	0.37	201.1987	1
MRI_faces_136	2	16	1191.jpg	205.1984	12	999000	120	999000	999	206.2154	800	766.65	5	21	0.82	205.1984	1
MRI_faces_136	2	16	1216.jpg	209.1984	12	999000	120	999000	999	210.2154	800	766.65	18	26	0.61	209.1984	1
MRI_faces_136	2	16	1073.jpg	212.1988	12	999000	120	999000	999	213.2154	800	766.65	15	11	0.66	212.1988	1
MRI_faces_136	2	16	2194.jpg	214.1988	24	999000	240	999000	999	215.2155	800	766.65	50	54	0.3	214.1988	1
MRI_faces_136	2	16	2181.jpg	216.1988	12	999000	120	999000	999	217.2155	800	766.65	12	53	0.69	216.1988	1
MRI_faces_136	2	16	1202.jpg	218.1991	11	1025.425	1100	800.2679	98	219.2159	750	766.65	14	23	0.67	218.1991	1
MRI_faces_136	2	16	2010.jpg	220.1994	22	923.1387	220	767.0034	98	221.2164	750	783.32	46	32	0.35	220.1994	1
MRI_faces_136	2	16	1183.jpg	224.2001	12	999000	120	999000	999	225.2171	750	783.32	21	20	0.57	224.2001	1
MRI_faces_136	2	16	2058.jpg	226.2004	24	999000	240	999000	999	227.2172	750	783.32	42	40	0.39	226.2004	1
MRI_faces_136	2	16	2063.jpg	233.2016	12	999000	120	999000	999	234.2185	750	783.32	13	41	0.68	233.2016	1
MRI_faces_136	2	16	1052.jpg	237.2024	12	999000	120	999000	999	238.2191	750	783.32	22	9	0.56	237.2024	1
MRI_faces_136	2	16	2045.jpg	240.2031	22	973.4273	220	783.6072	98	241.2197	750	799.99	54	38	0.25	240.2031	1
MRI_faces_136	2	16	2094.jpg	244.2036	22	951.9273	220	800.2593	98	245.2205	750	816.65	48	43	0.34	244.2036	1
